60 4
32 623 623 1 7
99 242 242 5 1
81 434 434 10 9
7 554 554 4 5
60 383 383 7 1
84 304 304 5 6
93 592 592 9 6
56 343 343 6 3
44 459 459 6 4
26 304 304 10 2
38 351 351 3 8
56 591 591 9 8
67 298 298 5 9
41 554 554 2 7
17 326 326 2 8
68 259 259 5 9
57 282 282 6 3
83 556 556 8 8
100 403 403 4 4
24 655 655 5 4
54 249 249 4 8
85 475 475 5 6
60 543 543 10 5
1 538 538 4 10
97 519 519 10 7
53 341 341 7 2
82 295 295 8 9
9 232 232 7 3
26 561 561 5 10
53 375 375 2 10
79 337 337 8 6
54 469 469 2 10
8 387 387 4 3
68 613 613 5 6
17 587 587 7 4
55 356 356 1 5
7 617 617 9 1
32 227 227 2 5
12 227 227 5 5
80 437 437 4 1
76 338 338 8 8
11 377 377 5 5
81 426 426 8 3
4 497 497 10 5
34 611 611 8 2
69 570 570 7 9
87 619 619 2 7
62 242 242 9 4
85 619 619 10 7
55 275 275 6 3
67 548 548 9 10
82 646 646 2 7
92 388 388 10 5
15 609 609 10 2
68 321 321 9 3
74 330 330 2 9
60 478 478 5 9
38 382 382 8 5
62 484 484 10 9
97 403 403 3 4
SETUP
0 20 11 26 40 8 22 10 24 30 35 18 21 14 19 12 12 13 19 18 19 26 43 29 31 28 31 22 25 25 30 29 25 17 28 32 31 14 34 34 36 28 20 30 15 37 33 27 27 21 34 35 35 34 17 29 33 13 30 19 31
0 0 26 33 40 35 26 21 23 47 21 18 36 25 19 12 27 13 19 14 25 21 31 28 38 31 12 28 21 32 13 9 25 26 31 32 22 23 16 40 35 28 28 18 22 26 23 16 22 24 22 23 31 38 17 29 33 19 27 27 18
0 9 0 21 35 24 15 9 14 35 29 10 28 12 8 1 1 3 8 8 12 18 32 18 34 17 20 21 17 14 21 18 17 6 17 21 21 3 24 23 25 27 9 19 22 28 25 19 19 10 23 24 24 27 7 18 22 6 28 8 21
0 29 33 0 27 41 26 34 35 44 26 35 51 27 28 26 26 24 30 33 37 40 27 38 54 24 34 38 32 29 35 38 32 22 25 43 36 18 39 52 47 42 24 47 40 45 40 34 24 27 41 32 32 38 28 10 44 31 18 23 36
0 39 36 50 0 44 22 43 25 52 39 40 53 34 43 36 36 38 43 32 42 38 43 34 54 34 29 44 31 36 30 45 38 28 34 27 33 38 34 54 52 47 26 48 39 43 34 33 31 45 47 31 39 34 13 34 39 36 35 30 35
0 39 41 39 39 0 28 30 26 54 39 32 26 27 21 31 34 15 20 32 34 19 36 22 46 36 46 30 37 25 36 35 23 29 35 33 39 32 41 45 40 42 31 43 31 39 34 38 19 26 36 37 40 40 19 22 35 28 40 31 26
0 32 32 34 47 37 0 32 24 45 41 32 42 26 27 26 25 27 32 21 26 18 51 37 39 27 41 28 28 28 20 24 30 20 26 37 12 17 37 38 33 26 23 27 23 23 23 17 10 35 31 33 35 12 31 37 31 31 37 22 34
0 17 24 31 37 16 17 0 21 38 26 30 41 5 11 9 24 10 16 23 35 26 36 21 37 31 24 13 26 25 22 21 27 24 19 29 28 26 29 35 31 19 24 30 30 28 32 25 26 21 31 26 34 28 14 22 24 29 30 26 30
0 19 15 25 35 24 16 24 0 32 39 25 32 9 20 13 15 14 20 18 27 29 43 30 37 14 24 36 28 11 25 28 13 3 14 33 27 18 28 38 37 28 6 31 34 29 31 28 25 25 22 36 21 27 18 30 34 21 39 5 30
0 27 33 22 30 36 20 21 21 0 20 26 38 24 26 19 18 20 26 10 28 16 49 35 27 31 38 17 4 30 8 36 31 22 31 36 25 19 35 26 21 32 23 40 11 38 12 5 17 28 38 39 39 32 24 31 37 22 39 24 21
0 28 24 41 43 30 24 15 20 42 0 29 42 19 25 23 24 19 25 9 21 35 42 34 38 23 39 28 37 31 34 36 33 23 23 33 22 27 35 47 44 33 26 38 22 19 33 38 33 30 42 40 31 36 23 35 39 27 30 25 44
0 36 40 34 34 42 25 28 28 50 20 0 18 31 34 30 29 31 31 17 22 24 31 17 31 31 15 25 24 21 15 45 8 29 31 43 24 26 19 34 37 32 30 22 25 29 25 19 22 31 26 37 38 34 35 18 37 22 41 31 20
0 42 42 44 54 48 42 33 38 54 18 47 0 35 43 39 42 37 42 27 39 42 54 48 54 40 50 45 47 37 33 50 40 41 40 39 40 44 52 54 54 51 32 49 40 36 43 37 42 48 45 47 48 48 41 49 52 45 48 31 54
0 13 19 29 39 31 19 22 17 34 33 29 45 0 12 5 20 6 11 19 31 22 36 21 37 27 24 32 28 25 18 22 27 20 14 25 30 22 27 33 29 33 23 30 25 31 27 21 22 17 27 28 31 31 10 22 26 25 32 22 30
0 27 33 20 27 25 26 10 28 43 27 27 36 14 0 19 22 20 25 20 28 30 25 10 26 36 34 23 33 14 29 31 16 31 24 38 38 29 38 24 20 28 32 40 22 37 29 27 16 31 25 33 41 38 24 11 34 22 36 33 21
0 8 15 25 35 33 15 17 13 44 29 25 41 21 8 0 15 2 7 22 27 18 32 17 33 26 20 28 24 21 21 17 23 16 26 20 26 18 23 29 24 29 18 26 21 27 27 24 18 13 23 24 27 27 6 18 22 21 27 18 26
0 9 16 20 35 24 15 9 13 45 29 10 28 13 8 1 0 2 8 7 12 18 32 18 34 27 20 21 18 16 21 18 18 16 27 21 26 18 23 30 25 27 19 26 22 27 25 19 19 10 23 24 28 26 6 18 22 6 28 18 26
0 30 26 26 33 31 13 16 11 43 30 29 42 20 6 24 26 0 6 26 30 16 30 16 32 25 35 27 23 19 26 20 21 14 25 19 25 20 26 30 25 34 17 29 20 26 26 24 17 12 30 22 26 25 4 16 20 28 26 16 27
0 27 40 30 46 32 26 27 31 45 35 24 41 31 29 25 25 27 0 23 25 39 49 39 42 25 38 22 27 16 31 15 18 28 26 41 31 25 34 31 48 33 31 24 34 45 29 28 32 6 27 29 20 37 31 39 35 29 33 30 42
0 27 26 32 35 27 20 11 12 43 37 22 40 15 22 19 19 21 26 0 24 36 40 26 48 25 35 24 30 22 32 32 25 15 25 39 31 29 26 46 41 29 17 41 37 38 37 31 29 29 34 37 32 32 25 26 35 18 41 16 37
0 29 35 37 42 34 4 35 27 44 28 9 26 29 30 28 28 30 35 25 0 21 40 25 40 24 23 31 31 29 23 27 16 23 25 40 15 20 27 41 36 29 26 30 26 20 26 20 13 37 34 36 32 15 34 26 34 24 40 25 23
0 30 27 33 39 34 16 22 32 36 25 22 29 23 24 22 21 23 29 26 24 0 47 34 40 25 28 12 20 25 24 33 25 17 17 40 27 14 33 47 42 28 17 42 27 32 24 21 1 31 23 36 28 21 27 35 34 18 35 19 17
0 28 34 45 15 28 25 24 25 30 39 35 43 28 28 32 32 34 39 14 35 20 0 38 37 23 40 27 34 34 12 37 36 26 11 42 28 22 39 52 47 42 24 44 21 31 22 15 21 42 36 45 31 30 27 23 43 31 49 28 36
0 21 28 18 18 36 22 21 19 42 18 17 35 24 20 13 13 15 20 11 19 23 15 0 30 29 28 28 24 4 20 30 6 22 22 32 33 20 30 40 37 21 23 38 23 36 19 17 6 23 15 23 31 33 19 1 27 13 27 24 11
0 30 27 41 9 35 27 35 34 43 44 37 44 38 35 28 27 29 34 34 32 45 38 42 0 25 35 39 37 33 36 39 36 33 25 36 38 30 40 49 51 50 17 45 44 50 43 38 36 24 45 36 33 39 22 43 34 32 40 35 41
0 5 23 26 27 17 2 26 26 20 26 23 40 20 17 17 23 18 17 19 24 20 36 26 38 0 17 28 15 23 18 14 25 15 1 29 14 19 21 40 35 28 14 23 22 25 22 16 12 23 27 25 8 14 22 27 23 24 28 17 23
0 24 26 22 28 28 16 14 14 36 26 12 29 17 20 22 22 23 17 3 13 10 20 28 27 19 0 16 10 23 1 32 19 15 19 30 10 12 5 28 23 24 16 26 11 15 11 5 10 17 30 31 27 28 27 29 29 8 32 17 6
0 23 31 37 46 25 4 10 28 47 13 31 46 14 21 18 29 20 25 22 22 22 45 31 43 30 34 0 32 27 23 28 29 24 28 38 15 21 38 41 37 28 22 31 27 27 27 21 13 31 35 35 37 16 24 31 33 34 39 21 38
0 23 29 35 32 32 17 17 17 33 17 24 42 21 22 15 15 17 22 6 26 13 46 31 24 27 35 13 0 26 5 32 29 18 28 32 22 15 32 40 35 28 20 37 8 35 8 2 13 25 35 35 35 29 21 32 33 20 39 20 29
0 18 24 14 35 33 24 17 15 45 33 19 37 21 17 10 9 11 16 7 20 27 39 26 26 25 25 30 25 0 22 27 3 18 25 29 35 26 26 38 34 18 21 35 30 36 20 25 17 19 12 25 28 35 15 24 23 15 29 20 30
0 28 25 34 35 28 19 13 13 35 28 24 37 17 21 21 21 22 28 2 26 9 42 27 26 23 34 16 25 22 0 34 24 14 24 37 29 11 27 43 38 30 15 42 10 40 10 4 9 30 31 34 31 30 26 28 32 20 37 16 25
0 12 38 40 40 45 31 30 30 39 22 9 27 33 30 23 29 25 30 19 30 27 35 25 32 35 23 27 15 29 19 0 17 31 35 30 21 28 20 43 46 19 33 9 22 37 22 16 23 33 13 14 22 33 29 26 25 30 18 33 29
0 28 41 41 33 40 25 46 36 42 43 30 42 37 38 39 41 41 40 35 32 41 39 47 24 23 39 42 29 39 33 37 0 31 23 38 36 28 24 40 54 27 31 45 36 46 36 30 15 41 21 34 31 37 39 32 32 26 38 33 45
0 16 12 22 32 21 13 21 23 29 36 22 30 6 17 10 13 12 17 15 24 26 40 27 34 11 21 33 25 8 22 25 11 0 11 30 24 15 25 35 34 25 3 31 31 26 28 26 22 22 20 33 18 25 16 28 31 18 36 2 27
0 18 23 38 39 17 15 27 30 20 38 32 40 32 18 23 23 25 29 29 24 32 42 27 43 13 29 36 23 31 27 26 33 27 0 41 18 25 29 42 37 40 13 33 30 30 31 24 24 33 37 37 20 19 29 28 35 28 41 29 35
0 22 19 34 39 28 19 20 13 36 24 29 36 18 27 20 19 21 26 9 30 16 38 27 33 17 28 23 16 20 8 31 15 12 18 0 13 18 32 41 44 37 10 28 17 38 18 11 17 29 31 16 24 31 25 27 14 25 19 14 32
0 22 27 34 47 36 26 22 13 35 39 24 41 21 22 14 14 16 21 21 23 28 41 31 39 26 34 29 31 23 20 31 25 15 26 34 0 30 26 39 38 26 18 16 23 41 24 17 29 24 20 31 33 38 20 32 31 19 35 17 39
0 19 16 25 35 24 16 20 18 32 31 23 33 9 11 13 16 15 20 19 25 27 35 20 36 14 24 27 15 12 19 28 14 4 14 33 18 0 29 35 30 29 6 33 22 29 22 16 25 26 23 36 22 28 19 21 34 19 40 6 18
0 36 43 26 24 41 40 26 34 45 43 32 33 30 16 28 28 29 28 26 37 35 15 26 41 38 43 38 43 19 27 29 21 36 26 47 43 37 0 40 35 36 39 37 36 46 36 30 31 34 30 42 46 45 33 26 41 31 43 38 30
0 28 30 26 18 25 12 22 23 36 30 25 12 26 29 21 21 23 28 11 32 30 47 37 38 36 28 35 31 12 29 17 14 25 36 24 24 29 32 0 45 29 28 26 35 34 32 29 22 31 23 31 39 24 27 35 35 26 34 27 34
0 30 34 1 23 30 17 27 28 41 27 30 17 28 29 26 26 25 30 16 37 31 28 39 43 25 33 18 33 17 34 22 19 22 25 29 29 19 37 5 0 34 25 30 40 39 36 34 25 27 28 33 33 29 17 11 40 31 19 24 37
0 21 30 33 29 33 18 25 24 36 16 30 43 17 24 21 23 22 25 14 22 21 27 34 32 16 33 21 8 30 12 30 26 23 17 12 24 23 12 45 40 0 21 35 16 34 16 10 21 31 40 8 16 27 26 35 6 28 12 25 29
0 13 10 30 30 18 10 18 23 27 33 20 27 21 18 11 10 12 17 17 21 28 38 27 38 8 19 31 23 24 19 22 26 16 9 31 22 13 23 32 34 35 0 29 29 33 29 23 19 20 33 33 16 22 16 28 31 16 36 18 24
0 23 34 37 32 43 29 33 24 30 24 32 43 27 27 26 26 28 33 22 32 29 26 36 24 27 30 29 17 29 21 24 32 22 27 22 12 19 11 50 46 11 25 0 22 30 24 18 29 24 5 16 24 30 23 37 16 31 20 24 36
0 41 32 36 25 51 31 38 37 26 36 37 51 37 39 33 32 34 26 34 42 41 47 48 16 37 51 41 29 35 33 41 37 38 37 32 25 35 32 51 46 21 33 40 0 54 36 30 40 32 45 28 36 43 38 45 26 38 32 40 46
0 10 23 28 24 14 7 16 21 24 30 18 35 20 16 9 8 10 15 15 18 24 40 25 41 5 21 22 19 24 22 19 25 19 5 28 18 23 26 37 32 32 18 27 27 0 27 21 16 18 31 29 13 19 14 26 27 13 33 21 27
0 29 27 35 37 30 21 15 15 37 30 26 36 18 23 21 21 22 28 4 27 11 42 28 28 25 35 17 27 24 2 36 26 16 25 39 23 13 29 44 39 32 17 39 12 42 0 6 11 30 33 35 33 31 26 28 33 22 37 18 27
0 31 28 35 31 31 16 16 16 32 25 27 40 19 24 24 24 25 30 5 29 12 45 30 22 26 36 12 22 25 3 37 27 17 26 38 27 14 30 39 34 27 18 42 7 38 7 0 12 33 34 34 34 27 29 31 32 23 38 19 28
0 30 27 38 46 33 27 34 32 36 35 36 44 22 24 27 27 28 33 25 38 32 48 33 40 25 35 32 19 25 23 39 27 17 17 47 31 14 40 48 43 42 17 45 27 43 26 21 0 37 36 49 33 35 32 34 47 32 35 19 31
0 25 34 24 44 36 20 21 25 39 29 18 36 25 27 19 19 21 26 17 19 37 48 34 36 20 32 16 34 10 31 33 12 28 20 38 31 36 36 34 43 27 30 39 40 39 30 35 27 0 21 35 27 31 25 33 33 23 38 30 38
0 27 30 39 27 38 24 31 30 42 22 35 47 22 25 27 29 24 29 20 27 27 33 34 19 22 38 27 14 26 18 36 28 18 22 18 30 15 18 49 44 6 20 41 22 25 22 16 27 20 0 14 22 25 18 35 12 34 17 20 32
0 24 30 26 33 33 18 18 18 34 9 25 42 21 17 16 15 17 17 7 27 13 40 27 24 28 35 14 1 27 5 32 29 19 26 29 22 16 28 41 36 29 20 28 8 27 9 2 14 23 32 0 8 20 21 27 23 21 4 21 30
0 19 25 18 36 34 24 19 23 40 23 31 44 23 9 11 22 12 9 13 33 20 32 19 30 25 30 20 7 22 11 24 24 25 25 21 28 22 33 33 28 35 17 33 15 37 15 9 20 15 33 17 0 35 16 19 15 27 21 27 30
0 21 30 22 35 25 18 27 16 35 34 21 38 24 27 19 19 21 26 26 28 35 46 36 44 16 32 33 26 22 31 12 24 18 16 39 29 33 32 26 21 31 21 21 34 11 30 28 27 29 25 26 23 0 25 32 35 24 30 20 38
0 27 23 43 38 32 9 32 27 40 38 33 40 28 31 24 24 25 31 24 35 27 46 41 48 22 32 37 31 35 22 33 29 27 22 15 21 26 36 46 42 34 14 36 32 32 22 26 18 33 40 30 29 21 0 41 28 29 34 28 38
0 44 41 48 17 47 38 31 37 54 17 26 43 36 39 38 37 36 39 26 37 35 45 42 46 39 40 36 23 46 27 52 33 40 40 40 39 38 31 54 54 32 42 47 30 35 30 24 36 36 51 22 30 42 30 0 38 38 26 41 45
0 16 25 28 35 28 13 20 19 30 11 27 38 11 19 15 17 17 19 9 28 15 36 28 26 11 27 16 3 26 7 25 21 18 11 6 19 18 21 43 38 30 15 30 10 29 10 4 16 25 34 2 10 22 21 29 0 23 6 20 32
0 26 23 15 38 30 9 29 29 40 24 5 22 33 31 24 23 25 30 18 6 25 36 21 36 21 19 25 12 25 17 33 12 29 22 44 21 26 23 39 42 34 14 26 20 26 20 14 18 23 30 41 29 21 29 22 40 0 32 31 24
0 40 45 43 33 39 34 36 32 42 43 42 54 40 26 38 38 21 26 36 44 37 40 26 41 35 51 47 43 29 45 41 31 35 23 39 40 32 44 50 46 37 35 44 25 46 44 42 31 32 39 42 37 41 25 26 41 38 0 36 37
0 14 11 20 30 19 11 19 21 27 34 20 28 4 15 8 11 10 15 13 22 24 39 25 32 9 19 32 23 7 20 23 9 17 9 28 22 13 24 33 32 24 1 29 29 24 26 24 20 21 18 31 17 23 14 26 29 16 35 0 25
0 26 24 16 23 31 11 23 23 41 25 6 24 26 31 25 25 27 32 12 8 18 37 22 34 23 20 25 14 26 10 34 14 24 23 45 22 21 24 40 43 36 15 27 20 27 8 14 19 24 32 42 30 22 31 23 41 2 34 26 0
SETUP_COST
0.0 400.0 220.0 520.0 800.0 160.0 440.0 200.0 480.0 600.0 700.0 360.0 420.0 280.0 380.0 240.0 240.0 260.0 380.0 360.0 380.0 520.0 860.0 580.0 620.0 560.0 620.0 440.0 500.0 500.0 600.0 580.0 500.0 340.0 560.0 640.0 620.0 280.0 680.0 680.0 720.0 560.0 400.0 600.0 300.0 740.0 660.0 540.0 540.0 420.0 680.0 700.0 700.0 680.0 340.0 580.0 660.0 260.0 600.0 380.0 620.0
0.0 0.0 520.0 660.0 800.0 700.0 520.0 420.0 460.0 940.0 420.0 360.0 720.0 500.0 380.0 240.0 540.0 260.0 380.0 280.0 500.0 420.0 620.0 560.0 760.0 620.0 240.0 560.0 420.0 640.0 260.0 180.0 500.0 520.0 620.0 640.0 440.0 460.0 320.0 800.0 700.0 560.0 560.0 360.0 440.0 520.0 460.0 320.0 440.0 480.0 440.0 460.0 620.0 760.0 340.0 580.0 660.0 380.0 540.0 540.0 360.0
0.0 180.0 0.0 420.0 700.0 480.0 300.0 180.0 280.0 700.0 580.0 200.0 560.0 240.0 160.0 20.0 20.0 60.0 160.0 160.0 240.0 360.0 640.0 360.0 680.0 340.0 400.0 420.0 340.0 280.0 420.0 360.0 340.0 120.0 340.0 420.0 420.0 60.0 480.0 460.0 500.0 540.0 180.0 380.0 440.0 560.0 500.0 380.0 380.0 200.0 460.0 480.0 480.0 540.0 140.0 360.0 440.0 120.0 560.0 160.0 420.0
0.0 580.0 660.0 0.0 540.0 820.0 520.0 680.0 700.0 880.0 520.0 700.0 1020.0 540.0 560.0 520.0 520.0 480.0 600.0 660.0 740.0 800.0 540.0 760.0 1080.0 480.0 680.0 760.0 640.0 580.0 700.0 760.0 640.0 440.0 500.0 860.0 720.0 360.0 780.0 1040.0 940.0 840.0 480.0 940.0 800.0 900.0 800.0 680.0 480.0 540.0 820.0 640.0 640.0 760.0 560.0 200.0 880.0 620.0 360.0 460.0 720.0
0.0 780.0 720.0 1000.0 0.0 880.0 440.0 860.0 500.0 1040.0 780.0 800.0 1060.0 680.0 860.0 720.0 720.0 760.0 860.0 640.0 840.0 760.0 860.0 680.0 1080.0 680.0 580.0 880.0 620.0 720.0 600.0 900.0 760.0 560.0 680.0 540.0 660.0 760.0 680.0 1080.0 1040.0 940.0 520.0 960.0 780.0 860.0 680.0 660.0 620.0 900.0 940.0 620.0 780.0 680.0 260.0 680.0 780.0 720.0 700.0 600.0 700.0
0.0 780.0 820.0 780.0 780.0 0.0 560.0 600.0 520.0 1080.0 780.0 640.0 520.0 540.0 420.0 620.0 680.0 300.0 400.0 640.0 680.0 380.0 720.0 440.0 920.0 720.0 920.0 600.0 740.0 500.0 720.0 700.0 460.0 580.0 700.0 660.0 780.0 640.0 820.0 900.0 800.0 840.0 620.0 860.0 620.0 780.0 680.0 760.0 380.0 520.0 720.0 740.0 800.0 800.0 380.0 440.0 700.0 560.0 800.0 620.0 520.0
0.0 640.0 640.0 680.0 940.0 740.0 0.0 640.0 480.0 900.0 820.0 640.0 840.0 520.0 540.0 520.0 500.0 540.0 640.0 420.0 520.0 360.0 1020.0 740.0 780.0 540.0 820.0 560.0 560.0 560.0 400.0 480.0 600.0 400.0 520.0 740.0 240.0 340.0 740.0 760.0 660.0 520.0 460.0 540.0 460.0 460.0 460.0 340.0 200.0 700.0 620.0 660.0 700.0 240.0 620.0 740.0 620.0 620.0 740.0 440.0 680.0
0.0 340.0 480.0 620.0 740.0 320.0 340.0 0.0 420.0 760.0 520.0 600.0 820.0 100.0 220.0 180.0 480.0 200.0 320.0 460.0 700.0 520.0 720.0 420.0 740.0 620.0 480.0 260.0 520.0 500.0 440.0 420.0 540.0 480.0 380.0 580.0 560.0 520.0 580.0 700.0 620.0 380.0 480.0 600.0 600.0 560.0 640.0 500.0 520.0 420.0 620.0 520.0 680.0 560.0 280.0 440.0 480.0 580.0 600.0 520.0 600.0
0.0 380.0 300.0 500.0 700.0 480.0 320.0 480.0 0.0 640.0 780.0 500.0 640.0 180.0 400.0 260.0 300.0 280.0 400.0 360.0 540.0 580.0 860.0 600.0 740.0 280.0 480.0 720.0 560.0 220.0 500.0 560.0 260.0 60.0 280.0 660.0 540.0 360.0 560.0 760.0 740.0 560.0 120.0 620.0 680.0 580.0 620.0 560.0 500.0 500.0 440.0 720.0 420.0 540.0 360.0 600.0 680.0 420.0 780.0 100.0 600.0
0.0 540.0 660.0 440.0 600.0 720.0 400.0 420.0 420.0 0.0 400.0 520.0 760.0 480.0 520.0 380.0 360.0 400.0 520.0 200.0 560.0 320.0 980.0 700.0 540.0 620.0 760.0 340.0 80.0 600.0 160.0 720.0 620.0 440.0 620.0 720.0 500.0 380.0 700.0 520.0 420.0 640.0 460.0 800.0 220.0 760.0 240.0 100.0 340.0 560.0 760.0 780.0 780.0 640.0 480.0 620.0 740.0 440.0 780.0 480.0 420.0
0.0 560.0 480.0 820.0 860.0 600.0 480.0 300.0 400.0 840.0 0.0 580.0 840.0 380.0 500.0 460.0 480.0 380.0 500.0 180.0 420.0 700.0 840.0 680.0 760.0 460.0 780.0 560.0 740.0 620.0 680.0 720.0 660.0 460.0 460.0 660.0 440.0 540.0 700.0 940.0 880.0 660.0 520.0 760.0 440.0 380.0 660.0 760.0 660.0 600.0 840.0 800.0 620.0 720.0 460.0 700.0 780.0 540.0 600.0 500.0 880.0
0.0 720.0 800.0 680.0 680.0 840.0 500.0 560.0 560.0 1000.0 400.0 0.0 360.0 620.0 680.0 600.0 580.0 620.0 620.0 340.0 440.0 480.0 620.0 340.0 620.0 620.0 300.0 500.0 480.0 420.0 300.0 900.0 160.0 580.0 620.0 860.0 480.0 520.0 380.0 680.0 740.0 640.0 600.0 440.0 500.0 580.0 500.0 380.0 440.0 620.0 520.0 740.0 760.0 680.0 700.0 360.0 740.0 440.0 820.0 620.0 400.0
0.0 840.0 840.0 880.0 1080.0 960.0 840.0 660.0 760.0 1080.0 360.0 940.0 0.0 700.0 860.0 780.0 840.0 740.0 840.0 540.0 780.0 840.0 1080.0 960.0 1080.0 800.0 1000.0 900.0 940.0 740.0 660.0 1000.0 800.0 820.0 800.0 780.0 800.0 880.0 1040.0 1080.0 1080.0 1020.0 640.0 980.0 800.0 720.0 860.0 740.0 840.0 960.0 900.0 940.0 960.0 960.0 820.0 980.0 1040.0 900.0 960.0 620.0 1080.0
0.0 260.0 380.0 580.0 780.0 620.0 380.0 440.0 340.0 680.0 660.0 580.0 900.0 0.0 240.0 100.0 400.0 120.0 220.0 380.0 620.0 440.0 720.0 420.0 740.0 540.0 480.0 640.0 560.0 500.0 360.0 440.0 540.0 400.0 280.0 500.0 600.0 440.0 540.0 660.0 580.0 660.0 460.0 600.0 500.0 620.0 540.0 420.0 440.0 340.0 540.0 560.0 620.0 620.0 200.0 440.0 520.0 500.0 640.0 440.0 600.0
0.0 540.0 660.0 400.0 540.0 500.0 520.0 200.0 560.0 860.0 540.0 540.0 720.0 280.0 0.0 380.0 440.0 400.0 500.0 400.0 560.0 600.0 500.0 200.0 520.0 720.0 680.0 460.0 660.0 280.0 580.0 620.0 320.0 620.0 480.0 760.0 760.0 580.0 760.0 480.0 400.0 560.0 640.0 800.0 440.0 740.0 580.0 540.0 320.0 620.0 500.0 660.0 820.0 760.0 480.0 220.0 680.0 440.0 720.0 660.0 420.0
0.0 160.0 300.0 500.0 700.0 660.0 300.0 340.0 260.0 880.0 580.0 500.0 820.0 420.0 160.0 0.0 300.0 40.0 140.0 440.0 540.0 360.0 640.0 340.0 660.0 520.0 400.0 560.0 480.0 420.0 420.0 340.0 460.0 320.0 520.0 400.0 520.0 360.0 460.0 580.0 480.0 580.0 360.0 520.0 420.0 540.0 540.0 480.0 360.0 260.0 460.0 480.0 540.0 540.0 120.0 360.0 440.0 420.0 540.0 360.0 520.0
0.0 180.0 320.0 400.0 700.0 480.0 300.0 180.0 260.0 900.0 580.0 200.0 560.0 260.0 160.0 20.0 0.0 40.0 160.0 140.0 240.0 360.0 640.0 360.0 680.0 540.0 400.0 420.0 360.0 320.0 420.0 360.0 360.0 320.0 540.0 420.0 520.0 360.0 460.0 600.0 500.0 540.0 380.0 520.0 440.0 540.0 500.0 380.0 380.0 200.0 460.0 480.0 560.0 520.0 120.0 360.0 440.0 120.0 560.0 360.0 520.0
0.0 600.0 520.0 520.0 660.0 620.0 260.0 320.0 220.0 860.0 600.0 580.0 840.0 400.0 120.0 480.0 520.0 0.0 120.0 520.0 600.0 320.0 600.0 320.0 640.0 500.0 700.0 540.0 460.0 380.0 520.0 400.0 420.0 280.0 500.0 380.0 500.0 400.0 520.0 600.0 500.0 680.0 340.0 580.0 400.0 520.0 520.0 480.0 340.0 240.0 600.0 440.0 520.0 500.0 80.0 320.0 400.0 560.0 520.0 320.0 540.0
0.0 540.0 800.0 600.0 920.0 640.0 520.0 540.0 620.0 900.0 700.0 480.0 820.0 620.0 580.0 500.0 500.0 540.0 0.0 460.0 500.0 780.0 980.0 780.0 840.0 500.0 760.0 440.0 540.0 320.0 620.0 300.0 360.0 560.0 520.0 820.0 620.0 500.0 680.0 620.0 960.0 660.0 620.0 480.0 680.0 900.0 580.0 560.0 640.0 120.0 540.0 580.0 400.0 740.0 620.0 780.0 700.0 580.0 660.0 600.0 840.0
0.0 540.0 520.0 640.0 700.0 540.0 400.0 220.0 240.0 860.0 740.0 440.0 800.0 300.0 440.0 380.0 380.0 420.0 520.0 0.0 480.0 720.0 800.0 520.0 960.0 500.0 700.0 480.0 600.0 440.0 640.0 640.0 500.0 300.0 500.0 780.0 620.0 580.0 520.0 920.0 820.0 580.0 340.0 820.0 740.0 760.0 740.0 620.0 580.0 580.0 680.0 740.0 640.0 640.0 500.0 520.0 700.0 360.0 820.0 320.0 740.0
0.0 580.0 700.0 740.0 840.0 680.0 80.0 700.0 540.0 880.0 560.0 180.0 520.0 580.0 600.0 560.0 560.0 600.0 700.0 500.0 0.0 420.0 800.0 500.0 800.0 480.0 460.0 620.0 620.0 580.0 460.0 540.0 320.0 460.0 500.0 800.0 300.0 400.0 540.0 820.0 720.0 580.0 520.0 600.0 520.0 400.0 520.0 400.0 260.0 740.0 680.0 720.0 640.0 300.0 680.0 520.0 680.0 480.0 800.0 500.0 460.0
0.0 600.0 540.0 660.0 780.0 680.0 320.0 440.0 640.0 720.0 500.0 440.0 580.0 460.0 480.0 440.0 420.0 460.0 580.0 520.0 480.0 0.0 940.0 680.0 800.0 500.0 560.0 240.0 400.0 500.0 480.0 660.0 500.0 340.0 340.0 800.0 540.0 280.0 660.0 940.0 840.0 560.0 340.0 840.0 540.0 640.0 480.0 420.0 20.0 620.0 460.0 720.0 560.0 420.0 540.0 700.0 680.0 360.0 700.0 380.0 340.0
0.0 560.0 680.0 900.0 300.0 560.0 500.0 480.0 500.0 600.0 780.0 700.0 860.0 560.0 560.0 640.0 640.0 680.0 780.0 280.0 700.0 400.0 0.0 760.0 740.0 460.0 800.0 540.0 680.0 680.0 240.0 740.0 720.0 520.0 220.0 840.0 560.0 440.0 780.0 1040.0 940.0 840.0 480.0 880.0 420.0 620.0 440.0 300.0 420.0 840.0 720.0 900.0 620.0 600.0 540.0 460.0 860.0 620.0 980.0 560.0 720.0
0.0 420.0 560.0 360.0 360.0 720.0 440.0 420.0 380.0 840.0 360.0 340.0 700.0 480.0 400.0 260.0 260.0 300.0 400.0 220.0 380.0 460.0 300.0 0.0 600.0 580.0 560.0 560.0 480.0 80.0 400.0 600.0 120.0 440.0 440.0 640.0 660.0 400.0 600.0 800.0 740.0 420.0 460.0 760.0 460.0 720.0 380.0 340.0 120.0 460.0 300.0 460.0 620.0 660.0 380.0 20.0 540.0 260.0 540.0 480.0 220.0
0.0 600.0 540.0 820.0 180.0 700.0 540.0 700.0 680.0 860.0 880.0 740.0 880.0 760.0 700.0 560.0 540.0 580.0 680.0 680.0 640.0 900.0 760.0 840.0 0.0 500.0 700.0 780.0 740.0 660.0 720.0 780.0 720.0 660.0 500.0 720.0 760.0 600.0 800.0 980.0 1020.0 1000.0 340.0 900.0 880.0 1000.0 860.0 760.0 720.0 480.0 900.0 720.0 660.0 780.0 440.0 860.0 680.0 640.0 800.0 700.0 820.0
0.0 100.0 460.0 520.0 540.0 340.0 40.0 520.0 520.0 400.0 520.0 460.0 800.0 400.0 340.0 340.0 460.0 360.0 340.0 380.0 480.0 400.0 720.0 520.0 760.0 0.0 340.0 560.0 300.0 460.0 360.0 280.0 500.0 300.0 20.0 580.0 280.0 380.0 420.0 800.0 700.0 560.0 280.0 460.0 440.0 500.0 440.0 320.0 240.0 460.0 540.0 500.0 160.0 280.0 440.0 540.0 460.0 480.0 560.0 340.0 460.0
0.0 480.0 520.0 440.0 560.0 560.0 320.0 280.0 280.0 720.0 520.0 240.0 580.0 340.0 400.0 440.0 440.0 460.0 340.0 60.0 260.0 200.0 400.0 560.0 540.0 380.0 0.0 320.0 200.0 460.0 20.0 640.0 380.0 300.0 380.0 600.0 200.0 240.0 100.0 560.0 460.0 480.0 320.0 520.0 220.0 300.0 220.0 100.0 200.0 340.0 600.0 620.0 540.0 560.0 540.0 580.0 580.0 160.0 640.0 340.0 120.0
0.0 460.0 620.0 740.0 920.0 500.0 80.0 200.0 560.0 940.0 260.0 620.0 920.0 280.0 420.0 360.0 580.0 400.0 500.0 440.0 440.0 440.0 900.0 620.0 860.0 600.0 680.0 0.0 640.0 540.0 460.0 560.0 580.0 480.0 560.0 760.0 300.0 420.0 760.0 820.0 740.0 560.0 440.0 620.0 540.0 540.0 540.0 420.0 260.0 620.0 700.0 700.0 740.0 320.0 480.0 620.0 660.0 680.0 780.0 420.0 760.0
0.0 460.0 580.0 700.0 640.0 640.0 340.0 340.0 340.0 660.0 340.0 480.0 840.0 420.0 440.0 300.0 300.0 340.0 440.0 120.0 520.0 260.0 920.0 620.0 480.0 540.0 700.0 260.0 0.0 520.0 100.0 640.0 580.0 360.0 560.0 640.0 440.0 300.0 640.0 800.0 700.0 560.0 400.0 740.0 160.0 700.0 160.0 40.0 260.0 500.0 700.0 700.0 700.0 580.0 420.0 640.0 660.0 400.0 780.0 400.0 580.0
0.0 360.0 480.0 280.0 700.0 660.0 480.0 340.0 300.0 900.0 660.0 380.0 740.0 420.0 340.0 200.0 180.0 220.0 320.0 140.0 400.0 540.0 780.0 520.0 520.0 500.0 500.0 600.0 500.0 0.0 440.0 540.0 60.0 360.0 500.0 580.0 700.0 520.0 520.0 760.0 680.0 360.0 420.0 700.0 600.0 720.0 400.0 500.0 340.0 380.0 240.0 500.0 560.0 700.0 300.0 480.0 460.0 300.0 580.0 400.0 600.0
0.0 560.0 500.0 680.0 700.0 560.0 380.0 260.0 260.0 700.0 560.0 480.0 740.0 340.0 420.0 420.0 420.0 440.0 560.0 40.0 520.0 180.0 840.0 540.0 520.0 460.0 680.0 320.0 500.0 440.0 0.0 680.0 480.0 280.0 480.0 740.0 580.0 220.0 540.0 860.0 760.0 600.0 300.0 840.0 200.0 800.0 200.0 80.0 180.0 600.0 620.0 680.0 620.0 600.0 520.0 560.0 640.0 400.0 740.0 320.0 500.0
0.0 240.0 760.0 800.0 800.0 900.0 620.0 600.0 600.0 780.0 440.0 180.0 540.0 660.0 600.0 460.0 580.0 500.0 600.0 380.0 600.0 540.0 700.0 500.0 640.0 700.0 460.0 540.0 300.0 580.0 380.0 0.0 340.0 620.0 700.0 600.0 420.0 560.0 400.0 860.0 920.0 380.0 660.0 180.0 440.0 740.0 440.0 320.0 460.0 660.0 260.0 280.0 440.0 660.0 580.0 520.0 500.0 600.0 360.0 660.0 580.0
0.0 560.0 820.0 820.0 660.0 800.0 500.0 920.0 720.0 840.0 860.0 600.0 840.0 740.0 760.0 780.0 820.0 820.0 800.0 700.0 640.0 820.0 780.0 940.0 480.0 460.0 780.0 840.0 580.0 780.0 660.0 740.0 0.0 620.0 460.0 760.0 720.0 560.0 480.0 800.0 1080.0 540.0 620.0 900.0 720.0 920.0 720.0 600.0 300.0 820.0 420.0 680.0 620.0 740.0 780.0 640.0 640.0 520.0 760.0 660.0 900.0
0.0 320.0 240.0 440.0 640.0 420.0 260.0 420.0 460.0 580.0 720.0 440.0 600.0 120.0 340.0 200.0 260.0 240.0 340.0 300.0 480.0 520.0 800.0 540.0 680.0 220.0 420.0 660.0 500.0 160.0 440.0 500.0 220.0 0.0 220.0 600.0 480.0 300.0 500.0 700.0 680.0 500.0 60.0 620.0 620.0 520.0 560.0 520.0 440.0 440.0 400.0 660.0 360.0 500.0 320.0 560.0 620.0 360.0 720.0 40.0 540.0
0.0 360.0 460.0 760.0 780.0 340.0 300.0 540.0 600.0 400.0 760.0 640.0 800.0 640.0 360.0 460.0 460.0 500.0 580.0 580.0 480.0 640.0 840.0 540.0 860.0 260.0 580.0 720.0 460.0 620.0 540.0 520.0 660.0 540.0 0.0 820.0 360.0 500.0 580.0 840.0 740.0 800.0 260.0 660.0 600.0 600.0 620.0 480.0 480.0 660.0 740.0 740.0 400.0 380.0 580.0 560.0 700.0 560.0 820.0 580.0 700.0
0.0 440.0 380.0 680.0 780.0 560.0 380.0 400.0 260.0 720.0 480.0 580.0 720.0 360.0 540.0 400.0 380.0 420.0 520.0 180.0 600.0 320.0 760.0 540.0 660.0 340.0 560.0 460.0 320.0 400.0 160.0 620.0 300.0 240.0 360.0 0.0 260.0 360.0 640.0 820.0 880.0 740.0 200.0 560.0 340.0 760.0 360.0 220.0 340.0 580.0 620.0 320.0 480.0 620.0 500.0 540.0 280.0 500.0 380.0 280.0 640.0
0.0 440.0 540.0 680.0 940.0 720.0 520.0 440.0 260.0 700.0 780.0 480.0 820.0 420.0 440.0 280.0 280.0 320.0 420.0 420.0 460.0 560.0 820.0 620.0 780.0 520.0 680.0 580.0 620.0 460.0 400.0 620.0 500.0 300.0 520.0 680.0 0.0 600.0 520.0 780.0 760.0 520.0 360.0 320.0 460.0 820.0 480.0 340.0 580.0 480.0 400.0 620.0 660.0 760.0 400.0 640.0 620.0 380.0 700.0 340.0 780.0
0.0 380.0 320.0 500.0 700.0 480.0 320.0 400.0 360.0 640.0 620.0 460.0 660.0 180.0 220.0 260.0 320.0 300.0 400.0 380.0 500.0 540.0 700.0 400.0 720.0 280.0 480.0 540.0 300.0 240.0 380.0 560.0 280.0 80.0 280.0 660.0 360.0 0.0 580.0 700.0 600.0 580.0 120.0 660.0 440.0 580.0 440.0 320.0 500.0 520.0 460.0 720.0 440.0 560.0 380.0 420.0 680.0 380.0 800.0 120.0 360.0
0.0 720.0 860.0 520.0 480.0 820.0 800.0 520.0 680.0 900.0 860.0 640.0 660.0 600.0 320.0 560.0 560.0 580.0 560.0 520.0 740.0 700.0 300.0 520.0 820.0 760.0 860.0 760.0 860.0 380.0 540.0 580.0 420.0 720.0 520.0 940.0 860.0 740.0 0.0 800.0 700.0 720.0 780.0 740.0 720.0 920.0 720.0 600.0 620.0 680.0 600.0 840.0 920.0 900.0 660.0 520.0 820.0 620.0 860.0 760.0 600.0
0.0 560.0 600.0 520.0 360.0 500.0 240.0 440.0 460.0 720.0 600.0 500.0 240.0 520.0 580.0 420.0 420.0 460.0 560.0 220.0 640.0 600.0 940.0 740.0 760.0 720.0 560.0 700.0 620.0 240.0 580.0 340.0 280.0 500.0 720.0 480.0 480.0 580.0 640.0 0.0 900.0 580.0 560.0 520.0 700.0 680.0 640.0 580.0 440.0 620.0 460.0 620.0 780.0 480.0 540.0 700.0 700.0 520.0 680.0 540.0 680.0
0.0 600.0 680.0 20.0 460.0 600.0 340.0 540.0 560.0 820.0 540.0 600.0 340.0 560.0 580.0 520.0 520.0 500.0 600.0 320.0 740.0 620.0 560.0 780.0 860.0 500.0 660.0 360.0 660.0 340.0 680.0 440.0 380.0 440.0 500.0 580.0 580.0 380.0 740.0 100.0 0.0 680.0 500.0 600.0 800.0 780.0 720.0 680.0 500.0 540.0 560.0 660.0 660.0 580.0 340.0 220.0 800.0 620.0 380.0 480.0 740.0
0.0 420.0 600.0 660.0 580.0 660.0 360.0 500.0 480.0 720.0 320.0 600.0 860.0 340.0 480.0 420.0 460.0 440.0 500.0 280.0 440.0 420.0 540.0 680.0 640.0 320.0 660.0 420.0 160.0 600.0 240.0 600.0 520.0 460.0 340.0 240.0 480.0 460.0 240.0 900.0 800.0 0.0 420.0 700.0 320.0 680.0 320.0 200.0 420.0 620.0 800.0 160.0 320.0 540.0 520.0 700.0 120.0 560.0 240.0 500.0 580.0
0.0 260.0 200.0 600.0 600.0 360.0 200.0 360.0 460.0 540.0 660.0 400.0 540.0 420.0 360.0 220.0 200.0 240.0 340.0 340.0 420.0 560.0 760.0 540.0 760.0 160.0 380.0 620.0 460.0 480.0 380.0 440.0 520.0 320.0 180.0 620.0 440.0 260.0 460.0 640.0 680.0 700.0 0.0 580.0 580.0 660.0 580.0 460.0 380.0 400.0 660.0 660.0 320.0 440.0 320.0 560.0 620.0 320.0 720.0 360.0 480.0
0.0 460.0 680.0 740.0 640.0 860.0 580.0 660.0 480.0 600.0 480.0 640.0 860.0 540.0 540.0 520.0 520.0 560.0 660.0 440.0 640.0 580.0 520.0 720.0 480.0 540.0 600.0 580.0 340.0 580.0 420.0 480.0 640.0 440.0 540.0 440.0 240.0 380.0 220.0 1000.0 920.0 220.0 500.0 0.0 440.0 600.0 480.0 360.0 580.0 480.0 100.0 320.0 480.0 600.0 460.0 740.0 320.0 620.0 400.0 480.0 720.0
0.0 820.0 640.0 720.0 500.0 1020.0 620.0 760.0 740.0 520.0 720.0 740.0 1020.0 740.0 780.0 660.0 640.0 680.0 520.0 680.0 840.0 820.0 940.0 960.0 320.0 740.0 1020.0 820.0 580.0 700.0 660.0 820.0 740.0 760.0 740.0 640.0 500.0 700.0 640.0 1020.0 920.0 420.0 660.0 800.0 0.0 1080.0 720.0 600.0 800.0 640.0 900.0 560.0 720.0 860.0 760.0 900.0 520.0 760.0 640.0 800.0 920.0
0.0 200.0 460.0 560.0 480.0 280.0 140.0 320.0 420.0 480.0 600.0 360.0 700.0 400.0 320.0 180.0 160.0 200.0 300.0 300.0 360.0 480.0 800.0 500.0 820.0 100.0 420.0 440.0 380.0 480.0 440.0 380.0 500.0 380.0 100.0 560.0 360.0 460.0 520.0 740.0 640.0 640.0 360.0 540.0 540.0 0.0 540.0 420.0 320.0 360.0 620.0 580.0 260.0 380.0 280.0 520.0 540.0 260.0 660.0 420.0 540.0
0.0 580.0 540.0 700.0 740.0 600.0 420.0 300.0 300.0 740.0 600.0 520.0 720.0 360.0 460.0 420.0 420.0 440.0 560.0 80.0 540.0 220.0 840.0 560.0 560.0 500.0 700.0 340.0 540.0 480.0 40.0 720.0 520.0 320.0 500.0 780.0 460.0 260.0 580.0 880.0 780.0 640.0 340.0 780.0 240.0 840.0 0.0 120.0 220.0 600.0 660.0 700.0 660.0 620.0 520.0 560.0 660.0 440.0 740.0 360.0 540.0
0.0 620.0 560.0 700.0 620.0 620.0 320.0 320.0 320.0 640.0 500.0 540.0 800.0 380.0 480.0 480.0 480.0 500.0 600.0 100.0 580.0 240.0 900.0 600.0 440.0 520.0 720.0 240.0 440.0 500.0 60.0 740.0 540.0 340.0 520.0 760.0 540.0 280.0 600.0 780.0 680.0 540.0 360.0 840.0 140.0 760.0 140.0 0.0 240.0 660.0 680.0 680.0 680.0 540.0 580.0 620.0 640.0 460.0 760.0 380.0 560.0
0.0 600.0 540.0 760.0 920.0 660.0 540.0 680.0 640.0 720.0 700.0 720.0 880.0 440.0 480.0 540.0 540.0 560.0 660.0 500.0 760.0 640.0 960.0 660.0 800.0 500.0 700.0 640.0 380.0 500.0 460.0 780.0 540.0 340.0 340.0 940.0 620.0 280.0 800.0 960.0 860.0 840.0 340.0 900.0 540.0 860.0 520.0 420.0 0.0 740.0 720.0 980.0 660.0 700.0 640.0 680.0 940.0 640.0 700.0 380.0 620.0
0.0 500.0 680.0 480.0 880.0 720.0 400.0 420.0 500.0 780.0 580.0 360.0 720.0 500.0 540.0 380.0 380.0 420.0 520.0 340.0 380.0 740.0 960.0 680.0 720.0 400.0 640.0 320.0 680.0 200.0 620.0 660.0 240.0 560.0 400.0 760.0 620.0 720.0 720.0 680.0 860.0 540.0 600.0 780.0 800.0 780.0 600.0 700.0 540.0 0.0 420.0 700.0 540.0 620.0 500.0 660.0 660.0 460.0 760.0 600.0 760.0
0.0 540.0 600.0 780.0 540.0 760.0 480.0 620.0 600.0 840.0 440.0 700.0 940.0 440.0 500.0 540.0 580.0 480.0 580.0 400.0 540.0 540.0 660.0 680.0 380.0 440.0 760.0 540.0 280.0 520.0 360.0 720.0 560.0 360.0 440.0 360.0 600.0 300.0 360.0 980.0 880.0 120.0 400.0 820.0 440.0 500.0 440.0 320.0 540.0 400.0 0.0 280.0 440.0 500.0 360.0 700.0 240.0 680.0 340.0 400.0 640.0
0.0 480.0 600.0 520.0 660.0 660.0 360.0 360.0 360.0 680.0 180.0 500.0 840.0 420.0 340.0 320.0 300.0 340.0 340.0 140.0 540.0 260.0 800.0 540.0 480.0 560.0 700.0 280.0 20.0 540.0 100.0 640.0 580.0 380.0 520.0 580.0 440.0 320.0 560.0 820.0 720.0 580.0 400.0 560.0 160.0 540.0 180.0 40.0 280.0 460.0 640.0 0.0 160.0 400.0 420.0 540.0 460.0 420.0 80.0 420.0 600.0
0.0 380.0 500.0 360.0 720.0 680.0 480.0 380.0 460.0 800.0 460.0 620.0 880.0 460.0 180.0 220.0 440.0 240.0 180.0 260.0 660.0 400.0 640.0 380.0 600.0 500.0 600.0 400.0 140.0 440.0 220.0 480.0 480.0 500.0 500.0 420.0 560.0 440.0 660.0 660.0 560.0 700.0 340.0 660.0 300.0 740.0 300.0 180.0 400.0 300.0 660.0 340.0 0.0 700.0 320.0 380.0 300.0 540.0 420.0 540.0 600.0
0.0 420.0 600.0 440.0 700.0 500.0 360.0 540.0 320.0 700.0 680.0 420.0 760.0 480.0 540.0 380.0 380.0 420.0 520.0 520.0 560.0 700.0 920.0 720.0 880.0 320.0 640.0 660.0 520.0 440.0 620.0 240.0 480.0 360.0 320.0 780.0 580.0 660.0 640.0 520.0 420.0 620.0 420.0 420.0 680.0 220.0 600.0 560.0 540.0 580.0 500.0 520.0 460.0 0.0 500.0 640.0 700.0 480.0 600.0 400.0 760.0
0.0 540.0 460.0 860.0 760.0 640.0 180.0 640.0 540.0 800.0 760.0 660.0 800.0 560.0 620.0 480.0 480.0 500.0 620.0 480.0 700.0 540.0 920.0 820.0 960.0 440.0 640.0 740.0 620.0 700.0 440.0 660.0 580.0 540.0 440.0 300.0 420.0 520.0 720.0 920.0 840.0 680.0 280.0 720.0 640.0 640.0 440.0 520.0 360.0 660.0 800.0 600.0 580.0 420.0 0.0 820.0 560.0 580.0 680.0 560.0 760.0
0.0 880.0 820.0 960.0 340.0 940.0 760.0 620.0 740.0 1080.0 340.0 520.0 860.0 720.0 780.0 760.0 740.0 720.0 780.0 520.0 740.0 700.0 900.0 840.0 920.0 780.0 800.0 720.0 460.0 920.0 540.0 1040.0 660.0 800.0 800.0 800.0 780.0 760.0 620.0 1080.0 1080.0 640.0 840.0 940.0 600.0 700.0 600.0 480.0 720.0 720.0 1020.0 440.0 600.0 840.0 600.0 0.0 760.0 760.0 520.0 820.0 900.0
0.0 320.0 500.0 560.0 700.0 560.0 260.0 400.0 380.0 600.0 220.0 540.0 760.0 220.0 380.0 300.0 340.0 340.0 380.0 180.0 560.0 300.0 720.0 560.0 520.0 220.0 540.0 320.0 60.0 520.0 140.0 500.0 420.0 360.0 220.0 120.0 380.0 360.0 420.0 860.0 760.0 600.0 300.0 600.0 200.0 580.0 200.0 80.0 320.0 500.0 680.0 40.0 200.0 440.0 420.0 580.0 0.0 460.0 120.0 400.0 640.0
0.0 520.0 460.0 300.0 760.0 600.0 180.0 580.0 580.0 800.0 480.0 100.0 440.0 660.0 620.0 480.0 460.0 500.0 600.0 360.0 120.0 500.0 720.0 420.0 720.0 420.0 380.0 500.0 240.0 500.0 340.0 660.0 240.0 580.0 440.0 880.0 420.0 520.0 460.0 780.0 840.0 680.0 280.0 520.0 400.0 520.0 400.0 280.0 360.0 460.0 600.0 820.0 580.0 420.0 580.0 440.0 800.0 0.0 640.0 620.0 480.0
0.0 800.0 900.0 860.0 660.0 780.0 680.0 720.0 640.0 840.0 860.0 840.0 1080.0 800.0 520.0 760.0 760.0 420.0 520.0 720.0 880.0 740.0 800.0 520.0 820.0 700.0 1020.0 940.0 860.0 580.0 900.0 820.0 620.0 700.0 460.0 780.0 800.0 640.0 880.0 1000.0 920.0 740.0 700.0 880.0 500.0 920.0 880.0 840.0 620.0 640.0 780.0 840.0 740.0 820.0 500.0 520.0 820.0 760.0 0.0 720.0 740.0
0.0 280.0 220.0 400.0 600.0 380.0 220.0 380.0 420.0 540.0 680.0 400.0 560.0 80.0 300.0 160.0 220.0 200.0 300.0 260.0 440.0 480.0 780.0 500.0 640.0 180.0 380.0 640.0 460.0 140.0 400.0 460.0 180.0 340.0 180.0 560.0 440.0 260.0 480.0 660.0 640.0 480.0 20.0 580.0 580.0 480.0 520.0 480.0 400.0 420.0 360.0 620.0 340.0 460.0 280.0 520.0 580.0 320.0 700.0 0.0 500.0
0.0 520.0 480.0 320.0 460.0 620.0 220.0 460.0 460.0 820.0 500.0 120.0 480.0 520.0 620.0 500.0 500.0 540.0 640.0 240.0 160.0 360.0 740.0 440.0 680.0 460.0 400.0 500.0 280.0 520.0 200.0 680.0 280.0 480.0 460.0 900.0 440.0 420.0 480.0 800.0 860.0 720.0 300.0 540.0 400.0 540.0 160.0 280.0 380.0 480.0 640.0 840.0 600.0 440.0 620.0 460.0 820.0 40.0 680.0 520.0 0.0
OUTSOURCING_COST
224 495 810 35 420 504 837 336 264 260 304 504 603 287 136 612 342 664 400 120 432 510 600 10 970 371 738 63 260 530 632 540 32 408 119 275 63 160 60 320 608 55 648 40 272 621 609 558 850 330 670 574 920 150 612 666 540 304 620 388
OUTSOURCING_TARIFF
3
0.000000000 4283.750000000 0.500000000 0.000000000
4283.750000000 8567.500000000 0.425000000 321.281250000
8567.500000000 25286.000000000 0.350000000 963.843750000
