80 3
82 46 220 8 6
82 495 657 10 9
35 0 211 1 8
98 0 93 4 6
12 377 543 2 2
59 249 411 5 3
27 0 153 1 8
84 389 609 9 9
4 0 151 5 2
21 0 112 3 9
13 0 105 7 4
4 392 580 8 8
79 0 120 7 1
74 296 456 6 1
78 0 95 9 6
67 142 328 3 3
18 0 89 3 5
84 0 81 5 6
76 495 731 2 3
71 290 524 10 10
1 498 672 6 5
52 0 105 1 6
9 184 406 10 8
21 0 84 10 1
34 481 679 8 5
52 240 416 6 10
10 0 107 2 1
49 152 338 10 3
65 171 385 1 5
67 242 418 3 8
17 389 589 8 3
86 58 224 1 7
19 239 415 8 6
96 25 195 8 9
59 0 100 2 7
96 0 103 5 1
96 0 98 7 9
56 125 365 8 7
38 85 251 2 4
58 372 550 7 10
81 266 448 2 6
47 361 531 8 1
74 0 173 9 5
69 54 288 4 10
58 475 647 4 9
78 142 378 9 2
92 94 264 5 5
92 492 658 9 6
49 10 206 9 6
54 0 109 4 4
30 483 675 7 9
18 108 344 6 9
88 42 224 10 2
55 0 107 3 7
25 315 537 8 6
92 494 710 1 7
59 0 81 5 5
76 175 393 10 4
94 0 165 10 4
77 324 522 3 1
68 373 555 3 9
59 40 260 8 2
46 0 110 2 8
4 366 534 5 4
76 0 181 7 1
46 243 411 8 1
19 517 733 3 2
96 518 690 3 5
8 334 502 7 2
3 28 188 3 4
8 0 85 2 3
89 379 595 9 4
11 155 351 4 5
46 0 113 5 2
51 517 705 2 8
1 239 451 7 8
52 74 294 1 3
30 121 295 4 2
65 63 295 9 4
65 0 111 3 6
SETUP
0 22 13 36 26 23 31 26 29 22 33 25 35 2 13 24 8 18 27 19 30 25 31 22 24 29 22 31 34 33 24 25 30 38 39 30 16 28 30 27 12 18 30 5 15 31 20 33 22 32 7 25 15 35 30 15 27 32 39 22 26 18 41 28 38 18 31 18 25 26 27 33 27 28 32 28 22 15 25 27 32
0 0 13 32 29 23 17 21 27 26 30 26 34 19 14 24 29 20 28 19 31 20 27 24 27 29 11 21 27 21 11 25 9 27 43 17 32 36 12 27 19 17 25 21 32 26 17 17 19 11 17 29 12 30 17 21 32 23 23 28 26 21 21 24 38 30 31 19 33 4 6 22 40 18 13 7 34 28 25 23 20
0 12 0 28 24 20 26 24 19 31 30 27 33 12 25 21 26 30 39 6 25 12 28 11 34 29 21 27 27 32 22 22 20 34 38 29 25 24 20 14 7 5 26 14 26 26 17 28 30 22 16 30 23 41 28 25 38 26 31 25 25 30 32 19 33 27 32 20 25 16 17 20 33 29 24 18 31 25 12 22 28
0 11 20 0 24 19 24 6 29 32 23 21 34 25 21 16 25 27 34 25 27 26 22 13 29 28 21 23 25 27 19 17 15 34 26 25 20 23 18 17 5 24 10 28 39 28 11 23 20 21 24 16 18 38 27 6 31 24 8 24 14 27 6 25 30 36 26 13 24 11 13 24 25 24 19 13 40 21 18 24 12
0 29 30 36 0 30 24 27 17 36 34 21 28 25 32 10 36 31 29 27 31 19 31 23 22 27 28 16 34 27 32 10 9 39 15 38 37 34 27 24 33 23 31 27 16 25 21 25 33 26 25 22 34 40 28 16 37 26 36 27 31 39 41 30 36 39 27 23 23 33 35 27 39 29 32 26 43 28 33 21 17
0 24 12 28 9 0 14 20 21 31 26 17 21 16 33 2 7 16 32 16 29 12 24 15 15 30 23 8 26 30 23 3 12 27 24 21 17 26 20 20 19 11 23 18 25 30 13 17 26 19 18 14 29 33 18 8 18 29 27 6 17 18 32 28 34 32 22 10 26 24 26 20 26 17 32 26 26 6 22 26 25
0 25 14 23 15 6 0 25 26 25 21 17 27 8 25 7 12 8 19 3 20 3 19 8 20 25 18 14 18 22 16 8 17 25 29 22 22 30 11 11 18 17 23 10 23 22 8 23 31 15 13 20 27 31 4 14 24 33 13 11 18 23 29 16 37 24 22 10 27 27 16 11 28 20 25 20 28 11 9 18 18
0 27 31 27 18 35 34 0 25 26 17 26 30 24 36 11 28 24 31 19 27 20 23 24 23 33 21 17 26 37 14 11 25 31 32 20 22 17 28 14 29 21 4 26 34 29 22 18 34 23 26 10 38 32 38 17 26 35 34 36 27 24 32 19 24 34 24 19 31 31 32 18 19 21 29 28 38 15 12 27 6
0 22 16 33 5 25 19 32 0 36 24 22 33 26 27 14 31 24 34 20 35 22 21 25 25 11 32 20 32 31 30 15 13 32 19 26 33 21 30 23 23 17 31 28 21 18 20 14 33 31 29 24 30 38 23 20 24 30 27 11 23 24 38 25 37 33 28 15 6 26 28 30 40 22 32 10 37 12 27 13 21
0 18 29 32 31 28 23 23 28 0 27 26 44 29 31 30 35 27 40 24 37 25 25 19 29 14 18 36 31 30 29 26 26 31 42 30 36 24 26 26 29 20 25 32 33 21 17 18 19 28 34 27 12 42 27 12 28 31 36 15 26 27 38 24 40 37 31 19 10 22 24 33 40 21 30 24 41 15 30 17 26
0 28 28 18 18 36 32 23 13 38 0 30 42 27 29 23 25 25 29 21 33 24 20 26 32 23 29 29 30 36 18 21 22 28 29 24 36 19 27 30 22 30 16 28 18 30 28 21 34 20 30 7 27 37 32 23 14 39 26 24 31 25 23 10 22 39 35 23 19 19 21 26 16 18 28 22 43 24 28 26 18
0 31 20 30 27 18 19 33 32 31 32 0 27 27 34 19 15 26 37 21 26 22 34 26 28 31 25 22 24 38 31 20 23 31 35 33 26 36 29 29 22 13 29 29 41 30 23 31 27 34 26 27 33 37 23 22 21 39 32 20 19 26 36 22 49 21 6 12 38 26 25 17 34 26 34 14 25 8 27 28 30
0 20 18 15 15 6 16 21 21 20 26 23 0 22 18 8 13 21 31 18 34 18 30 21 20 28 15 14 32 34 23 8 18 28 29 27 22 27 11 26 19 17 14 24 31 35 19 23 27 24 23 19 20 32 20 14 24 34 23 11 23 24 20 7 33 11 28 15 27 24 26 25 29 23 26 27 15 12 24 31 14
0 26 31 39 24 21 29 25 27 20 31 28 42 0 23 23 27 19 36 31 32 31 29 20 22 27 20 29 33 34 27 23 33 41 39 33 14 26 37 28 10 24 28 3 39 34 18 31 32 36 5 23 25 34 33 13 33 30 41 21 28 29 44 31 36 16 33 20 23 29 31 39 41 32 33 32 20 21 26 30 30
0 9 22 24 34 28 23 23 36 20 35 26 24 18 0 27 26 7 14 21 26 25 35 17 36 24 19 30 34 21 20 28 18 26 40 24 31 34 17 16 28 21 22 20 24 19 25 26 10 20 23 24 3 38 26 29 28 22 31 25 27 7 29 16 38 34 32 19 20 13 15 31 34 26 21 16 38 16 14 14 24
0 25 21 27 8 25 24 18 24 32 25 21 20 16 34 0 32 31 36 26 27 10 22 14 13 28 21 7 25 34 23 1 16 32 22 29 29 25 18 19 24 17 22 18 23 29 12 16 24 17 16 13 28 31 27 7 38 33 35 29 22 31 32 26 33 30 26 14 24 29 31 18 35 28 36 28 34 29 30 25 23
0 17 6 33 22 21 31 30 25 29 36 32 38 17 28 22 0 35 40 12 31 18 33 17 20 34 27 29 32 35 16 23 26 31 32 22 12 29 26 20 13 10 26 20 32 31 23 34 31 28 22 32 28 31 34 29 39 32 37 26 30 35 37 25 34 33 37 24 31 21 23 26 19 21 29 24 20 26 18 27 28
0 26 30 22 35 35 31 28 41 37 33 32 32 32 18 27 39 0 31 26 23 32 30 31 40 39 16 34 28 15 29 28 30 35 33 33 36 29 31 9 27 22 21 34 41 26 33 34 27 29 25 17 20 41 35 28 36 39 24 23 32 24 28 14 41 42 35 25 37 30 32 30 31 30 38 23 39 24 7 22 22
0 25 21 32 23 14 9 28 28 18 26 20 35 17 22 16 21 16 0 11 28 11 23 16 28 31 25 22 21 28 24 17 16 24 38 11 30 36 4 19 22 25 23 19 31 20 17 24 26 24 21 26 19 34 13 22 32 26 22 19 19 23 28 24 39 21 25 13 27 12 14 19 32 22 20 14 25 20 17 27 24
0 28 17 22 24 25 20 28 32 26 25 21 31 6 28 27 32 25 38 0 20 7 22 5 28 25 16 23 22 39 19 23 16 29 33 25 19 27 14 9 16 21 20 8 21 20 12 24 37 19 11 25 30 35 24 19 38 30 30 26 21 34 27 14 39 22 26 14 25 27 14 14 28 24 35 21 26 27 7 16 22
0 19 7 24 27 20 20 20 24 29 24 20 39 19 17 19 17 24 31 13 0 19 21 16 31 24 23 26 27 24 22 20 12 20 41 21 27 25 15 19 14 5 13 21 33 17 11 20 22 29 2 19 15 35 24 9 34 23 24 25 21 24 24 24 33 33 25 13 20 7 9 19 9 10 16 1 18 25 17 13 15
0 22 11 29 25 19 14 28 29 23 19 15 30 21 26 21 25 21 32 16 17 0 16 21 23 23 30 17 16 35 13 17 14 23 39 19 25 30 8 20 18 15 28 24 36 21 6 27 35 13 19 18 28 29 18 17 32 31 27 24 15 28 27 21 40 26 20 8 32 24 26 8 25 18 33 18 30 22 22 26 29
0 25 22 20 20 29 24 26 16 33 3 24 35 16 32 25 25 21 31 18 28 11 0 23 27 26 32 22 26 34 14 2 18 30 31 20 30 15 19 20 25 18 19 19 20 15 16 16 33 16 21 3 29 33 28 22 17 35 28 26 24 21 25 12 25 32 19 17 22 22 24 19 19 20 26 25 36 13 24 11 20
0 33 25 32 19 30 24 33 36 36 37 31 46 24 24 28 35 29 34 18 18 25 39 0 39 41 34 35 40 42 32 29 24 38 34 38 31 23 32 21 32 23 30 26 35 16 29 31 34 37 20 36 27 50 28 27 46 26 37 35 38 29 37 23 35 39 36 31 38 25 27 32 27 28 34 19 36 33 25 11 32
0 24 32 25 2 31 26 16 19 38 24 23 30 27 28 11 36 33 31 23 33 21 33 25 0 27 29 18 36 23 30 12 11 38 17 29 36 33 29 25 28 25 20 21 18 20 23 27 12 28 26 24 31 42 30 18 33 24 32 29 32 35 31 17 37 34 26 25 24 28 21 29 35 31 34 28 38 30 28 16 19
0 13 26 23 17 22 16 29 33 33 29 31 38 16 24 23 28 23 26 10 30 17 32 15 15 0 23 30 32 31 24 24 22 33 32 30 23 35 24 13 19 30 21 18 30 8 22 4 27 24 20 27 24 28 20 29 40 36 29 27 16 23 28 15 27 23 34 24 35 17 19 24 37 30 25 20 27 27 17 3 22
0 43 45 50 32 39 34 42 33 26 45 45 44 40 45 25 45 41 45 36 46 34 46 38 37 39 0 31 37 42 47 25 18 49 35 52 52 49 37 34 24 33 37 42 47 38 36 40 44 17 40 37 37 51 37 31 33 35 46 40 28 52 51 42 39 52 41 38 35 39 41 42 52 40 47 41 42 39 42 41 22
0 29 31 28 8 19 29 12 25 33 19 15 13 31 27 18 25 25 37 25 25 26 16 8 7 22 28 0 20 29 25 17 17 28 23 31 25 25 23 14 18 28 15 27 24 23 6 26 18 32 10 18 23 33 33 1 32 30 31 23 15 25 33 20 36 24 20 8 18 32 27 30 31 22 35 26 28 22 23 18 17
0 24 25 19 23 20 15 25 19 34 32 15 38 14 25 22 26 21 25 9 28 15 30 14 30 29 24 28 0 20 28 22 25 13 32 34 21 26 23 17 18 28 28 17 29 6 20 33 35 27 19 33 28 14 19 25 26 37 27 25 16 21 24 22 25 29 20 8 25 28 22 23 36 3 36 19 33 23 15 24 29
0 15 27 13 27 21 28 19 40 25 29 32 29 24 6 19 27 13 20 27 31 29 27 22 30 29 15 26 28 0 25 20 22 32 36 18 22 36 23 21 17 26 22 26 29 24 24 31 15 25 28 28 8 34 31 19 34 28 10 26 26 13 18 21 33 33 33 25 25 19 20 37 38 31 27 21 33 21 19 20 15
0 29 35 24 36 30 24 30 31 30 22 31 47 24 41 31 36 31 34 18 37 24 19 23 39 36 25 37 16 35 0 20 23 29 37 7 31 33 32 26 28 37 30 26 38 16 29 31 40 35 28 21 40 19 28 24 35 22 32 35 32 31 29 31 35 21 36 24 37 33 21 28 37 19 39 29 25 32 25 29 32
0 24 20 26 28 28 23 32 38 32 28 24 35 15 35 30 33 30 38 25 27 10 25 30 26 32 34 26 25 44 23 0 24 32 42 29 28 39 17 24 25 24 32 17 44 30 15 15 37 22 20 28 35 32 27 26 41 40 34 31 25 37 31 26 32 31 29 17 30 28 30 17 35 27 36 27 35 31 31 29 34
0 38 29 39 30 21 16 34 28 27 36 33 42 24 40 23 27 23 34 18 35 18 34 23 34 38 33 29 33 37 31 23 0 40 44 37 37 45 26 26 28 15 38 26 38 37 23 38 36 31 28 35 38 47 20 29 39 17 29 26 25 39 44 31 46 39 28 25 33 41 31 26 43 36 40 36 43 27 24 34 33
0 30 36 20 11 25 27 25 20 38 21 17 39 27 38 20 31 30 37 21 41 27 19 26 32 30 34 26 13 32 25 20 19 0 25 22 28 29 35 25 20 30 16 29 26 19 8 29 39 34 31 21 37 26 31 25 35 35 16 30 18 30 25 12 36 37 22 10 26 30 32 34 31 15 38 30 41 25 28 29 17
0 26 26 25 30 25 20 30 42 32 32 21 41 19 18 27 31 24 15 14 33 20 35 19 28 13 26 33 34 12 33 19 22 39 0 25 26 25 18 16 23 30 26 22 34 11 25 17 27 32 24 31 20 41 24 30 41 39 22 30 21 24 30 19 30 35 26 13 37 26 27 28 41 36 34 20 39 28 20 7 26
0 24 29 29 30 24 18 29 25 24 16 25 41 18 35 25 30 25 28 12 32 18 13 17 33 32 19 31 10 30 27 14 28 22 33 0 25 27 26 20 28 31 24 20 32 10 23 29 34 29 22 15 35 24 22 18 29 16 31 29 26 25 34 25 28 15 30 18 31 28 26 25 31 13 36 23 19 26 18 23 25
0 22 35 26 11 40 35 25 27 18 33 30 39 35 17 20 38 24 29 32 41 30 42 27 9 32 32 26 30 24 33 21 19 29 25 37 0 42 32 32 30 25 29 29 26 29 31 35 20 33 34 32 20 20 38 26 32 32 33 32 31 24 31 26 23 43 35 23 28 26 28 37 44 26 28 29 46 20 31 25 27
0 18 30 27 22 29 33 32 30 20 31 33 24 18 24 27 36 7 26 27 29 30 28 28 20 24 23 34 26 20 10 20 25 38 36 16 31 0 29 16 18 28 21 10 37 25 26 9 31 28 23 24 27 28 34 21 37 30 29 24 32 7 33 19 19 23 38 26 20 22 22 36 36 28 12 24 27 25 14 23 22
0 28 19 29 20 11 6 31 25 15 27 17 32 14 30 13 18 13 24 8 25 8 24 13 25 28 22 19 24 28 21 14 22 30 35 27 27 34 0 16 19 22 28 16 28 27 14 28 33 21 18 25 26 37 10 19 29 38 19 16 16 20 34 21 42 18 22 10 24 32 21 16 29 26 30 26 22 17 14 24 24
0 43 40 38 37 33 28 44 33 37 43 23 50 33 42 35 38 31 39 28 40 31 45 26 45 37 43 41 20 36 39 31 34 32 24 45 40 40 23 0 26 36 30 36 48 25 35 41 50 43 38 36 44 33 32 41 43 34 39 33 24 40 43 41 44 40 28 16 39 47 32 38 45 22 52 34 31 31 34 31 32
0 40 29 46 37 28 42 42 46 50 35 32 49 33 39 30 35 44 52 35 23 40 33 38 43 46 44 36 30 46 44 31 34 42 52 43 42 47 37 41 0 27 35 35 52 35 22 42 38 47 24 35 37 43 45 31 46 20 46 33 32 44 46 44 52 40 37 24 42 30 31 37 31 32 38 23 40 34 39 35 37
0 39 27 39 24 16 29 20 36 42 31 32 36 31 48 17 22 31 47 31 43 27 39 25 30 35 36 23 24 43 33 18 27 36 39 36 32 37 35 33 23 0 24 32 40 30 29 32 41 34 33 29 36 37 33 23 33 42 27 21 21 33 44 31 44 33 37 25 33 39 41 35 39 26 47 41 35 21 32 36 25
0 23 28 31 14 32 30 25 22 23 13 28 26 21 36 7 24 20 27 15 34 17 19 20 20 32 28 13 26 33 10 8 21 27 29 16 34 14 25 23 30 24 0 23 30 25 18 14 31 20 23 6 34 28 34 13 22 31 30 32 28 20 29 22 21 30 21 20 27 27 28 25 16 17 25 30 34 29 21 28 2
0 23 29 37 29 32 27 22 25 18 29 25 47 33 37 33 33 31 40 29 30 29 27 18 41 26 18 39 30 39 25 28 32 38 43 31 36 30 35 34 8 24 26 0 37 33 16 30 30 34 32 24 23 35 31 11 31 28 39 18 26 31 41 29 42 14 31 18 27 27 29 37 38 30 31 30 18 19 34 29 28
0 27 22 37 24 34 31 19 20 37 22 17 42 30 19 29 32 18 32 25 15 31 35 30 33 30 12 35 32 25 32 30 23 35 38 22 36 36 25 27 29 20 23 33 0 22 26 33 28 22 17 28 21 46 15 24 35 35 24 30 35 25 38 30 41 37 22 28 25 22 24 30 23 25 17 16 32 24 25 18 24
0 31 20 25 23 15 9 30 35 28 27 24 32 9 31 16 21 16 19 3 23 9 25 8 24 28 19 22 24 30 22 17 19 31 35 28 16 30 17 11 19 24 23 11 23 0 15 27 36 22 13 27 33 36 13 22 33 33 22 20 24 16 30 17 19 24 29 17 28 30 16 17 31 27 34 14 28 20 9 19 25
0 36 29 31 26 17 28 36 26 30 13 10 36 27 37 18 23 23 42 28 35 21 11 32 29 36 34 25 24 37 25 12 28 29 40 31 20 25 28 30 13 23 29 29 31 25 0 27 36 27 27 13 36 37 32 25 27 32 26 22 10 22 36 22 35 31 15 3 32 29 31 26 29 20 37 23 35 17 29 21 30
0 10 22 19 13 32 26 25 30 35 28 34 34 27 23 22 38 29 37 22 38 28 31 26 12 38 20 29 36 30 20 23 18 32 28 26 34 31 21 24 17 26 18 29 29 19 26 0 23 20 26 23 21 24 26 25 36 32 27 33 32 30 24 11 38 33 37 28 36 13 15 29 33 27 22 16 37 33 28 15 19
0 25 29 14 27 23 18 13 34 35 26 32 38 18 17 19 30 24 28 12 31 18 30 17 32 36 26 26 27 12 19 20 13 27 37 18 25 26 26 14 19 27 13 20 32 9 23 20 0 30 22 18 20 37 22 20 31 13 21 26 27 24 20 6 28 32 33 25 36 24 10 26 28 21 33 22 36 27 18 5 14
0 38 31 40 21 23 17 36 17 29 34 34 44 25 29 24 29 25 36 20 37 20 35 24 36 27 26 31 35 39 31 25 2 42 35 37 37 35 21 28 29 17 21 27 37 21 25 30 38 0 30 27 32 45 21 31 36 19 30 27 27 36 46 33 40 38 30 27 22 41 33 28 37 37 42 26 28 23 26 29 23
0 27 38 37 36 37 32 40 31 37 36 35 41 26 18 31 43 25 32 33 38 34 33 34 34 23 21 37 40 39 32 32 35 44 41 39 25 23 35 24 36 29 36 28 41 30 39 26 27 37 0 36 20 45 35 37 36 40 44 23 35 25 43 29 42 41 40 27 18 31 32 42 46 35 31 33 42 24 22 26 38
0 29 28 33 33 36 31 39 29 32 16 32 36 26 36 36 38 19 37 29 34 17 14 32 32 36 35 33 28 32 12 15 16 33 44 18 39 12 25 27 30 30 32 22 33 26 23 20 31 14 31 0 39 30 35 33 30 32 37 36 32 19 39 25 31 32 32 25 31 33 32 25 32 23 24 35 36 26 26 24 31
0 7 20 21 32 29 24 20 33 32 33 32 40 25 21 25 35 27 34 19 32 25 33 15 33 31 17 27 34 19 18 25 15 34 42 24 32 33 18 18 26 24 20 27 22 16 23 23 8 17 24 25 0 36 23 27 33 20 28 33 32 27 27 13 35 36 37 25 39 11 13 29 35 24 19 13 40 21 25 12 21
0 10 23 6 21 24 26 11 17 36 28 18 39 26 24 22 30 30 33 20 25 26 27 18 34 27 21 28 28 30 21 22 19 16 18 27 25 28 22 22 10 27 15 24 37 18 16 27 25 21 27 21 22 0 27 11 37 29 14 27 19 31 11 25 35 31 23 11 23 14 16 29 30 6 23 17 35 26 23 13 17
0 30 32 26 26 20 27 31 40 38 36 25 35 26 21 19 26 4 35 21 26 27 34 25 30 42 19 25 31 18 32 20 22 37 36 36 22 32 34 12 30 25 24 28 41 18 30 34 30 32 28 20 23 41 0 25 34 38 10 25 36 25 31 17 33 42 30 28 38 33 34 33 34 27 41 27 38 26 10 25 14
0 33 32 36 26 22 31 12 31 35 18 15 41 31 31 22 28 28 41 25 25 26 16 8 34 22 32 28 20 39 25 17 31 28 41 31 25 25 33 25 18 28 15 33 36 23 6 26 41 32 27 18 34 33 35 0 32 33 31 23 15 28 35 28 36 36 20 8 18 32 34 30 31 22 37 26 40 22 23 18 17
0 19 15 29 21 24 19 23 16 28 12 24 39 21 16 26 30 22 29 20 28 21 29 25 29 26 30 27 26 22 30 26 10 29 15 28 34 30 13 28 21 18 26 23 29 25 18 18 20 30 16 19 13 39 23 23 0 27 25 13 24 22 22 21 34 31 29 17 22 6 8 18 28 19 14 8 35 13 27 21 28
0 21 34 33 28 28 22 32 36 39 23 25 43 30 30 29 34 26 41 25 39 25 40 29 40 38 27 36 35 30 32 30 29 35 41 29 37 34 32 29 28 20 31 32 40 28 30 33 19 31 35 29 32 43 26 29 27 0 35 14 26 26 38 25 45 44 30 18 39 25 27 33 39 25 33 27 48 14 31 24 33
0 34 23 36 17 11 24 28 31 30 34 27 29 25 29 10 17 26 30 27 37 20 32 23 21 38 19 16 31 36 31 11 12 37 32 31 12 32 28 12 29 22 31 27 33 36 21 25 32 27 26 20 32 32 28 16 25 29 0 16 28 29 41 36 24 39 24 20 34 30 32 28 36 27 33 24 37 17 33 32 5
0 32 22 32 23 14 9 26 29 25 25 12 29 17 29 16 20 13 27 11 28 11 27 16 26 30 26 22 21 27 24 16 23 21 28 16 30 29 19 16 15 6 29 19 31 25 16 31 23 24 21 28 26 35 13 22 13 31 22 0 12 13 35 24 39 30 17 5 25 19 21 19 36 12 27 21 34 1 17 20 26
0 31 27 40 31 28 24 27 37 28 25 21 39 32 38 27 28 31 42 26 25 26 22 31 36 35 36 30 28 46 36 23 36 35 46 42 31 36 19 29 3 30 30 34 36 24 12 38 40 38 27 24 39 42 28 30 38 22 29 33 0 34 26 32 43 34 18 14 37 32 34 21 33 31 40 26 38 29 32 20 32
0 27 30 22 32 23 26 28 38 13 30 29 17 12 18 24 29 1 31 26 23 29 28 25 32 17 16 31 28 15 26 25 30 35 33 32 25 27 27 9 21 22 21 14 41 24 29 21 27 29 16 17 20 41 30 24 31 39 24 18 26 0 28 14 41 27 34 22 13 30 32 30 31 25 38 23 31 18 7 20 22
0 6 18 28 18 14 22 1 26 27 17 27 29 24 19 11 20 25 31 19 28 21 23 24 24 33 16 17 26 26 14 12 14 31 33 20 15 18 17 12 7 21 5 26 34 23 22 18 14 16 22 10 17 32 22 17 26 26 3 19 27 24 0 20 25 34 22 20 32 9 11 19 20 21 18 12 38 16 12 19 6
0 19 28 9 21 27 31 14 28 30 20 26 33 18 29 14 31 27 34 12 30 19 26 17 26 36 28 20 33 34 17 14 23 21 34 23 28 20 26 21 13 28 7 20 32 32 19 21 28 26 23 13 26 31 35 14 25 32 16 23 22 27 14 0 27 33 27 19 32 19 21 26 22 24 27 21 37 23 19 28 9
0 28 27 26 30 21 16 32 27 24 32 22 42 22 20 22 27 23 7 16 35 18 30 21 35 37 31 29 8 27 31 23 8 20 39 17 29 33 10 24 22 22 29 24 31 13 23 31 29 30 26 32 22 21 19 29 33 25 28 26 19 26 32 27 0 28 27 15 32 18 20 26 39 10 27 21 32 26 22 32 31
0 10 23 24 16 24 27 29 11 10 26 17 37 29 24 24 20 26 37 28 38 28 24 28 33 18 4 30 37 30 21 23 18 37 30 27 31 23 21 24 28 22 32 31 23 25 26 22 28 20 27 11 21 22 23 21 29 32 28 22 32 29 28 29 38 0 22 26 17 14 16 32 39 27 22 16 4 22 22 21 19
0 26 16 25 22 13 14 28 27 26 34 26 22 22 29 14 10 21 32 16 21 16 32 21 23 26 20 17 19 36 26 15 18 26 36 30 21 37 24 24 22 20 24 24 36 24 22 26 34 29 22 27 31 32 18 17 28 35 27 15 27 27 30 17 43 16 0 19 33 28 20 12 29 21 36 21 20 15 22 29 25
0 38 27 37 34 25 26 34 39 28 32 8 34 34 41 27 23 31 44 28 33 29 30 33 36 38 32 29 22 37 34 22 26 34 42 40 34 25 26 35 11 21 36 34 44 27 19 33 34 41 25 30 39 35 30 29 28 30 24 27 8 31 34 29 40 29 13 0 37 33 33 24 41 24 36 21 32 15 35 28 28
0 16 20 27 21 19 14 31 31 30 18 17 34 20 21 21 25 18 31 15 33 16 15 19 20 5 26 27 26 32 24 17 25 26 33 21 27 15 24 17 20 11 26 22 35 12 21 8 27 27 25 18 24 32 17 27 18 36 27 5 17 18 32 19 31 28 22 9 0 20 22 24 34 17 26 23 31 6 21 8 27
0 14 9 29 26 19 13 17 28 22 26 22 34 15 10 20 25 17 24 15 28 16 23 20 24 26 24 27 26 17 25 21 5 24 40 23 29 32 8 23 15 13 21 18 29 24 13 13 15 25 14 26 8 37 17 27 28 22 19 24 22 17 17 20 41 26 27 15 30 0 2 19 36 14 9 3 30 24 21 19 22
0 20 32 30 24 20 19 15 30 30 32 24 40 13 34 21 26 26 37 21 36 21 37 26 22 40 30 28 34 39 28 22 3 22 38 34 27 32 28 26 14 18 19 16 40 29 26 11 29 30 18 25 31 35 22 26 38 20 17 25 25 37 15 22 39 29 29 17 36 24 0 29 34 12 32 26 33 25 27 25 21
0 24 17 26 17 27 22 20 27 37 27 22 22 22 18 26 26 24 31 16 10 22 25 17 16 15 30 9 8 27 31 26 21 15 32 30 29 33 24 20 23 14 22 24 33 13 15 19 27 34 11 27 20 21 26 9 33 32 22 32 23 24 19 26 32 33 28 15 27 17 18 0 18 10 25 10 27 30 22 18 23
0 25 14 30 22 29 29 36 32 35 20 14 40 25 36 31 9 33 39 20 31 26 30 25 28 38 24 36 24 44 24 29 29 12 36 30 20 31 33 17 17 18 27 20 38 20 19 37 33 36 30 27 37 38 33 31 34 37 23 34 15 33 36 22 39 25 19 7 34 29 27 31 0 2 38 27 28 22 15 30 27
0 40 32 29 20 30 31 35 30 33 31 13 39 37 34 29 28 37 47 31 38 34 28 36 41 36 36 34 23 42 35 27 29 10 35 32 38 30 31 34 16 26 25 19 36 28 18 38 39 42 30 31 37 36 35 29 33 35 26 32 13 36 35 21 45 32 18 6 32 38 38 29 41 0 41 26 30 20 37 33 27
0 23 35 21 31 28 29 25 40 33 32 21 37 23 14 27 35 21 28 30 33 31 35 30 29 26 23 33 32 8 33 28 13 32 44 26 21 36 31 29 24 28 29 26 37 27 32 21 23 33 28 35 16 40 32 27 40 19 18 27 22 21 25 29 41 39 27 14 22 26 10 24 41 22 0 29 41 27 27 28 22
0 18 7 27 30 26 32 30 26 38 23 19 39 18 32 27 32 32 45 13 31 19 21 17 38 23 28 34 30 38 29 22 26 39 44 20 30 30 26 21 13 11 32 20 33 28 10 27 36 29 23 23 29 43 35 31 37 33 35 31 20 32 33 26 39 34 24 12 31 22 24 26 39 29 30 0 38 27 19 26 34
0 21 21 20 12 20 26 25 7 38 30 13 39 29 34 21 16 23 40 24 34 29 28 29 29 14 27 27 37 33 32 21 20 33 26 33 27 27 32 20 24 18 28 32 27 21 26 18 38 31 34 30 32 18 19 26 31 37 24 18 30 30 24 25 40 28 18 22 13 25 23 29 35 24 26 17 0 18 18 17 28
0 32 27 36 28 21 29 25 29 31 25 11 35 29 28 22 26 18 42 27 36 31 33 31 26 35 34 29 21 33 38 23 23 33 27 39 37 28 26 27 14 6 29 25 42 24 23 31 22 39 29 31 26 34 33 29 13 34 27 25 12 18 34 28 43 32 16 4 31 18 20 28 40 23 27 21 36 0 25 20 31
0 26 23 16 28 30 28 21 35 30 27 25 25 25 33 21 32 33 38 19 16 26 33 24 33 39 10 27 22 38 24 21 24 28 26 30 35 27 24 2 20 15 14 27 40 20 26 28 35 22 18 20 30 35 32 21 32 36 24 30 26 34 21 8 34 35 30 18 36 23 25 33 24 24 32 17 33 30 0 15 16
0 31 24 21 28 19 14 27 36 33 26 28 36 13 35 20 25 20 24 8 27 14 29 12 29 32 23 27 29 34 27 21 24 33 34 33 20 33 21 10 23 28 19 15 28 5 19 31 40 26 18 25 38 40 17 26 37 37 26 24 29 20 26 13 24 29 33 21 32 31 21 21 35 31 38 18 33 24 14 0 21
0 30 26 32 13 30 28 23 29 37 30 26 25 21 34 5 29 36 26 31 32 15 27 19 18 33 26 12 26 36 28 6 21 37 27 34 34 30 23 24 29 22 27 23 28 32 17 21 29 22 21 18 33 36 32 12 20 38 39 33 26 36 37 31 19 35 19 19 29 26 28 23 40 29 28 28 39 27 35 30 0
SETUP_COST
0.0 440.0 260.0 720.0 520.0 460.0 620.0 520.0 580.0 440.0 660.0 500.0 700.0 40.0 260.0 480.0 160.0 360.0 540.0 380.0 600.0 500.0 620.0 440.0 480.0 580.0 440.0 620.0 680.0 660.0 480.0 500.0 600.0 760.0 780.0 600.0 320.0 560.0 600.0 540.0 240.0 360.0 600.0 100.0 300.0 620.0 400.0 660.0 440.0 640.0 140.0 500.0 300.0 700.0 600.0 300.0 540.0 640.0 780.0 440.0 520.0 360.0 820.0 560.0 760.0 360.0 620.0 360.0 500.0 520.0 540.0 660.0 540.0 560.0 640.0 560.0 440.0 300.0 500.0 540.0 640.0
0.0 0.0 260.0 640.0 580.0 460.0 340.0 420.0 540.0 520.0 600.0 520.0 680.0 380.0 280.0 480.0 580.0 400.0 560.0 380.0 620.0 400.0 540.0 480.0 540.0 580.0 220.0 420.0 540.0 420.0 220.0 500.0 180.0 540.0 860.0 340.0 640.0 720.0 240.0 540.0 380.0 340.0 500.0 420.0 640.0 520.0 340.0 340.0 380.0 220.0 340.0 580.0 240.0 600.0 340.0 420.0 640.0 460.0 460.0 560.0 520.0 420.0 420.0 480.0 760.0 600.0 620.0 380.0 660.0 80.0 120.0 440.0 800.0 360.0 260.0 140.0 680.0 560.0 500.0 460.0 400.0
0.0 240.0 0.0 560.0 480.0 400.0 520.0 480.0 380.0 620.0 600.0 540.0 660.0 240.0 500.0 420.0 520.0 600.0 780.0 120.0 500.0 240.0 560.0 220.0 680.0 580.0 420.0 540.0 540.0 640.0 440.0 440.0 400.0 680.0 760.0 580.0 500.0 480.0 400.0 280.0 140.0 100.0 520.0 280.0 520.0 520.0 340.0 560.0 600.0 440.0 320.0 600.0 460.0 820.0 560.0 500.0 760.0 520.0 620.0 500.0 500.0 600.0 640.0 380.0 660.0 540.0 640.0 400.0 500.0 320.0 340.0 400.0 660.0 580.0 480.0 360.0 620.0 500.0 240.0 440.0 560.0
0.0 220.0 400.0 0.0 480.0 380.0 480.0 120.0 580.0 640.0 460.0 420.0 680.0 500.0 420.0 320.0 500.0 540.0 680.0 500.0 540.0 520.0 440.0 260.0 580.0 560.0 420.0 460.0 500.0 540.0 380.0 340.0 300.0 680.0 520.0 500.0 400.0 460.0 360.0 340.0 100.0 480.0 200.0 560.0 780.0 560.0 220.0 460.0 400.0 420.0 480.0 320.0 360.0 760.0 540.0 120.0 620.0 480.0 160.0 480.0 280.0 540.0 120.0 500.0 600.0 720.0 520.0 260.0 480.0 220.0 260.0 480.0 500.0 480.0 380.0 260.0 800.0 420.0 360.0 480.0 240.0
0.0 580.0 600.0 720.0 0.0 600.0 480.0 540.0 340.0 720.0 680.0 420.0 560.0 500.0 640.0 200.0 720.0 620.0 580.0 540.0 620.0 380.0 620.0 460.0 440.0 540.0 560.0 320.0 680.0 540.0 640.0 200.0 180.0 780.0 300.0 760.0 740.0 680.0 540.0 480.0 660.0 460.0 620.0 540.0 320.0 500.0 420.0 500.0 660.0 520.0 500.0 440.0 680.0 800.0 560.0 320.0 740.0 520.0 720.0 540.0 620.0 780.0 820.0 600.0 720.0 780.0 540.0 460.0 460.0 660.0 700.0 540.0 780.0 580.0 640.0 520.0 860.0 560.0 660.0 420.0 340.0
0.0 480.0 240.0 560.0 180.0 0.0 280.0 400.0 420.0 620.0 520.0 340.0 420.0 320.0 660.0 40.0 140.0 320.0 640.0 320.0 580.0 240.0 480.0 300.0 300.0 600.0 460.0 160.0 520.0 600.0 460.0 60.0 240.0 540.0 480.0 420.0 340.0 520.0 400.0 400.0 380.0 220.0 460.0 360.0 500.0 600.0 260.0 340.0 520.0 380.0 360.0 280.0 580.0 660.0 360.0 160.0 360.0 580.0 540.0 120.0 340.0 360.0 640.0 560.0 680.0 640.0 440.0 200.0 520.0 480.0 520.0 400.0 520.0 340.0 640.0 520.0 520.0 120.0 440.0 520.0 500.0
0.0 500.0 280.0 460.0 300.0 120.0 0.0 500.0 520.0 500.0 420.0 340.0 540.0 160.0 500.0 140.0 240.0 160.0 380.0 60.0 400.0 60.0 380.0 160.0 400.0 500.0 360.0 280.0 360.0 440.0 320.0 160.0 340.0 500.0 580.0 440.0 440.0 600.0 220.0 220.0 360.0 340.0 460.0 200.0 460.0 440.0 160.0 460.0 620.0 300.0 260.0 400.0 540.0 620.0 80.0 280.0 480.0 660.0 260.0 220.0 360.0 460.0 580.0 320.0 740.0 480.0 440.0 200.0 540.0 540.0 320.0 220.0 560.0 400.0 500.0 400.0 560.0 220.0 180.0 360.0 360.0
0.0 540.0 620.0 540.0 360.0 700.0 680.0 0.0 500.0 520.0 340.0 520.0 600.0 480.0 720.0 220.0 560.0 480.0 620.0 380.0 540.0 400.0 460.0 480.0 460.0 660.0 420.0 340.0 520.0 740.0 280.0 220.0 500.0 620.0 640.0 400.0 440.0 340.0 560.0 280.0 580.0 420.0 80.0 520.0 680.0 580.0 440.0 360.0 680.0 460.0 520.0 200.0 760.0 640.0 760.0 340.0 520.0 700.0 680.0 720.0 540.0 480.0 640.0 380.0 480.0 680.0 480.0 380.0 620.0 620.0 640.0 360.0 380.0 420.0 580.0 560.0 760.0 300.0 240.0 540.0 120.0
0.0 440.0 320.0 660.0 100.0 500.0 380.0 640.0 0.0 720.0 480.0 440.0 660.0 520.0 540.0 280.0 620.0 480.0 680.0 400.0 700.0 440.0 420.0 500.0 500.0 220.0 640.0 400.0 640.0 620.0 600.0 300.0 260.0 640.0 380.0 520.0 660.0 420.0 600.0 460.0 460.0 340.0 620.0 560.0 420.0 360.0 400.0 280.0 660.0 620.0 580.0 480.0 600.0 760.0 460.0 400.0 480.0 600.0 540.0 220.0 460.0 480.0 760.0 500.0 740.0 660.0 560.0 300.0 120.0 520.0 560.0 600.0 800.0 440.0 640.0 200.0 740.0 240.0 540.0 260.0 420.0
0.0 360.0 580.0 640.0 620.0 560.0 460.0 460.0 560.0 0.0 540.0 520.0 880.0 580.0 620.0 600.0 700.0 540.0 800.0 480.0 740.0 500.0 500.0 380.0 580.0 280.0 360.0 720.0 620.0 600.0 580.0 520.0 520.0 620.0 840.0 600.0 720.0 480.0 520.0 520.0 580.0 400.0 500.0 640.0 660.0 420.0 340.0 360.0 380.0 560.0 680.0 540.0 240.0 840.0 540.0 240.0 560.0 620.0 720.0 300.0 520.0 540.0 760.0 480.0 800.0 740.0 620.0 380.0 200.0 440.0 480.0 660.0 800.0 420.0 600.0 480.0 820.0 300.0 600.0 340.0 520.0
0.0 560.0 560.0 360.0 360.0 720.0 640.0 460.0 260.0 760.0 0.0 600.0 840.0 540.0 580.0 460.0 500.0 500.0 580.0 420.0 660.0 480.0 400.0 520.0 640.0 460.0 580.0 580.0 600.0 720.0 360.0 420.0 440.0 560.0 580.0 480.0 720.0 380.0 540.0 600.0 440.0 600.0 320.0 560.0 360.0 600.0 560.0 420.0 680.0 400.0 600.0 140.0 540.0 740.0 640.0 460.0 280.0 780.0 520.0 480.0 620.0 500.0 460.0 200.0 440.0 780.0 700.0 460.0 380.0 380.0 420.0 520.0 320.0 360.0 560.0 440.0 860.0 480.0 560.0 520.0 360.0
0.0 620.0 400.0 600.0 540.0 360.0 380.0 660.0 640.0 620.0 640.0 0.0 540.0 540.0 680.0 380.0 300.0 520.0 740.0 420.0 520.0 440.0 680.0 520.0 560.0 620.0 500.0 440.0 480.0 760.0 620.0 400.0 460.0 620.0 700.0 660.0 520.0 720.0 580.0 580.0 440.0 260.0 580.0 580.0 820.0 600.0 460.0 620.0 540.0 680.0 520.0 540.0 660.0 740.0 460.0 440.0 420.0 780.0 640.0 400.0 380.0 520.0 720.0 440.0 980.0 420.0 120.0 240.0 760.0 520.0 500.0 340.0 680.0 520.0 680.0 280.0 500.0 160.0 540.0 560.0 600.0
0.0 400.0 360.0 300.0 300.0 120.0 320.0 420.0 420.0 400.0 520.0 460.0 0.0 440.0 360.0 160.0 260.0 420.0 620.0 360.0 680.0 360.0 600.0 420.0 400.0 560.0 300.0 280.0 640.0 680.0 460.0 160.0 360.0 560.0 580.0 540.0 440.0 540.0 220.0 520.0 380.0 340.0 280.0 480.0 620.0 700.0 380.0 460.0 540.0 480.0 460.0 380.0 400.0 640.0 400.0 280.0 480.0 680.0 460.0 220.0 460.0 480.0 400.0 140.0 660.0 220.0 560.0 300.0 540.0 480.0 520.0 500.0 580.0 460.0 520.0 540.0 300.0 240.0 480.0 620.0 280.0
0.0 520.0 620.0 780.0 480.0 420.0 580.0 500.0 540.0 400.0 620.0 560.0 840.0 0.0 460.0 460.0 540.0 380.0 720.0 620.0 640.0 620.0 580.0 400.0 440.0 540.0 400.0 580.0 660.0 680.0 540.0 460.0 660.0 820.0 780.0 660.0 280.0 520.0 740.0 560.0 200.0 480.0 560.0 60.0 780.0 680.0 360.0 620.0 640.0 720.0 100.0 460.0 500.0 680.0 660.0 260.0 660.0 600.0 820.0 420.0 560.0 580.0 880.0 620.0 720.0 320.0 660.0 400.0 460.0 580.0 620.0 780.0 820.0 640.0 660.0 640.0 400.0 420.0 520.0 600.0 600.0
0.0 180.0 440.0 480.0 680.0 560.0 460.0 460.0 720.0 400.0 700.0 520.0 480.0 360.0 0.0 540.0 520.0 140.0 280.0 420.0 520.0 500.0 700.0 340.0 720.0 480.0 380.0 600.0 680.0 420.0 400.0 560.0 360.0 520.0 800.0 480.0 620.0 680.0 340.0 320.0 560.0 420.0 440.0 400.0 480.0 380.0 500.0 520.0 200.0 400.0 460.0 480.0 60.0 760.0 520.0 580.0 560.0 440.0 620.0 500.0 540.0 140.0 580.0 320.0 760.0 680.0 640.0 380.0 400.0 260.0 300.0 620.0 680.0 520.0 420.0 320.0 760.0 320.0 280.0 280.0 480.0
0.0 500.0 420.0 540.0 160.0 500.0 480.0 360.0 480.0 640.0 500.0 420.0 400.0 320.0 680.0 0.0 640.0 620.0 720.0 520.0 540.0 200.0 440.0 280.0 260.0 560.0 420.0 140.0 500.0 680.0 460.0 20.0 320.0 640.0 440.0 580.0 580.0 500.0 360.0 380.0 480.0 340.0 440.0 360.0 460.0 580.0 240.0 320.0 480.0 340.0 320.0 260.0 560.0 620.0 540.0 140.0 760.0 660.0 700.0 580.0 440.0 620.0 640.0 520.0 660.0 600.0 520.0 280.0 480.0 580.0 620.0 360.0 700.0 560.0 720.0 560.0 680.0 580.0 600.0 500.0 460.0
0.0 340.0 120.0 660.0 440.0 420.0 620.0 600.0 500.0 580.0 720.0 640.0 760.0 340.0 560.0 440.0 0.0 700.0 800.0 240.0 620.0 360.0 660.0 340.0 400.0 680.0 540.0 580.0 640.0 700.0 320.0 460.0 520.0 620.0 640.0 440.0 240.0 580.0 520.0 400.0 260.0 200.0 520.0 400.0 640.0 620.0 460.0 680.0 620.0 560.0 440.0 640.0 560.0 620.0 680.0 580.0 780.0 640.0 740.0 520.0 600.0 700.0 740.0 500.0 680.0 660.0 740.0 480.0 620.0 420.0 460.0 520.0 380.0 420.0 580.0 480.0 400.0 520.0 360.0 540.0 560.0
0.0 520.0 600.0 440.0 700.0 700.0 620.0 560.0 820.0 740.0 660.0 640.0 640.0 640.0 360.0 540.0 780.0 0.0 620.0 520.0 460.0 640.0 600.0 620.0 800.0 780.0 320.0 680.0 560.0 300.0 580.0 560.0 600.0 700.0 660.0 660.0 720.0 580.0 620.0 180.0 540.0 440.0 420.0 680.0 820.0 520.0 660.0 680.0 540.0 580.0 500.0 340.0 400.0 820.0 700.0 560.0 720.0 780.0 480.0 460.0 640.0 480.0 560.0 280.0 820.0 840.0 700.0 500.0 740.0 600.0 640.0 600.0 620.0 600.0 760.0 460.0 780.0 480.0 140.0 440.0 440.0
0.0 500.0 420.0 640.0 460.0 280.0 180.0 560.0 560.0 360.0 520.0 400.0 700.0 340.0 440.0 320.0 420.0 320.0 0.0 220.0 560.0 220.0 460.0 320.0 560.0 620.0 500.0 440.0 420.0 560.0 480.0 340.0 320.0 480.0 760.0 220.0 600.0 720.0 80.0 380.0 440.0 500.0 460.0 380.0 620.0 400.0 340.0 480.0 520.0 480.0 420.0 520.0 380.0 680.0 260.0 440.0 640.0 520.0 440.0 380.0 380.0 460.0 560.0 480.0 780.0 420.0 500.0 260.0 540.0 240.0 280.0 380.0 640.0 440.0 400.0 280.0 500.0 400.0 340.0 540.0 480.0
0.0 560.0 340.0 440.0 480.0 500.0 400.0 560.0 640.0 520.0 500.0 420.0 620.0 120.0 560.0 540.0 640.0 500.0 760.0 0.0 400.0 140.0 440.0 100.0 560.0 500.0 320.0 460.0 440.0 780.0 380.0 460.0 320.0 580.0 660.0 500.0 380.0 540.0 280.0 180.0 320.0 420.0 400.0 160.0 420.0 400.0 240.0 480.0 740.0 380.0 220.0 500.0 600.0 700.0 480.0 380.0 760.0 600.0 600.0 520.0 420.0 680.0 540.0 280.0 780.0 440.0 520.0 280.0 500.0 540.0 280.0 280.0 560.0 480.0 700.0 420.0 520.0 540.0 140.0 320.0 440.0
0.0 380.0 140.0 480.0 540.0 400.0 400.0 400.0 480.0 580.0 480.0 400.0 780.0 380.0 340.0 380.0 340.0 480.0 620.0 260.0 0.0 380.0 420.0 320.0 620.0 480.0 460.0 520.0 540.0 480.0 440.0 400.0 240.0 400.0 820.0 420.0 540.0 500.0 300.0 380.0 280.0 100.0 260.0 420.0 660.0 340.0 220.0 400.0 440.0 580.0 40.0 380.0 300.0 700.0 480.0 180.0 680.0 460.0 480.0 500.0 420.0 480.0 480.0 480.0 660.0 660.0 500.0 260.0 400.0 140.0 180.0 380.0 180.0 200.0 320.0 20.0 360.0 500.0 340.0 260.0 300.0
0.0 440.0 220.0 580.0 500.0 380.0 280.0 560.0 580.0 460.0 380.0 300.0 600.0 420.0 520.0 420.0 500.0 420.0 640.0 320.0 340.0 0.0 320.0 420.0 460.0 460.0 600.0 340.0 320.0 700.0 260.0 340.0 280.0 460.0 780.0 380.0 500.0 600.0 160.0 400.0 360.0 300.0 560.0 480.0 720.0 420.0 120.0 540.0 700.0 260.0 380.0 360.0 560.0 580.0 360.0 340.0 640.0 620.0 540.0 480.0 300.0 560.0 540.0 420.0 800.0 520.0 400.0 160.0 640.0 480.0 520.0 160.0 500.0 360.0 660.0 360.0 600.0 440.0 440.0 520.0 580.0
0.0 500.0 440.0 400.0 400.0 580.0 480.0 520.0 320.0 660.0 60.0 480.0 700.0 320.0 640.0 500.0 500.0 420.0 620.0 360.0 560.0 220.0 0.0 460.0 540.0 520.0 640.0 440.0 520.0 680.0 280.0 40.0 360.0 600.0 620.0 400.0 600.0 300.0 380.0 400.0 500.0 360.0 380.0 380.0 400.0 300.0 320.0 320.0 660.0 320.0 420.0 60.0 580.0 660.0 560.0 440.0 340.0 700.0 560.0 520.0 480.0 420.0 500.0 240.0 500.0 640.0 380.0 340.0 440.0 440.0 480.0 380.0 380.0 400.0 520.0 500.0 720.0 260.0 480.0 220.0 400.0
0.0 660.0 500.0 640.0 380.0 600.0 480.0 660.0 720.0 720.0 740.0 620.0 920.0 480.0 480.0 560.0 700.0 580.0 680.0 360.0 360.0 500.0 780.0 0.0 780.0 820.0 680.0 700.0 800.0 840.0 640.0 580.0 480.0 760.0 680.0 760.0 620.0 460.0 640.0 420.0 640.0 460.0 600.0 520.0 700.0 320.0 580.0 620.0 680.0 740.0 400.0 720.0 540.0 1000.0 560.0 540.0 920.0 520.0 740.0 700.0 760.0 580.0 740.0 460.0 700.0 780.0 720.0 620.0 760.0 500.0 540.0 640.0 540.0 560.0 680.0 380.0 720.0 660.0 500.0 220.0 640.0
0.0 480.0 640.0 500.0 40.0 620.0 520.0 320.0 380.0 760.0 480.0 460.0 600.0 540.0 560.0 220.0 720.0 660.0 620.0 460.0 660.0 420.0 660.0 500.0 0.0 540.0 580.0 360.0 720.0 460.0 600.0 240.0 220.0 760.0 340.0 580.0 720.0 660.0 580.0 500.0 560.0 500.0 400.0 420.0 360.0 400.0 460.0 540.0 240.0 560.0 520.0 480.0 620.0 840.0 600.0 360.0 660.0 480.0 640.0 580.0 640.0 700.0 620.0 340.0 740.0 680.0 520.0 500.0 480.0 560.0 420.0 580.0 700.0 620.0 680.0 560.0 760.0 600.0 560.0 320.0 380.0
0.0 260.0 520.0 460.0 340.0 440.0 320.0 580.0 660.0 660.0 580.0 620.0 760.0 320.0 480.0 460.0 560.0 460.0 520.0 200.0 600.0 340.0 640.0 300.0 300.0 0.0 460.0 600.0 640.0 620.0 480.0 480.0 440.0 660.0 640.0 600.0 460.0 700.0 480.0 260.0 380.0 600.0 420.0 360.0 600.0 160.0 440.0 80.0 540.0 480.0 400.0 540.0 480.0 560.0 400.0 580.0 800.0 720.0 580.0 540.0 320.0 460.0 560.0 300.0 540.0 460.0 680.0 480.0 700.0 340.0 380.0 480.0 740.0 600.0 500.0 400.0 540.0 540.0 340.0 60.0 440.0
0.0 860.0 900.0 1000.0 640.0 780.0 680.0 840.0 660.0 520.0 900.0 900.0 880.0 800.0 900.0 500.0 900.0 820.0 900.0 720.0 920.0 680.0 920.0 760.0 740.0 780.0 0.0 620.0 740.0 840.0 940.0 500.0 360.0 980.0 700.0 1040.0 1040.0 980.0 740.0 680.0 480.0 660.0 740.0 840.0 940.0 760.0 720.0 800.0 880.0 340.0 800.0 740.0 740.0 1020.0 740.0 620.0 660.0 700.0 920.0 800.0 560.0 1040.0 1020.0 840.0 780.0 1040.0 820.0 760.0 700.0 780.0 820.0 840.0 1040.0 800.0 940.0 820.0 840.0 780.0 840.0 820.0 440.0
0.0 580.0 620.0 560.0 160.0 380.0 580.0 240.0 500.0 660.0 380.0 300.0 260.0 620.0 540.0 360.0 500.0 500.0 740.0 500.0 500.0 520.0 320.0 160.0 140.0 440.0 560.0 0.0 400.0 580.0 500.0 340.0 340.0 560.0 460.0 620.0 500.0 500.0 460.0 280.0 360.0 560.0 300.0 540.0 480.0 460.0 120.0 520.0 360.0 640.0 200.0 360.0 460.0 660.0 660.0 20.0 640.0 600.0 620.0 460.0 300.0 500.0 660.0 400.0 720.0 480.0 400.0 160.0 360.0 640.0 540.0 600.0 620.0 440.0 700.0 520.0 560.0 440.0 460.0 360.0 340.0
0.0 480.0 500.0 380.0 460.0 400.0 300.0 500.0 380.0 680.0 640.0 300.0 760.0 280.0 500.0 440.0 520.0 420.0 500.0 180.0 560.0 300.0 600.0 280.0 600.0 580.0 480.0 560.0 0.0 400.0 560.0 440.0 500.0 260.0 640.0 680.0 420.0 520.0 460.0 340.0 360.0 560.0 560.0 340.0 580.0 120.0 400.0 660.0 700.0 540.0 380.0 660.0 560.0 280.0 380.0 500.0 520.0 740.0 540.0 500.0 320.0 420.0 480.0 440.0 500.0 580.0 400.0 160.0 500.0 560.0 440.0 460.0 720.0 60.0 720.0 380.0 660.0 460.0 300.0 480.0 580.0
0.0 300.0 540.0 260.0 540.0 420.0 560.0 380.0 800.0 500.0 580.0 640.0 580.0 480.0 120.0 380.0 540.0 260.0 400.0 540.0 620.0 580.0 540.0 440.0 600.0 580.0 300.0 520.0 560.0 0.0 500.0 400.0 440.0 640.0 720.0 360.0 440.0 720.0 460.0 420.0 340.0 520.0 440.0 520.0 580.0 480.0 480.0 620.0 300.0 500.0 560.0 560.0 160.0 680.0 620.0 380.0 680.0 560.0 200.0 520.0 520.0 260.0 360.0 420.0 660.0 660.0 660.0 500.0 500.0 380.0 400.0 740.0 760.0 620.0 540.0 420.0 660.0 420.0 380.0 400.0 300.0
0.0 580.0 700.0 480.0 720.0 600.0 480.0 600.0 620.0 600.0 440.0 620.0 940.0 480.0 820.0 620.0 720.0 620.0 680.0 360.0 740.0 480.0 380.0 460.0 780.0 720.0 500.0 740.0 320.0 700.0 0.0 400.0 460.0 580.0 740.0 140.0 620.0 660.0 640.0 520.0 560.0 740.0 600.0 520.0 760.0 320.0 580.0 620.0 800.0 700.0 560.0 420.0 800.0 380.0 560.0 480.0 700.0 440.0 640.0 700.0 640.0 620.0 580.0 620.0 700.0 420.0 720.0 480.0 740.0 660.0 420.0 560.0 740.0 380.0 780.0 580.0 500.0 640.0 500.0 580.0 640.0
0.0 480.0 400.0 520.0 560.0 560.0 460.0 640.0 760.0 640.0 560.0 480.0 700.0 300.0 700.0 600.0 660.0 600.0 760.0 500.0 540.0 200.0 500.0 600.0 520.0 640.0 680.0 520.0 500.0 880.0 460.0 0.0 480.0 640.0 840.0 580.0 560.0 780.0 340.0 480.0 500.0 480.0 640.0 340.0 880.0 600.0 300.0 300.0 740.0 440.0 400.0 560.0 700.0 640.0 540.0 520.0 820.0 800.0 680.0 620.0 500.0 740.0 620.0 520.0 640.0 620.0 580.0 340.0 600.0 560.0 600.0 340.0 700.0 540.0 720.0 540.0 700.0 620.0 620.0 580.0 680.0
0.0 760.0 580.0 780.0 600.0 420.0 320.0 680.0 560.0 540.0 720.0 660.0 840.0 480.0 800.0 460.0 540.0 460.0 680.0 360.0 700.0 360.0 680.0 460.0 680.0 760.0 660.0 580.0 660.0 740.0 620.0 460.0 0.0 800.0 880.0 740.0 740.0 900.0 520.0 520.0 560.0 300.0 760.0 520.0 760.0 740.0 460.0 760.0 720.0 620.0 560.0 700.0 760.0 940.0 400.0 580.0 780.0 340.0 580.0 520.0 500.0 780.0 880.0 620.0 920.0 780.0 560.0 500.0 660.0 820.0 620.0 520.0 860.0 720.0 800.0 720.0 860.0 540.0 480.0 680.0 660.0
0.0 600.0 720.0 400.0 220.0 500.0 540.0 500.0 400.0 760.0 420.0 340.0 780.0 540.0 760.0 400.0 620.0 600.0 740.0 420.0 820.0 540.0 380.0 520.0 640.0 600.0 680.0 520.0 260.0 640.0 500.0 400.0 380.0 0.0 500.0 440.0 560.0 580.0 700.0 500.0 400.0 600.0 320.0 580.0 520.0 380.0 160.0 580.0 780.0 680.0 620.0 420.0 740.0 520.0 620.0 500.0 700.0 700.0 320.0 600.0 360.0 600.0 500.0 240.0 720.0 740.0 440.0 200.0 520.0 600.0 640.0 680.0 620.0 300.0 760.0 600.0 820.0 500.0 560.0 580.0 340.0
0.0 520.0 520.0 500.0 600.0 500.0 400.0 600.0 840.0 640.0 640.0 420.0 820.0 380.0 360.0 540.0 620.0 480.0 300.0 280.0 660.0 400.0 700.0 380.0 560.0 260.0 520.0 660.0 680.0 240.0 660.0 380.0 440.0 780.0 0.0 500.0 520.0 500.0 360.0 320.0 460.0 600.0 520.0 440.0 680.0 220.0 500.0 340.0 540.0 640.0 480.0 620.0 400.0 820.0 480.0 600.0 820.0 780.0 440.0 600.0 420.0 480.0 600.0 380.0 600.0 700.0 520.0 260.0 740.0 520.0 540.0 560.0 820.0 720.0 680.0 400.0 780.0 560.0 400.0 140.0 520.0
0.0 480.0 580.0 580.0 600.0 480.0 360.0 580.0 500.0 480.0 320.0 500.0 820.0 360.0 700.0 500.0 600.0 500.0 560.0 240.0 640.0 360.0 260.0 340.0 660.0 640.0 380.0 620.0 200.0 600.0 540.0 280.0 560.0 440.0 660.0 0.0 500.0 540.0 520.0 400.0 560.0 620.0 480.0 400.0 640.0 200.0 460.0 580.0 680.0 580.0 440.0 300.0 700.0 480.0 440.0 360.0 580.0 320.0 620.0 580.0 520.0 500.0 680.0 500.0 560.0 300.0 600.0 360.0 620.0 560.0 520.0 500.0 620.0 260.0 720.0 460.0 380.0 520.0 360.0 460.0 500.0
0.0 440.0 700.0 520.0 220.0 800.0 700.0 500.0 540.0 360.0 660.0 600.0 780.0 700.0 340.0 400.0 760.0 480.0 580.0 640.0 820.0 600.0 840.0 540.0 180.0 640.0 640.0 520.0 600.0 480.0 660.0 420.0 380.0 580.0 500.0 740.0 0.0 840.0 640.0 640.0 600.0 500.0 580.0 580.0 520.0 580.0 620.0 700.0 400.0 660.0 680.0 640.0 400.0 400.0 760.0 520.0 640.0 640.0 660.0 640.0 620.0 480.0 620.0 520.0 460.0 860.0 700.0 460.0 560.0 520.0 560.0 740.0 880.0 520.0 560.0 580.0 920.0 400.0 620.0 500.0 540.0
0.0 360.0 600.0 540.0 440.0 580.0 660.0 640.0 600.0 400.0 620.0 660.0 480.0 360.0 480.0 540.0 720.0 140.0 520.0 540.0 580.0 600.0 560.0 560.0 400.0 480.0 460.0 680.0 520.0 400.0 200.0 400.0 500.0 760.0 720.0 320.0 620.0 0.0 580.0 320.0 360.0 560.0 420.0 200.0 740.0 500.0 520.0 180.0 620.0 560.0 460.0 480.0 540.0 560.0 680.0 420.0 740.0 600.0 580.0 480.0 640.0 140.0 660.0 380.0 380.0 460.0 760.0 520.0 400.0 440.0 440.0 720.0 720.0 560.0 240.0 480.0 540.0 500.0 280.0 460.0 440.0
0.0 560.0 380.0 580.0 400.0 220.0 120.0 620.0 500.0 300.0 540.0 340.0 640.0 280.0 600.0 260.0 360.0 260.0 480.0 160.0 500.0 160.0 480.0 260.0 500.0 560.0 440.0 380.0 480.0 560.0 420.0 280.0 440.0 600.0 700.0 540.0 540.0 680.0 0.0 320.0 380.0 440.0 560.0 320.0 560.0 540.0 280.0 560.0 660.0 420.0 360.0 500.0 520.0 740.0 200.0 380.0 580.0 760.0 380.0 320.0 320.0 400.0 680.0 420.0 840.0 360.0 440.0 200.0 480.0 640.0 420.0 320.0 580.0 520.0 600.0 520.0 440.0 340.0 280.0 480.0 480.0
0.0 860.0 800.0 760.0 740.0 660.0 560.0 880.0 660.0 740.0 860.0 460.0 1000.0 660.0 840.0 700.0 760.0 620.0 780.0 560.0 800.0 620.0 900.0 520.0 900.0 740.0 860.0 820.0 400.0 720.0 780.0 620.0 680.0 640.0 480.0 900.0 800.0 800.0 460.0 0.0 520.0 720.0 600.0 720.0 960.0 500.0 700.0 820.0 1000.0 860.0 760.0 720.0 880.0 660.0 640.0 820.0 860.0 680.0 780.0 660.0 480.0 800.0 860.0 820.0 880.0 800.0 560.0 320.0 780.0 940.0 640.0 760.0 900.0 440.0 1040.0 680.0 620.0 620.0 680.0 620.0 640.0
0.0 800.0 580.0 920.0 740.0 560.0 840.0 840.0 920.0 1000.0 700.0 640.0 980.0 660.0 780.0 600.0 700.0 880.0 1040.0 700.0 460.0 800.0 660.0 760.0 860.0 920.0 880.0 720.0 600.0 920.0 880.0 620.0 680.0 840.0 1040.0 860.0 840.0 940.0 740.0 820.0 0.0 540.0 700.0 700.0 1040.0 700.0 440.0 840.0 760.0 940.0 480.0 700.0 740.0 860.0 900.0 620.0 920.0 400.0 920.0 660.0 640.0 880.0 920.0 880.0 1040.0 800.0 740.0 480.0 840.0 600.0 620.0 740.0 620.0 640.0 760.0 460.0 800.0 680.0 780.0 700.0 740.0
0.0 780.0 540.0 780.0 480.0 320.0 580.0 400.0 720.0 840.0 620.0 640.0 720.0 620.0 960.0 340.0 440.0 620.0 940.0 620.0 860.0 540.0 780.0 500.0 600.0 700.0 720.0 460.0 480.0 860.0 660.0 360.0 540.0 720.0 780.0 720.0 640.0 740.0 700.0 660.0 460.0 0.0 480.0 640.0 800.0 600.0 580.0 640.0 820.0 680.0 660.0 580.0 720.0 740.0 660.0 460.0 660.0 840.0 540.0 420.0 420.0 660.0 880.0 620.0 880.0 660.0 740.0 500.0 660.0 780.0 820.0 700.0 780.0 520.0 940.0 820.0 700.0 420.0 640.0 720.0 500.0
0.0 460.0 560.0 620.0 280.0 640.0 600.0 500.0 440.0 460.0 260.0 560.0 520.0 420.0 720.0 140.0 480.0 400.0 540.0 300.0 680.0 340.0 380.0 400.0 400.0 640.0 560.0 260.0 520.0 660.0 200.0 160.0 420.0 540.0 580.0 320.0 680.0 280.0 500.0 460.0 600.0 480.0 0.0 460.0 600.0 500.0 360.0 280.0 620.0 400.0 460.0 120.0 680.0 560.0 680.0 260.0 440.0 620.0 600.0 640.0 560.0 400.0 580.0 440.0 420.0 600.0 420.0 400.0 540.0 540.0 560.0 500.0 320.0 340.0 500.0 600.0 680.0 580.0 420.0 560.0 40.0
0.0 460.0 580.0 740.0 580.0 640.0 540.0 440.0 500.0 360.0 580.0 500.0 940.0 660.0 740.0 660.0 660.0 620.0 800.0 580.0 600.0 580.0 540.0 360.0 820.0 520.0 360.0 780.0 600.0 780.0 500.0 560.0 640.0 760.0 860.0 620.0 720.0 600.0 700.0 680.0 160.0 480.0 520.0 0.0 740.0 660.0 320.0 600.0 600.0 680.0 640.0 480.0 460.0 700.0 620.0 220.0 620.0 560.0 780.0 360.0 520.0 620.0 820.0 580.0 840.0 280.0 620.0 360.0 540.0 540.0 580.0 740.0 760.0 600.0 620.0 600.0 360.0 380.0 680.0 580.0 560.0
0.0 540.0 440.0 740.0 480.0 680.0 620.0 380.0 400.0 740.0 440.0 340.0 840.0 600.0 380.0 580.0 640.0 360.0 640.0 500.0 300.0 620.0 700.0 600.0 660.0 600.0 240.0 700.0 640.0 500.0 640.0 600.0 460.0 700.0 760.0 440.0 720.0 720.0 500.0 540.0 580.0 400.0 460.0 660.0 0.0 440.0 520.0 660.0 560.0 440.0 340.0 560.0 420.0 920.0 300.0 480.0 700.0 700.0 480.0 600.0 700.0 500.0 760.0 600.0 820.0 740.0 440.0 560.0 500.0 440.0 480.0 600.0 460.0 500.0 340.0 320.0 640.0 480.0 500.0 360.0 480.0
0.0 620.0 400.0 500.0 460.0 300.0 180.0 600.0 700.0 560.0 540.0 480.0 640.0 180.0 620.0 320.0 420.0 320.0 380.0 60.0 460.0 180.0 500.0 160.0 480.0 560.0 380.0 440.0 480.0 600.0 440.0 340.0 380.0 620.0 700.0 560.0 320.0 600.0 340.0 220.0 380.0 480.0 460.0 220.0 460.0 0.0 300.0 540.0 720.0 440.0 260.0 540.0 660.0 720.0 260.0 440.0 660.0 660.0 440.0 400.0 480.0 320.0 600.0 340.0 380.0 480.0 580.0 340.0 560.0 600.0 320.0 340.0 620.0 540.0 680.0 280.0 560.0 400.0 180.0 380.0 500.0
0.0 720.0 580.0 620.0 520.0 340.0 560.0 720.0 520.0 600.0 260.0 200.0 720.0 540.0 740.0 360.0 460.0 460.0 840.0 560.0 700.0 420.0 220.0 640.0 580.0 720.0 680.0 500.0 480.0 740.0 500.0 240.0 560.0 580.0 800.0 620.0 400.0 500.0 560.0 600.0 260.0 460.0 580.0 580.0 620.0 500.0 0.0 540.0 720.0 540.0 540.0 260.0 720.0 740.0 640.0 500.0 540.0 640.0 520.0 440.0 200.0 440.0 720.0 440.0 700.0 620.0 300.0 60.0 640.0 580.0 620.0 520.0 580.0 400.0 740.0 460.0 700.0 340.0 580.0 420.0 600.0
0.0 200.0 440.0 380.0 260.0 640.0 520.0 500.0 600.0 700.0 560.0 680.0 680.0 540.0 460.0 440.0 760.0 580.0 740.0 440.0 760.0 560.0 620.0 520.0 240.0 760.0 400.0 580.0 720.0 600.0 400.0 460.0 360.0 640.0 560.0 520.0 680.0 620.0 420.0 480.0 340.0 520.0 360.0 580.0 580.0 380.0 520.0 0.0 460.0 400.0 520.0 460.0 420.0 480.0 520.0 500.0 720.0 640.0 540.0 660.0 640.0 600.0 480.0 220.0 760.0 660.0 740.0 560.0 720.0 260.0 300.0 580.0 660.0 540.0 440.0 320.0 740.0 660.0 560.0 300.0 380.0
0.0 500.0 580.0 280.0 540.0 460.0 360.0 260.0 680.0 700.0 520.0 640.0 760.0 360.0 340.0 380.0 600.0 480.0 560.0 240.0 620.0 360.0 600.0 340.0 640.0 720.0 520.0 520.0 540.0 240.0 380.0 400.0 260.0 540.0 740.0 360.0 500.0 520.0 520.0 280.0 380.0 540.0 260.0 400.0 640.0 180.0 460.0 400.0 0.0 600.0 440.0 360.0 400.0 740.0 440.0 400.0 620.0 260.0 420.0 520.0 540.0 480.0 400.0 120.0 560.0 640.0 660.0 500.0 720.0 480.0 200.0 520.0 560.0 420.0 660.0 440.0 720.0 540.0 360.0 100.0 280.0
0.0 760.0 620.0 800.0 420.0 460.0 340.0 720.0 340.0 580.0 680.0 680.0 880.0 500.0 580.0 480.0 580.0 500.0 720.0 400.0 740.0 400.0 700.0 480.0 720.0 540.0 520.0 620.0 700.0 780.0 620.0 500.0 40.0 840.0 700.0 740.0 740.0 700.0 420.0 560.0 580.0 340.0 420.0 540.0 740.0 420.0 500.0 600.0 760.0 0.0 600.0 540.0 640.0 900.0 420.0 620.0 720.0 380.0 600.0 540.0 540.0 720.0 920.0 660.0 800.0 760.0 600.0 540.0 440.0 820.0 660.0 560.0 740.0 740.0 840.0 520.0 560.0 460.0 520.0 580.0 460.0
0.0 540.0 760.0 740.0 720.0 740.0 640.0 800.0 620.0 740.0 720.0 700.0 820.0 520.0 360.0 620.0 860.0 500.0 640.0 660.0 760.0 680.0 660.0 680.0 680.0 460.0 420.0 740.0 800.0 780.0 640.0 640.0 700.0 880.0 820.0 780.0 500.0 460.0 700.0 480.0 720.0 580.0 720.0 560.0 820.0 600.0 780.0 520.0 540.0 740.0 0.0 720.0 400.0 900.0 700.0 740.0 720.0 800.0 880.0 460.0 700.0 500.0 860.0 580.0 840.0 820.0 800.0 540.0 360.0 620.0 640.0 840.0 920.0 700.0 620.0 660.0 840.0 480.0 440.0 520.0 760.0
0.0 580.0 560.0 660.0 660.0 720.0 620.0 780.0 580.0 640.0 320.0 640.0 720.0 520.0 720.0 720.0 760.0 380.0 740.0 580.0 680.0 340.0 280.0 640.0 640.0 720.0 700.0 660.0 560.0 640.0 240.0 300.0 320.0 660.0 880.0 360.0 780.0 240.0 500.0 540.0 600.0 600.0 640.0 440.0 660.0 520.0 460.0 400.0 620.0 280.0 620.0 0.0 780.0 600.0 700.0 660.0 600.0 640.0 740.0 720.0 640.0 380.0 780.0 500.0 620.0 640.0 640.0 500.0 620.0 660.0 640.0 500.0 640.0 460.0 480.0 700.0 720.0 520.0 520.0 480.0 620.0
0.0 140.0 400.0 420.0 640.0 580.0 480.0 400.0 660.0 640.0 660.0 640.0 800.0 500.0 420.0 500.0 700.0 540.0 680.0 380.0 640.0 500.0 660.0 300.0 660.0 620.0 340.0 540.0 680.0 380.0 360.0 500.0 300.0 680.0 840.0 480.0 640.0 660.0 360.0 360.0 520.0 480.0 400.0 540.0 440.0 320.0 460.0 460.0 160.0 340.0 480.0 500.0 0.0 720.0 460.0 540.0 660.0 400.0 560.0 660.0 640.0 540.0 540.0 260.0 700.0 720.0 740.0 500.0 780.0 220.0 260.0 580.0 700.0 480.0 380.0 260.0 800.0 420.0 500.0 240.0 420.0
0.0 200.0 460.0 120.0 420.0 480.0 520.0 220.0 340.0 720.0 560.0 360.0 780.0 520.0 480.0 440.0 600.0 600.0 660.0 400.0 500.0 520.0 540.0 360.0 680.0 540.0 420.0 560.0 560.0 600.0 420.0 440.0 380.0 320.0 360.0 540.0 500.0 560.0 440.0 440.0 200.0 540.0 300.0 480.0 740.0 360.0 320.0 540.0 500.0 420.0 540.0 420.0 440.0 0.0 540.0 220.0 740.0 580.0 280.0 540.0 380.0 620.0 220.0 500.0 700.0 620.0 460.0 220.0 460.0 280.0 320.0 580.0 600.0 120.0 460.0 340.0 700.0 520.0 460.0 260.0 340.0
0.0 600.0 640.0 520.0 520.0 400.0 540.0 620.0 800.0 760.0 720.0 500.0 700.0 520.0 420.0 380.0 520.0 80.0 700.0 420.0 520.0 540.0 680.0 500.0 600.0 840.0 380.0 500.0 620.0 360.0 640.0 400.0 440.0 740.0 720.0 720.0 440.0 640.0 680.0 240.0 600.0 500.0 480.0 560.0 820.0 360.0 600.0 680.0 600.0 640.0 560.0 400.0 460.0 820.0 0.0 500.0 680.0 760.0 200.0 500.0 720.0 500.0 620.0 340.0 660.0 840.0 600.0 560.0 760.0 660.0 680.0 660.0 680.0 540.0 820.0 540.0 760.0 520.0 200.0 500.0 280.0
0.0 660.0 640.0 720.0 520.0 440.0 620.0 240.0 620.0 700.0 360.0 300.0 820.0 620.0 620.0 440.0 560.0 560.0 820.0 500.0 500.0 520.0 320.0 160.0 680.0 440.0 640.0 560.0 400.0 780.0 500.0 340.0 620.0 560.0 820.0 620.0 500.0 500.0 660.0 500.0 360.0 560.0 300.0 660.0 720.0 460.0 120.0 520.0 820.0 640.0 540.0 360.0 680.0 660.0 700.0 0.0 640.0 660.0 620.0 460.0 300.0 560.0 700.0 560.0 720.0 720.0 400.0 160.0 360.0 640.0 680.0 600.0 620.0 440.0 740.0 520.0 800.0 440.0 460.0 360.0 340.0
0.0 380.0 300.0 580.0 420.0 480.0 380.0 460.0 320.0 560.0 240.0 480.0 780.0 420.0 320.0 520.0 600.0 440.0 580.0 400.0 560.0 420.0 580.0 500.0 580.0 520.0 600.0 540.0 520.0 440.0 600.0 520.0 200.0 580.0 300.0 560.0 680.0 600.0 260.0 560.0 420.0 360.0 520.0 460.0 580.0 500.0 360.0 360.0 400.0 600.0 320.0 380.0 260.0 780.0 460.0 460.0 0.0 540.0 500.0 260.0 480.0 440.0 440.0 420.0 680.0 620.0 580.0 340.0 440.0 120.0 160.0 360.0 560.0 380.0 280.0 160.0 700.0 260.0 540.0 420.0 560.0
0.0 420.0 680.0 660.0 560.0 560.0 440.0 640.0 720.0 780.0 460.0 500.0 860.0 600.0 600.0 580.0 680.0 520.0 820.0 500.0 780.0 500.0 800.0 580.0 800.0 760.0 540.0 720.0 700.0 600.0 640.0 600.0 580.0 700.0 820.0 580.0 740.0 680.0 640.0 580.0 560.0 400.0 620.0 640.0 800.0 560.0 600.0 660.0 380.0 620.0 700.0 580.0 640.0 860.0 520.0 580.0 540.0 0.0 700.0 280.0 520.0 520.0 760.0 500.0 900.0 880.0 600.0 360.0 780.0 500.0 540.0 660.0 780.0 500.0 660.0 540.0 960.0 280.0 620.0 480.0 660.0
0.0 680.0 460.0 720.0 340.0 220.0 480.0 560.0 620.0 600.0 680.0 540.0 580.0 500.0 580.0 200.0 340.0 520.0 600.0 540.0 740.0 400.0 640.0 460.0 420.0 760.0 380.0 320.0 620.0 720.0 620.0 220.0 240.0 740.0 640.0 620.0 240.0 640.0 560.0 240.0 580.0 440.0 620.0 540.0 660.0 720.0 420.0 500.0 640.0 540.0 520.0 400.0 640.0 640.0 560.0 320.0 500.0 580.0 0.0 320.0 560.0 580.0 820.0 720.0 480.0 780.0 480.0 400.0 680.0 600.0 640.0 560.0 720.0 540.0 660.0 480.0 740.0 340.0 660.0 640.0 100.0
0.0 640.0 440.0 640.0 460.0 280.0 180.0 520.0 580.0 500.0 500.0 240.0 580.0 340.0 580.0 320.0 400.0 260.0 540.0 220.0 560.0 220.0 540.0 320.0 520.0 600.0 520.0 440.0 420.0 540.0 480.0 320.0 460.0 420.0 560.0 320.0 600.0 580.0 380.0 320.0 300.0 120.0 580.0 380.0 620.0 500.0 320.0 620.0 460.0 480.0 420.0 560.0 520.0 700.0 260.0 440.0 260.0 620.0 440.0 0.0 240.0 260.0 700.0 480.0 780.0 600.0 340.0 100.0 500.0 380.0 420.0 380.0 720.0 240.0 540.0 420.0 680.0 20.0 340.0 400.0 520.0
0.0 620.0 540.0 800.0 620.0 560.0 480.0 540.0 740.0 560.0 500.0 420.0 780.0 640.0 760.0 540.0 560.0 620.0 840.0 520.0 500.0 520.0 440.0 620.0 720.0 700.0 720.0 600.0 560.0 920.0 720.0 460.0 720.0 700.0 920.0 840.0 620.0 720.0 380.0 580.0 60.0 600.0 600.0 680.0 720.0 480.0 240.0 760.0 800.0 760.0 540.0 480.0 780.0 840.0 560.0 600.0 760.0 440.0 580.0 660.0 0.0 680.0 520.0 640.0 860.0 680.0 360.0 280.0 740.0 640.0 680.0 420.0 660.0 620.0 800.0 520.0 760.0 580.0 640.0 400.0 640.0
0.0 540.0 600.0 440.0 640.0 460.0 520.0 560.0 760.0 260.0 600.0 580.0 340.0 240.0 360.0 480.0 580.0 20.0 620.0 520.0 460.0 580.0 560.0 500.0 640.0 340.0 320.0 620.0 560.0 300.0 520.0 500.0 600.0 700.0 660.0 640.0 500.0 540.0 540.0 180.0 420.0 440.0 420.0 280.0 820.0 480.0 580.0 420.0 540.0 580.0 320.0 340.0 400.0 820.0 600.0 480.0 620.0 780.0 480.0 360.0 520.0 0.0 560.0 280.0 820.0 540.0 680.0 440.0 260.0 600.0 640.0 600.0 620.0 500.0 760.0 460.0 620.0 360.0 140.0 400.0 440.0
0.0 120.0 360.0 560.0 360.0 280.0 440.0 20.0 520.0 540.0 340.0 540.0 580.0 480.0 380.0 220.0 400.0 500.0 620.0 380.0 560.0 420.0 460.0 480.0 480.0 660.0 320.0 340.0 520.0 520.0 280.0 240.0 280.0 620.0 660.0 400.0 300.0 360.0 340.0 240.0 140.0 420.0 100.0 520.0 680.0 460.0 440.0 360.0 280.0 320.0 440.0 200.0 340.0 640.0 440.0 340.0 520.0 520.0 60.0 380.0 540.0 480.0 0.0 400.0 500.0 680.0 440.0 400.0 640.0 180.0 220.0 380.0 400.0 420.0 360.0 240.0 760.0 320.0 240.0 380.0 120.0
0.0 380.0 560.0 180.0 420.0 540.0 620.0 280.0 560.0 600.0 400.0 520.0 660.0 360.0 580.0 280.0 620.0 540.0 680.0 240.0 600.0 380.0 520.0 340.0 520.0 720.0 560.0 400.0 660.0 680.0 340.0 280.0 460.0 420.0 680.0 460.0 560.0 400.0 520.0 420.0 260.0 560.0 140.0 400.0 640.0 640.0 380.0 420.0 560.0 520.0 460.0 260.0 520.0 620.0 700.0 280.0 500.0 640.0 320.0 460.0 440.0 540.0 280.0 0.0 540.0 660.0 540.0 380.0 640.0 380.0 420.0 520.0 440.0 480.0 540.0 420.0 740.0 460.0 380.0 560.0 180.0
0.0 560.0 540.0 520.0 600.0 420.0 320.0 640.0 540.0 480.0 640.0 440.0 840.0 440.0 400.0 440.0 540.0 460.0 140.0 320.0 700.0 360.0 600.0 420.0 700.0 740.0 620.0 580.0 160.0 540.0 620.0 460.0 160.0 400.0 780.0 340.0 580.0 660.0 200.0 480.0 440.0 440.0 580.0 480.0 620.0 260.0 460.0 620.0 580.0 600.0 520.0 640.0 440.0 420.0 380.0 580.0 660.0 500.0 560.0 520.0 380.0 520.0 640.0 540.0 0.0 560.0 540.0 300.0 640.0 360.0 400.0 520.0 780.0 200.0 540.0 420.0 640.0 520.0 440.0 640.0 620.0
0.0 200.0 460.0 480.0 320.0 480.0 540.0 580.0 220.0 200.0 520.0 340.0 740.0 580.0 480.0 480.0 400.0 520.0 740.0 560.0 760.0 560.0 480.0 560.0 660.0 360.0 80.0 600.0 740.0 600.0 420.0 460.0 360.0 740.0 600.0 540.0 620.0 460.0 420.0 480.0 560.0 440.0 640.0 620.0 460.0 500.0 520.0 440.0 560.0 400.0 540.0 220.0 420.0 440.0 460.0 420.0 580.0 640.0 560.0 440.0 640.0 580.0 560.0 580.0 760.0 0.0 440.0 520.0 340.0 280.0 320.0 640.0 780.0 540.0 440.0 320.0 80.0 440.0 440.0 420.0 380.0
0.0 520.0 320.0 500.0 440.0 260.0 280.0 560.0 540.0 520.0 680.0 520.0 440.0 440.0 580.0 280.0 200.0 420.0 640.0 320.0 420.0 320.0 640.0 420.0 460.0 520.0 400.0 340.0 380.0 720.0 520.0 300.0 360.0 520.0 720.0 600.0 420.0 740.0 480.0 480.0 440.0 400.0 480.0 480.0 720.0 480.0 440.0 520.0 680.0 580.0 440.0 540.0 620.0 640.0 360.0 340.0 560.0 700.0 540.0 300.0 540.0 540.0 600.0 340.0 860.0 320.0 0.0 380.0 660.0 560.0 400.0 240.0 580.0 420.0 720.0 420.0 400.0 300.0 440.0 580.0 500.0
0.0 760.0 540.0 740.0 680.0 500.0 520.0 680.0 780.0 560.0 640.0 160.0 680.0 680.0 820.0 540.0 460.0 620.0 880.0 560.0 660.0 580.0 600.0 660.0 720.0 760.0 640.0 580.0 440.0 740.0 680.0 440.0 520.0 680.0 840.0 800.0 680.0 500.0 520.0 700.0 220.0 420.0 720.0 680.0 880.0 540.0 380.0 660.0 680.0 820.0 500.0 600.0 780.0 700.0 600.0 580.0 560.0 600.0 480.0 540.0 160.0 620.0 680.0 580.0 800.0 580.0 260.0 0.0 740.0 660.0 660.0 480.0 820.0 480.0 720.0 420.0 640.0 300.0 700.0 560.0 560.0
0.0 320.0 400.0 540.0 420.0 380.0 280.0 620.0 620.0 600.0 360.0 340.0 680.0 400.0 420.0 420.0 500.0 360.0 620.0 300.0 660.0 320.0 300.0 380.0 400.0 100.0 520.0 540.0 520.0 640.0 480.0 340.0 500.0 520.0 660.0 420.0 540.0 300.0 480.0 340.0 400.0 220.0 520.0 440.0 700.0 240.0 420.0 160.0 540.0 540.0 500.0 360.0 480.0 640.0 340.0 540.0 360.0 720.0 540.0 100.0 340.0 360.0 640.0 380.0 620.0 560.0 440.0 180.0 0.0 400.0 440.0 480.0 680.0 340.0 520.0 460.0 620.0 120.0 420.0 160.0 540.0
0.0 280.0 180.0 580.0 520.0 380.0 260.0 340.0 560.0 440.0 520.0 440.0 680.0 300.0 200.0 400.0 500.0 340.0 480.0 300.0 560.0 320.0 460.0 400.0 480.0 520.0 480.0 540.0 520.0 340.0 500.0 420.0 100.0 480.0 800.0 460.0 580.0 640.0 160.0 460.0 300.0 260.0 420.0 360.0 580.0 480.0 260.0 260.0 300.0 500.0 280.0 520.0 160.0 740.0 340.0 540.0 560.0 440.0 380.0 480.0 440.0 340.0 340.0 400.0 820.0 520.0 540.0 300.0 600.0 0.0 40.0 380.0 720.0 280.0 180.0 60.0 600.0 480.0 420.0 380.0 440.0
0.0 400.0 640.0 600.0 480.0 400.0 380.0 300.0 600.0 600.0 640.0 480.0 800.0 260.0 680.0 420.0 520.0 520.0 740.0 420.0 720.0 420.0 740.0 520.0 440.0 800.0 600.0 560.0 680.0 780.0 560.0 440.0 60.0 440.0 760.0 680.0 540.0 640.0 560.0 520.0 280.0 360.0 380.0 320.0 800.0 580.0 520.0 220.0 580.0 600.0 360.0 500.0 620.0 700.0 440.0 520.0 760.0 400.0 340.0 500.0 500.0 740.0 300.0 440.0 780.0 580.0 580.0 340.0 720.0 480.0 0.0 580.0 680.0 240.0 640.0 520.0 660.0 500.0 540.0 500.0 420.0
0.0 480.0 340.0 520.0 340.0 540.0 440.0 400.0 540.0 740.0 540.0 440.0 440.0 440.0 360.0 520.0 520.0 480.0 620.0 320.0 200.0 440.0 500.0 340.0 320.0 300.0 600.0 180.0 160.0 540.0 620.0 520.0 420.0 300.0 640.0 600.0 580.0 660.0 480.0 400.0 460.0 280.0 440.0 480.0 660.0 260.0 300.0 380.0 540.0 680.0 220.0 540.0 400.0 420.0 520.0 180.0 660.0 640.0 440.0 640.0 460.0 480.0 380.0 520.0 640.0 660.0 560.0 300.0 540.0 340.0 360.0 0.0 360.0 200.0 500.0 200.0 540.0 600.0 440.0 360.0 460.0
0.0 500.0 280.0 600.0 440.0 580.0 580.0 720.0 640.0 700.0 400.0 280.0 800.0 500.0 720.0 620.0 180.0 660.0 780.0 400.0 620.0 520.0 600.0 500.0 560.0 760.0 480.0 720.0 480.0 880.0 480.0 580.0 580.0 240.0 720.0 600.0 400.0 620.0 660.0 340.0 340.0 360.0 540.0 400.0 760.0 400.0 380.0 740.0 660.0 720.0 600.0 540.0 740.0 760.0 660.0 620.0 680.0 740.0 460.0 680.0 300.0 660.0 720.0 440.0 780.0 500.0 380.0 140.0 680.0 580.0 540.0 620.0 0.0 40.0 760.0 540.0 560.0 440.0 300.0 600.0 540.0
0.0 800.0 640.0 580.0 400.0 600.0 620.0 700.0 600.0 660.0 620.0 260.0 780.0 740.0 680.0 580.0 560.0 740.0 940.0 620.0 760.0 680.0 560.0 720.0 820.0 720.0 720.0 680.0 460.0 840.0 700.0 540.0 580.0 200.0 700.0 640.0 760.0 600.0 620.0 680.0 320.0 520.0 500.0 380.0 720.0 560.0 360.0 760.0 780.0 840.0 600.0 620.0 740.0 720.0 700.0 580.0 660.0 700.0 520.0 640.0 260.0 720.0 700.0 420.0 900.0 640.0 360.0 120.0 640.0 760.0 760.0 580.0 820.0 0.0 820.0 520.0 600.0 400.0 740.0 660.0 540.0
0.0 460.0 700.0 420.0 620.0 560.0 580.0 500.0 800.0 660.0 640.0 420.0 740.0 460.0 280.0 540.0 700.0 420.0 560.0 600.0 660.0 620.0 700.0 600.0 580.0 520.0 460.0 660.0 640.0 160.0 660.0 560.0 260.0 640.0 880.0 520.0 420.0 720.0 620.0 580.0 480.0 560.0 580.0 520.0 740.0 540.0 640.0 420.0 460.0 660.0 560.0 700.0 320.0 800.0 640.0 540.0 800.0 380.0 360.0 540.0 440.0 420.0 500.0 580.0 820.0 780.0 540.0 280.0 440.0 520.0 200.0 480.0 820.0 440.0 0.0 580.0 820.0 540.0 540.0 560.0 440.0
0.0 360.0 140.0 540.0 600.0 520.0 640.0 600.0 520.0 760.0 460.0 380.0 780.0 360.0 640.0 540.0 640.0 640.0 900.0 260.0 620.0 380.0 420.0 340.0 760.0 460.0 560.0 680.0 600.0 760.0 580.0 440.0 520.0 780.0 880.0 400.0 600.0 600.0 520.0 420.0 260.0 220.0 640.0 400.0 660.0 560.0 200.0 540.0 720.0 580.0 460.0 460.0 580.0 860.0 700.0 620.0 740.0 660.0 700.0 620.0 400.0 640.0 660.0 520.0 780.0 680.0 480.0 240.0 620.0 440.0 480.0 520.0 780.0 580.0 600.0 0.0 760.0 540.0 380.0 520.0 680.0
0.0 420.0 420.0 400.0 240.0 400.0 520.0 500.0 140.0 760.0 600.0 260.0 780.0 580.0 680.0 420.0 320.0 460.0 800.0 480.0 680.0 580.0 560.0 580.0 580.0 280.0 540.0 540.0 740.0 660.0 640.0 420.0 400.0 660.0 520.0 660.0 540.0 540.0 640.0 400.0 480.0 360.0 560.0 640.0 540.0 420.0 520.0 360.0 760.0 620.0 680.0 600.0 640.0 360.0 380.0 520.0 620.0 740.0 480.0 360.0 600.0 600.0 480.0 500.0 800.0 560.0 360.0 440.0 260.0 500.0 460.0 580.0 700.0 480.0 520.0 340.0 0.0 360.0 360.0 340.0 560.0
0.0 640.0 540.0 720.0 560.0 420.0 580.0 500.0 580.0 620.0 500.0 220.0 700.0 580.0 560.0 440.0 520.0 360.0 840.0 540.0 720.0 620.0 660.0 620.0 520.0 700.0 680.0 580.0 420.0 660.0 760.0 460.0 460.0 660.0 540.0 780.0 740.0 560.0 520.0 540.0 280.0 120.0 580.0 500.0 840.0 480.0 460.0 620.0 440.0 780.0 580.0 620.0 520.0 680.0 660.0 580.0 260.0 680.0 540.0 500.0 240.0 360.0 680.0 560.0 860.0 640.0 320.0 80.0 620.0 360.0 400.0 560.0 800.0 460.0 540.0 420.0 720.0 0.0 500.0 400.0 620.0
0.0 520.0 460.0 320.0 560.0 600.0 560.0 420.0 700.0 600.0 540.0 500.0 500.0 500.0 660.0 420.0 640.0 660.0 760.0 380.0 320.0 520.0 660.0 480.0 660.0 780.0 200.0 540.0 440.0 760.0 480.0 420.0 480.0 560.0 520.0 600.0 700.0 540.0 480.0 40.0 400.0 300.0 280.0 540.0 800.0 400.0 520.0 560.0 700.0 440.0 360.0 400.0 600.0 700.0 640.0 420.0 640.0 720.0 480.0 600.0 520.0 680.0 420.0 160.0 680.0 700.0 600.0 360.0 720.0 460.0 500.0 660.0 480.0 480.0 640.0 340.0 660.0 600.0 0.0 300.0 320.0
0.0 620.0 480.0 420.0 560.0 380.0 280.0 540.0 720.0 660.0 520.0 560.0 720.0 260.0 700.0 400.0 500.0 400.0 480.0 160.0 540.0 280.0 580.0 240.0 580.0 640.0 460.0 540.0 580.0 680.0 540.0 420.0 480.0 660.0 680.0 660.0 400.0 660.0 420.0 200.0 460.0 560.0 380.0 300.0 560.0 100.0 380.0 620.0 800.0 520.0 360.0 500.0 760.0 800.0 340.0 520.0 740.0 740.0 520.0 480.0 580.0 400.0 520.0 260.0 480.0 580.0 660.0 420.0 640.0 620.0 420.0 420.0 700.0 620.0 760.0 360.0 660.0 480.0 280.0 0.0 420.0
0.0 600.0 520.0 640.0 260.0 600.0 560.0 460.0 580.0 740.0 600.0 520.0 500.0 420.0 680.0 100.0 580.0 720.0 520.0 620.0 640.0 300.0 540.0 380.0 360.0 660.0 520.0 240.0 520.0 720.0 560.0 120.0 420.0 740.0 540.0 680.0 680.0 600.0 460.0 480.0 580.0 440.0 540.0 460.0 560.0 640.0 340.0 420.0 580.0 440.0 420.0 360.0 660.0 720.0 640.0 240.0 400.0 760.0 780.0 660.0 520.0 720.0 740.0 620.0 380.0 700.0 380.0 380.0 580.0 520.0 560.0 460.0 800.0 580.0 560.0 560.0 780.0 540.0 700.0 600.0 0.0
OUTSOURCING_COST
656 820 280 588 24 295 216 756 20 189 91 32 553 444 702 201 90 504 228 710 6 312 90 210 272 520 20 490 325 536 136 602 152 864 413 480 864 448 152 580 486 376 666 690 522 702 460 828 441 216 270 162 880 385 200 644 295 760 940 231 612 472 368 20 532 368 57 480 56 12 24 801 55 230 408 8 156 120 585 390
OUTSOURCING_TARIFF
3
0.000000000 4284.000000000 2.000000000 0.000000000
4284.000000000 8568.000000000 1.700000000 1285.200000000
8568.000000000 30780.000000000 1.400000000 3855.600000000
