80 4
32 632 1 7
99 246 5 1
81 440 10 9
7 561 4 5
60 388 7 1
84 308 5 6
93 600 9 6
56 347 6 3
44 465 6 4
26 308 10 2
38 356 3 8
56 600 9 8
67 302 5 9
41 562 2 7
17 331 2 8
68 262 5 9
57 286 6 3
83 564 8 8
100 409 4 4
24 663 5 4
54 252 4 8
85 482 5 6
60 551 10 5
1 545 4 10
97 526 10 7
53 345 7 2
82 299 8 9
9 236 7 3
26 569 5 10
53 380 2 10
79 342 8 6
54 476 2 10
8 392 4 3
68 621 5 6
17 595 7 4
55 360 1 5
7 625 9 1
32 230 2 5
12 230 5 5
80 443 4 1
76 342 8 8
11 382 5 5
81 431 8 3
4 504 10 5
34 619 8 2
69 578 7 9
87 627 2 7
62 246 9 4
85 627 10 7
55 279 6 3
67 555 9 10
82 655 2 7
92 393 10 5
15 617 10 2
68 325 9 3
74 334 2 9
60 484 5 9
38 387 8 5
62 491 10 9
97 409 3 4
76 472 2 9
95 476 6 4
77 483 8 6
88 312 7 9
17 459 6 1
90 296 5 9
38 408 6 9
78 269 9 10
63 654 8 4
25 618 7 9
79 514 9 5
29 433 9 2
18 310 9 5
39 285 3 4
60 334 8 6
37 570 8 1
27 376 9 1
83 586 3 4
35 414 9 9
100 280 8 7
SETUP
0 18 29 13 31 45 39 27 13 35 10 29 19 20 29 38 24 17 31 35 29 12 28 35 19 22 36 21 33 23 41 30 38 26 38 44 25 41 38 32 9 27 33 30 29 19 30 34 35 41 25 37 26 33 31 27 28 27 19 24 21 29 37 28 35 26 34 22 17 27 24 30 48 38 34 19 23 29 31 22 31
0 0 12 45 23 41 28 10 19 36 17 19 26 32 11 30 14 17 17 17 23 15 12 27 21 12 34 28 23 15 25 26 37 25 20 37 28 31 21 15 16 15 21 18 27 22 13 25 27 24 16 26 32 26 15 10 12 20 1 11 25 11 19 31 31 20 25 4 19 18 30 14 36 28 16 24 28 24 38 27 30
0 23 0 40 32 41 27 6 23 32 20 30 25 31 22 26 3 28 17 13 18 22 23 28 21 1 25 25 22 14 21 33 30 30 31 43 31 35 16 26 19 6 26 28 31 27 22 15 27 32 28 23 22 37 16 21 23 28 12 19 31 23 30 36 31 21 25 12 27 8 31 14 37 29 27 14 28 13 34 26 19
0 6 17 0 23 38 32 15 21 22 20 24 6 7 16 31 11 22 22 22 22 21 17 23 24 9 23 8 26 20 30 32 25 14 25 40 33 29 25 20 19 14 24 23 30 15 18 22 32 28 21 24 14 29 20 15 17 23 6 16 26 16 24 24 23 25 26 9 5 16 27 19 39 33 21 6 10 16 18 32 27
0 15 26 53 0 44 10 24 26 31 24 33 32 27 25 40 21 23 31 31 31 14 26 32 35 18 29 34 36 29 39 38 34 23 25 31 28 38 33 29 23 23 30 32 35 14 25 11 41 34 30 34 40 28 29 24 26 22 15 26 21 25 29 23 35 35 26 18 14 25 34 28 39 36 30 32 29 31 35 41 36
0 28 14 35 31 0 23 20 31 32 32 29 25 31 30 22 17 34 28 17 13 35 27 26 20 14 24 26 17 15 25 32 16 5 38 21 29 19 21 14 33 19 25 23 30 31 30 13 25 4 34 15 22 12 26 29 29 36 20 9 37 24 20 7 37 31 26 20 27 19 18 28 15 42 39 16 29 11 22 35 23
0 6 17 44 28 35 0 15 20 22 22 24 23 29 16 31 11 22 22 22 22 21 17 23 26 9 33 25 26 20 30 31 25 14 25 22 27 29 25 20 21 14 26 23 32 27 18 1 32 25 21 24 31 29 20 15 17 25 6 16 27 16 20 36 26 25 17 9 5 16 32 19 29 33 21 23 27 21 25 32 27
0 26 20 40 34 45 22 0 34 44 30 30 19 25 22 21 23 28 20 8 32 26 23 31 32 20 24 21 29 17 16 37 33 32 31 43 27 29 11 25 31 5 25 25 30 32 24 18 26 35 27 42 24 36 19 20 22 27 12 21 35 26 30 41 32 31 28 14 26 11 41 14 44 28 30 17 23 28 31 29 36
0 27 32 29 42 55 35 25 0 43 30 43 34 17 36 33 21 43 36 32 29 28 33 37 40 19 43 37 29 33 31 38 27 32 43 51 42 31 35 21 29 24 36 37 41 25 20 32 46 36 37 27 33 32 34 36 33 27 27 18 36 38 45 34 38 39 44 11 26 26 38 33 44 47 42 31 38 32 46 44 37
0 16 25 38 34 20 19 23 32 0 17 34 40 35 26 25 20 32 15 12 16 31 10 26 35 18 42 29 15 18 20 25 19 7 24 31 28 22 16 17 28 23 27 23 32 25 28 16 25 6 18 18 24 7 13 25 13 28 16 27 40 21 34 27 44 36 29 19 23 22 21 15 18 30 31 19 32 29 5 38 26
0 29 23 47 34 35 43 28 29 45 0 45 40 19 39 47 25 45 22 35 38 29 26 32 35 23 47 31 43 34 31 20 41 30 48 39 29 43 39 39 26 28 23 20 29 26 36 35 25 38 15 41 24 41 29 38 40 35 29 39 37 37 41 35 49 43 33 32 28 28 33 37 46 51 34 32 44 35 41 41 32
0 17 17 26 28 37 15 17 19 26 17 0 32 31 12 14 19 18 26 24 5 9 21 34 35 17 41 25 9 30 32 33 23 24 15 33 22 27 18 16 16 22 18 14 23 18 10 16 34 26 26 31 28 27 24 26 21 7 17 27 18 27 29 27 37 2 32 20 16 24 12 23 24 35 32 29 26 29 31 42 26
0 23 13 44 34 33 36 19 21 41 15 28 0 7 30 34 16 18 22 26 25 20 17 33 19 13 18 3 23 27 34 32 36 25 31 40 34 26 29 33 18 19 19 31 24 14 23 28 33 35 25 36 29 28 21 29 20 22 20 24 25 29 36 23 17 25 25 23 29 21 27 21 38 35 38 27 5 10 12 31 21
0 21 32 39 28 47 34 30 15 35 13 35 41 0 24 33 29 30 31 28 29 14 26 39 36 27 51 34 33 35 36 33 34 32 36 34 28 38 27 27 12 32 36 33 31 8 17 35 38 37 27 37 37 22 29 30 26 16 21 31 19 31 30 17 44 26 46 24 23 34 21 28 41 41 36 37 27 39 32 47 36
0 12 23 39 23 33 29 20 17 39 15 26 36 33 0 28 16 7 25 21 19 5 20 29 31 21 36 22 13 26 29 22 26 15 30 41 19 21 24 4 14 25 20 28 25 21 23 23 35 14 25 26 30 15 23 20 20 28 11 21 14 23 29 30 34 28 37 14 23 26 25 22 25 32 27 26 22 26 32 38 34
0 7 18 20 29 37 2 4 22 23 23 25 22 27 17 0 13 23 13 11 23 22 8 24 27 10 28 25 28 21 19 23 26 15 19 23 26 14 14 21 22 9 21 18 27 21 20 3 23 26 13 26 28 30 11 16 8 26 7 18 28 18 21 30 28 27 19 10 6 14 33 10 31 25 22 20 26 23 27 32 28
0 30 11 42 43 49 25 17 33 43 31 29 24 30 28 24 0 34 28 24 21 33 31 31 19 11 23 27 25 25 32 44 39 31 31 46 41 38 14 32 30 17 24 31 29 25 32 26 38 30 36 21 33 39 26 32 31 33 23 24 42 33 40 34 40 18 36 23 29 19 28 25 40 40 38 25 28 11 36 37 30
0 6 17 41 16 46 25 16 25 42 22 24 32 38 16 36 17 0 22 23 29 21 17 33 26 15 30 34 29 20 31 32 42 31 25 42 33 36 26 20 21 20 27 24 32 28 19 26 32 30 22 31 37 31 20 15 17 21 6 17 30 17 24 37 28 26 31 9 24 22 36 19 41 34 21 29 33 27 43 32 32
0 37 16 53 31 41 40 22 28 47 10 43 39 29 38 40 18 41 0 29 31 27 34 11 33 16 40 20 35 23 37 17 34 23 47 46 29 37 32 32 24 21 22 30 17 36 32 29 35 22 24 33 23 42 29 36 37 43 28 34 36 20 20 45 46 36 34 27 37 22 33 30 33 44 24 30 36 28 29 38 34
0 20 13 33 27 46 15 17 30 37 33 38 33 28 30 14 16 36 26 0 31 31 21 30 28 13 38 20 22 27 9 36 35 26 32 36 30 22 4 34 32 19 21 18 26 34 23 16 27 39 26 36 17 31 24 29 21 20 20 31 34 31 32 44 41 33 30 23 19 20 42 23 37 38 35 10 37 26 29 38 29
0 16 13 22 34 33 11 13 30 32 32 34 28 29 26 9 15 32 22 20 0 31 17 32 34 13 36 21 5 26 28 32 19 20 28 29 34 23 23 20 31 17 13 10 19 18 28 11 32 35 21 27 24 31 20 25 17 27 16 26 37 26 30 27 36 33 27 19 15 20 41 19 20 33 31 25 32 25 30 38 22
0 30 32 40 19 45 29 35 12 35 10 21 32 28 18 34 33 24 31 32 26 0 29 41 27 31 43 31 30 37 40 30 39 33 34 36 14 34 36 22 9 36 33 30 28 33 31 29 35 32 24 39 34 27 32 37 29 28 28 30 10 40 46 42 48 23 38 23 29 30 20 31 43 27 43 41 18 42 39 44 36
0 6 17 50 28 46 33 16 25 39 15 24 32 32 16 36 20 23 6 23 29 21 0 16 26 17 40 23 28 15 31 15 39 28 25 42 33 37 26 20 21 21 27 24 22 28 19 26 32 27 22 31 21 31 4 15 17 25 6 17 30 12 24 37 36 26 26 9 24 19 25 19 36 34 21 13 28 30 32 32 35
0 28 19 42 21 30 30 25 17 37 15 37 43 33 34 29 21 40 29 32 21 16 24 0 40 19 43 34 25 20 35 34 23 12 44 35 19 27 35 22 14 24 33 30 33 34 21 21 30 11 29 23 29 31 27 37 37 41 28 35 25 20 10 37 48 31 31 27 27 24 22 33 22 43 14 24 33 31 37 40 31
0 26 19 36 37 38 25 17 27 36 20 10 6 12 22 23 14 24 28 24 14 19 23 38 0 11 17 8 19 25 32 37 33 24 25 43 32 32 27 26 23 16 18 24 23 19 20 25 34 34 30 34 28 34 26 28 26 17 19 6 28 33 37 28 22 12 31 22 25 18 22 21 34 36 38 25 10 16 18 36 12
0 23 14 44 32 41 27 6 23 45 20 30 25 31 22 26 3 28 17 13 23 22 23 28 21 0 25 24 28 14 21 33 30 30 31 43 30 35 16 26 19 6 26 30 31 27 25 15 27 32 28 23 22 37 15 21 23 31 12 19 31 22 30 36 33 21 25 15 30 8 31 14 43 29 27 14 28 13 34 26 19
0 19 22 38 22 39 26 12 29 38 24 21 24 26 13 25 16 19 19 19 16 17 14 29 23 14 0 9 21 18 27 28 19 8 22 39 30 20 23 16 26 17 1 20 7 24 15 17 28 26 18 19 12 27 17 11 13 22 3 13 24 25 21 33 33 22 25 6 21 11 32 16 36 30 31 13 28 26 19 29 32
0 21 31 42 39 31 33 30 33 52 22 39 46 18 31 32 33 37 20 37 23 32 15 31 41 31 47 0 20 29 39 30 38 27 29 47 36 24 36 35 29 35 29 28 35 25 33 34 33 33 23 37 35 40 18 30 18 34 21 31 36 26 39 34 51 40 40 24 36 33 38 20 35 35 36 27 43 34 10 44 37
0 32 42 55 47 32 29 41 34 41 32 47 47 28 32 43 35 38 30 34 41 33 32 30 42 35 55 47 0 27 42 46 43 35 37 36 30 50 33 36 31 40 45 42 47 14 25 28 47 34 36 46 45 29 28 41 32 22 32 40 42 35 36 23 52 48 36 35 31 21 40 34 16 48 40 37 40 43 37 39 43
0 19 29 46 31 38 32 29 27 53 23 30 25 31 30 34 31 36 14 36 25 26 26 22 20 29 36 27 29 0 44 30 27 33 39 35 40 44 40 27 24 34 30 34 25 39 32 11 45 32 35 39 29 38 12 29 31 37 20 25 36 9 31 44 42 31 11 23 36 4 39 33 43 47 24 21 14 35 35 20 32
0 18 12 32 19 41 28 18 22 34 31 30 25 20 22 33 14 28 29 25 26 23 26 32 20 12 36 12 30 26 0 41 27 18 37 28 36 14 23 26 31 17 13 9 18 28 15 26 33 36 22 28 9 37 27 27 29 12 18 25 32 28 36 37 38 31 22 21 17 19 41 26 32 40 33 2 29 24 21 37 21
0 42 44 41 40 55 49 50 41 55 38 50 46 30 50 55 47 42 29 55 52 40 36 40 41 44 55 34 54 41 55 0 55 43 55 55 53 51 51 53 37 50 37 55 32 37 43 32 55 50 52 54 30 52 39 51 52 40 42 46 48 43 49 46 55 52 40 45 45 35 50 54 55 55 37 46 50 55 44 52 52
0 23 20 31 16 38 25 17 30 43 22 26 22 28 18 25 12 24 12 17 16 22 17 23 17 19 33 19 10 30 25 19 0 23 27 43 34 18 21 1 31 22 16 25 22 23 20 25 32 22 22 13 6 12 11 16 17 26 8 18 31 28 26 32 38 27 19 10 26 23 36 19 25 33 36 20 26 23 29 39 28
0 24 21 31 27 40 19 21 27 41 34 34 33 31 26 18 21 30 24 26 9 31 25 22 28 21 44 22 13 11 23 28 12 0 35 37 40 15 30 10 35 26 22 19 27 27 29 9 40 20 30 11 17 21 22 25 25 35 16 27 33 20 31 36 45 36 22 19 23 15 35 27 28 42 35 12 25 31 31 31 31
0 7 18 36 26 40 30 16 8 34 6 25 32 17 17 32 20 23 13 23 24 7 18 24 27 18 40 19 29 21 31 25 35 29 0 29 21 37 22 21 5 21 27 24 24 3 14 30 19 30 20 32 30 17 21 16 18 11 7 17 16 17 25 12 37 22 31 10 20 24 19 20 36 32 22 30 24 30 28 33 32
0 27 12 41 26 14 22 18 22 24 20 42 36 39 34 29 15 40 28 25 20 22 30 6 33 12 37 33 24 22 33 38 23 11 43 0 24 26 28 21 19 18 33 29 38 38 27 20 30 10 34 22 28 25 27 33 35 40 24 22 31 25 15 20 43 32 33 24 26 19 25 26 8 30 19 23 36 24 29 37 30
0 32 32 43 33 36 31 30 15 24 13 35 46 31 32 32 27 35 26 19 31 14 33 28 40 24 49 34 30 23 27 33 39 30 42 22 0 40 22 35 12 30 36 33 31 39 35 24 36 30 27 41 36 14 25 41 36 39 32 33 23 32 37 37 53 29 34 25 35 17 26 38 30 41 36 28 32 37 28 35 42
0 24 35 19 36 54 32 27 39 40 36 42 24 25 34 43 24 21 26 34 40 31 21 36 42 22 42 27 44 34 32 35 43 32 43 50 42 0 37 36 37 25 35 32 41 33 23 33 46 46 40 43 32 39 24 33 35 29 24 21 40 30 33 34 40 42 44 13 23 29 43 34 18 48 39 24 28 34 36 47 40
0 17 10 29 39 46 12 14 31 33 30 35 32 36 27 10 12 33 23 21 28 31 18 33 29 10 34 34 32 24 29 32 36 25 29 33 36 24 0 31 29 15 31 28 36 31 29 12 33 36 22 32 32 40 21 26 18 36 17 27 30 27 31 40 37 30 28 20 16 17 40 20 40 34 32 24 36 22 36 35 28
0 22 23 35 36 37 26 16 33 42 28 25 32 36 17 24 12 23 21 17 15 22 16 32 27 18 35 19 9 29 25 18 34 22 26 43 34 17 20 0 30 21 16 24 21 23 19 24 31 30 21 32 27 11 20 16 16 26 7 17 31 28 25 32 37 26 39 10 25 23 37 18 24 33 37 26 36 22 28 41 36
0 30 24 32 22 36 30 28 4 29 2 24 34 20 21 29 25 27 23 35 20 3 27 33 29 22 45 22 24 31 32 21 30 31 30 38 16 34 38 24 0 28 25 21 20 28 24 31 27 34 16 30 25 30 30 33 31 30 30 22 12 38 43 37 41 17 35 14 29 24 15 32 39 29 35 33 20 35 32 42 31
0 23 26 49 32 47 34 16 33 42 28 25 32 38 17 35 20 23 23 23 29 22 18 33 27 18 20 28 29 32 31 32 38 27 26 38 25 31 25 21 30 0 20 24 26 28 19 31 22 30 22 38 31 32 21 16 18 26 7 17 31 29 25 37 27 26 32 10 25 25 37 9 42 23 39 30 36 23 38 33 31
0 25 26 37 21 38 25 28 32 47 29 31 27 26 33 24 27 36 20 33 15 32 23 28 22 25 38 8 20 17 30 34 18 7 37 44 39 20 36 16 30 30 0 25 6 33 26 16 41 27 30 18 11 27 18 32 26 33 23 24 40 25 37 42 44 33 24 17 30 10 41 28 35 42 30 12 30 37 18 28 33
0 9 3 40 24 32 29 9 25 25 23 27 26 29 19 27 5 25 20 16 19 24 20 24 24 3 27 11 23 17 24 35 21 10 28 19 28 23 19 20 22 8 4 0 9 30 21 17 24 29 14 21 14 30 18 18 20 22 9 20 30 20 27 38 29 23 27 12 8 10 33 17 26 31 24 15 30 15 21 28 12
0 20 20 42 16 33 25 26 28 46 24 26 22 20 31 29 23 37 15 33 21 27 17 25 17 20 33 3 23 11 35 31 24 12 31 42 34 25 36 22 25 26 6 30 0 28 32 12 35 32 25 23 6 33 13 29 21 33 21 22 36 20 34 37 38 28 19 22 29 5 38 23 38 37 25 17 25 32 12 23 28
0 18 29 48 37 39 28 27 20 34 18 34 34 14 18 29 24 25 23 20 34 19 18 32 28 21 44 36 31 32 28 33 37 26 29 26 31 39 19 22 17 27 31 28 36 0 11 28 33 32 23 37 37 15 21 27 18 9 18 29 28 29 23 10 39 34 43 21 17 29 27 20 33 35 33 29 33 34 39 44 30
0 7 18 45 27 44 34 16 20 24 18 23 24 30 17 32 13 24 23 23 24 8 18 24 27 10 34 27 28 21 31 33 26 15 23 43 22 30 26 21 17 16 28 25 33 19 0 24 33 30 23 26 32 30 22 16 18 20 7 18 18 18 25 28 28 24 32 10 6 18 28 20 41 35 22 24 26 23 28 33 29
0 17 29 55 40 55 21 27 36 43 34 36 43 44 28 46 31 34 26 34 38 32 29 36 38 29 51 35 40 32 42 42 40 29 37 43 45 44 38 32 33 32 28 35 33 37 30 0 44 41 33 40 38 43 24 27 29 37 18 28 42 28 36 46 47 37 36 21 25 35 47 31 50 45 33 33 45 41 25 44 47
0 28 10 47 37 30 31 13 19 27 16 39 31 35 32 30 12 38 23 20 28 18 33 22 31 10 34 32 32 19 28 36 35 27 41 17 4 41 23 30 15 15 25 21 30 37 31 20 0 26 16 33 32 17 21 30 32 37 22 28 27 28 31 30 38 30 30 21 28 13 16 24 24 38 33 24 33 23 31 31 28
0 25 22 32 28 20 20 22 28 29 34 35 34 32 27 19 22 31 25 27 10 32 26 23 29 22 43 23 14 12 24 28 13 1 35 31 28 16 31 11 36 27 23 20 28 28 30 10 35 0 31 12 18 22 23 26 26 36 17 28 34 21 32 26 42 37 23 20 24 16 15 28 12 43 35 13 26 30 32 32 20
0 14 9 46 30 38 34 14 27 31 27 33 32 32 25 33 11 31 25 21 24 28 26 30 29 9 33 17 28 22 16 40 27 16 34 25 15 28 24 25 26 14 9 6 15 35 27 23 11 30 0 26 20 28 24 23 25 28 15 25 35 25 33 40 35 29 33 18 13 16 26 22 32 37 30 18 36 21 26 34 18
0 19 24 22 31 29 14 16 18 35 25 37 27 29 29 12 24 19 25 23 19 27 20 11 32 22 40 20 23 21 12 35 22 10 27 35 29 25 26 20 24 20 25 21 30 30 27 14 35 10 24 0 21 31 23 28 20 24 19 29 36 18 20 35 39 39 30 22 18 25 24 22 21 36 24 14 31 35 30 41 29
0 24 15 47 10 48 19 21 35 41 22 21 16 22 32 34 17 32 32 28 25 24 33 23 11 15 27 19 29 29 36 39 43 32 35 37 28 42 31 36 32 20 28 35 33 23 29 20 41 34 36 37 0 38 30 33 35 28 25 16 31 26 32 32 33 22 13 26 23 22 32 29 44 43 36 29 20 26 28 33 23
0 25 18 38 32 51 20 17 33 42 20 41 35 34 33 19 14 39 28 6 34 33 26 24 32 11 36 25 27 25 14 40 40 31 37 41 23 27 9 37 30 17 26 23 31 38 28 13 31 35 31 34 23 0 26 32 26 26 23 30 39 33 34 39 44 31 35 26 24 19 31 25 26 40 37 15 39 24 28 37 30
0 29 18 55 27 43 36 23 29 49 12 38 33 28 39 42 20 37 2 30 33 29 34 13 28 18 42 20 24 25 38 18 36 24 48 48 31 39 33 34 26 23 24 31 19 36 34 25 37 24 26 35 17 43 0 38 37 44 29 33 38 21 22 45 48 38 30 29 39 19 35 31 33 46 26 10 37 30 29 33 36
0 8 15 36 24 34 24 18 18 36 16 10 32 27 2 23 17 8 8 22 14 6 3 18 27 15 31 23 14 17 23 17 28 16 11 31 20 22 21 5 15 21 16 13 21 13 19 24 17 15 7 27 23 16 6 0 2 17 9 19 16 14 27 22 35 11 28 11 20 21 21 5 26 19 23 15 24 19 33 29 25
0 6 13 42 22 43 30 16 19 36 15 25 30 28 17 28 16 23 6 23 29 18 1 16 25 13 29 22 28 15 21 15 32 20 11 29 19 24 19 20 16 19 14 11 19 14 19 26 15 27 5 31 21 28 4 15 0 22 7 17 27 12 25 23 37 26 26 9 18 19 25 3 37 17 21 13 29 17 31 27 23
0 10 20 40 30 43 22 19 23 26 21 25 27 33 10 21 15 17 26 26 26 11 21 27 30 13 37 29 23 24 34 32 29 18 26 44 24 30 11 14 19 18 29 27 35 21 3 23 36 24 25 28 35 25 24 19 21 0 10 20 20 20 28 30 30 27 35 13 9 20 31 23 35 37 25 27 25 26 31 36 22
0 17 20 44 33 41 28 10 27 36 22 18 26 32 10 30 14 17 16 17 23 15 11 27 21 12 34 28 23 25 25 26 36 25 19 36 28 31 20 14 24 15 21 18 26 22 13 25 26 24 16 34 32 25 15 9 11 19 0 11 24 23 19 31 31 20 36 3 19 19 30 14 35 28 32 24 30 24 38 37 30
0 29 19 50 37 40 33 12 28 51 26 36 20 26 28 32 9 34 23 19 29 27 29 33 27 6 30 22 33 20 27 39 36 36 37 49 36 40 22 32 25 11 31 35 37 33 30 20 33 38 33 29 28 43 21 27 29 37 18 0 37 28 36 42 36 26 31 21 36 13 36 20 48 34 33 20 24 19 31 31 21
0 24 32 48 10 54 19 33 32 41 19 22 23 29 34 35 30 32 25 40 27 24 20 35 17 28 34 25 31 34 40 34 44 32 25 41 37 43 38 38 29 33 33 30 38 23 32 20 35 44 24 43 40 38 23 33 20 29 25 22 0 31 39 32 39 24 29 28 23 35 34 22 46 36 40 32 9 33 34 35 29
0 23 32 50 34 41 35 32 30 55 27 33 29 35 33 37 35 39 17 40 28 24 18 25 23 32 40 30 32 4 48 30 30 36 42 39 37 47 43 30 27 37 33 38 28 42 35 15 49 35 38 42 32 41 15 32 34 40 23 28 33 0 34 47 45 35 15 26 39 7 42 36 46 50 27 24 17 39 39 23 35
0 19 30 52 32 23 40 28 24 32 22 34 36 40 29 41 24 35 33 28 35 20 28 21 39 22 46 38 39 32 36 42 30 27 35 31 10 42 31 31 21 27 39 36 40 30 12 33 43 26 33 37 36 23 32 28 28 32 19 29 22 29 0 29 39 36 43 22 18 26 35 30 30 45 34 36 30 33 36 44 40
0 24 24 43 38 30 19 22 37 33 25 42 41 39 34 24 19 40 33 11 36 31 32 22 38 17 41 30 33 30 19 45 39 28 42 17 22 33 14 37 34 22 31 28 36 42 23 18 36 27 36 39 28 6 32 33 32 30 24 22 35 34 13 0 41 37 35 14 23 24 18 31 24 45 35 20 43 29 33 42 34
0 25 24 41 35 46 40 27 12 52 32 39 21 27 35 39 16 20 33 34 36 33 36 43 29 22 28 23 26 30 42 49 39 28 44 54 42 42 29 33 31 27 28 35 34 35 29 30 39 27 41 36 39 44 31 34 36 35 25 27 42 36 43 44 0 34 41 19 35 23 42 26 38 40 40 35 25 21 33 41 5
0 18 15 25 32 35 13 15 18 25 15 36 30 30 10 12 18 17 25 22 3 15 20 35 36 15 39 24 7 29 30 32 22 22 13 31 29 26 26 14 14 20 16 13 21 16 27 14 32 24 24 30 27 25 23 27 19 24 19 29 24 29 27 25 39 0 30 21 17 23 11 22 22 36 33 27 32 28 29 41 25
0 28 27 45 31 38 32 25 27 45 25 19 15 21 30 32 22 32 21 33 23 24 31 11 9 20 25 17 27 17 41 28 34 22 33 24 29 37 36 32 24 25 26 33 32 28 28 11 40 21 36 33 36 41 19 36 34 26 28 14 33 13 20 37 31 20 0 30 34 20 31 30 32 44 24 29 19 24 26 20 21
0 17 22 53 37 48 36 15 30 33 28 32 27 33 26 34 11 33 26 22 32 18 23 34 30 9 33 30 36 23 30 37 36 25 33 51 31 40 25 30 26 14 34 33 39 28 10 22 35 39 27 31 31 40 24 26 22 17 17 8 27 27 35 37 28 29 33 0 16 16 38 23 50 37 32 23 31 21 38 34 27
0 1 12 40 24 38 28 11 20 18 18 20 19 25 12 27 7 18 18 18 18 16 13 18 22 5 29 21 22 15 26 27 21 9 21 38 29 24 21 15 17 10 22 19 27 23 14 18 27 24 17 20 26 24 16 11 12 21 2 12 22 12 20 32 22 21 26 5 0 12 31 15 35 29 17 19 23 17 23 27 23
0 16 25 43 27 34 28 26 24 49 20 34 31 36 26 30 28 32 10 33 21 23 27 21 26 25 42 27 25 7 41 26 23 32 35 42 36 40 36 24 20 30 32 31 27 38 28 8 42 31 32 35 25 35 8 25 27 35 16 27 32 15 30 40 46 36 18 19 32 0 35 29 40 43 20 17 20 38 32 18 37
0 30 35 52 48 29 33 38 43 15 31 48 33 39 40 39 34 47 29 26 30 42 24 31 41 32 45 35 29 32 34 39 33 22 38 46 28 37 30 31 40 37 41 38 46 39 41 30 39 21 32 32 39 21 28 39 27 42 30 37 51 36 40 35 38 50 43 31 37 35 0 30 25 44 44 33 37 32 19 52 16
0 30 17 40 24 42 27 21 31 40 29 31 28 34 23 26 20 29 29 28 35 28 24 34 23 17 27 26 29 26 36 38 46 34 32 29 17 22 16 21 28 23 28 34 24 35 39 28 13 37 28 40 27 30 27 22 24 38 27 28 37 34 43 42 45 33 24 29 32 25 28 0 37 15 44 31 32 15 31 24 34
0 19 30 55 41 37 14 28 34 36 36 37 36 42 29 37 25 36 35 27 36 33 30 36 39 23 46 39 40 33 35 45 39 27 38 33 36 42 28 33 35 28 40 37 45 41 25 15 45 32 35 38 44 22 34 28 30 38 19 30 40 30 29 16 40 39 31 22 18 30 25 32 0 47 34 36 40 35 39 45 41
0 24 20 26 9 42 19 24 35 40 33 32 28 29 31 21 23 28 24 31 30 23 26 34 23 20 38 12 32 21 39 40 33 21 30 40 36 8 11 31 31 26 15 36 10 23 30 19 41 41 30 32 12 37 22 30 26 31 24 28 30 29 38 32 44 34 25 20 23 14 43 28 25 0 34 26 32 33 21 32 34
0 17 24 32 8 36 17 27 4 30 2 24 32 20 21 29 25 27 16 34 20 3 11 27 27 23 36 23 25 7 32 21 31 30 30 38 17 34 37 24 1 28 25 22 20 21 24 18 25 34 16 30 22 30 14 26 28 29 17 22 12 7 35 30 41 18 18 14 21 11 15 30 40 30 0 23 20 35 32 27 31
0 31 23 47 18 41 27 28 21 49 30 28 24 19 40 34 25 40 30 35 25 31 25 31 19 23 35 11 29 27 29 40 28 16 39 45 36 31 38 26 31 28 21 35 27 27 36 25 43 36 33 27 8 37 28 40 28 35 31 24 38 34 40 36 41 30 21 31 31 28 40 30 44 45 44 0 28 34 20 41 30
0 28 26 45 44 45 34 25 38 41 11 40 35 29 31 33 28 37 32 32 24 36 36 31 30 26 46 38 28 28 40 30 42 40 34 45 39 46 35 35 35 30 34 31 36 36 41 32 36 42 25 46 35 46 39 37 39 45 28 35 45 31 40 46 52 21 21 31 38 32 27 38 43 53 43 40 0 39 46 27 41
0 26 3 43 34 44 30 9 26 35 23 19 14 20 25 29 6 31 20 16 21 25 26 31 9 3 13 17 25 17 24 36 32 20 33 43 33 33 19 29 22 9 14 24 19 24 24 18 30 35 31 26 25 39 18 24 26 25 15 14 34 25 33 33 31 20 28 15 30 11 30 17 40 32 30 17 18 0 26 29 20
0 11 21 51 30 43 30 21 27 44 12 29 37 31 21 36 24 28 11 28 33 26 6 21 32 21 37 28 22 20 29 20 36 24 19 37 27 32 27 25 24 26 22 19 27 22 24 31 24 23 13 35 26 32 9 20 9 30 11 22 35 17 30 26 42 31 31 14 26 24 30 11 35 25 26 18 34 25 0 35 28
0 21 25 41 32 39 33 31 29 54 20 31 27 33 31 31 28 37 10 38 26 28 27 21 22 25 38 29 30 2 31 26 28 29 40 37 39 44 41 29 25 31 31 36 26 40 34 13 45 29 34 19 30 40 13 30 32 38 21 27 37 10 30 46 43 33 13 24 37 6 40 34 40 49 25 22 15 37 37 0 33
0 31 20 54 46 42 42 25 34 48 31 35 17 23 38 41 22 35 29 32 32 33 34 39 25 20 29 19 22 26 40 45 35 24 48 50 46 39 35 33 34 25 30 31 35 30 25 26 46 23 41 35 41 44 27 40 37 31 31 23 41 34 48 40 22 36 37 15 30 19 37 34 34 48 39 34 21 17 29 37 0
