60 4
1066 1846 8 6
1066 7982 10 9
455 1404 1 8
1274 0 4 6
156 6370 2 2
767 4576 5 3
351 845 1 8
1092 6916 9 9
52 637 5 2
273 0 3 9
169 0 7 4
52 6734 8 8
1027 0 7 1
962 5213 6 1
1014 0 9 6
871 3250 3 3
234 0 3 5
1092 0 5 6
988 8489 2 3
923 5642 10 10
13 8099 6 5
676 234 1 6
117 4095 10 8
273 0 10 1
442 8034 8 5
676 4550 6 10
130 0 2 1
637 3393 10 3
845 3848 1 5
871 4563 3 8
221 6773 8 3
1118 1950 1 7
247 4524 8 6
1248 1521 8 9
767 0 2 7
1248 0 5 1
1248 0 7 9
728 3393 8 7
494 2327 2 4
754 6396 7 10
1053 4940 2 6
611 6175 8 1
962 871 9 5
897 2379 4 10
754 7774 4 9
1014 3601 9 2
1196 2470 5 5
1196 7969 9 6
637 1495 9 6
702 0 4 4
390 8021 7 9
234 3120 6 9
1144 1833 10 2
715 0 3 7
325 5902 8 6
1196 8333 1 7
767 0 5 5
988 3939 10 4
1222 1001 10 4
1001 5863 3 1
SETUP
0 143 325 247 325 247 91 26 403 273 468 325 390 455 442 182 299 416 364 312 455 39 390 299 403 273 507 338 260 325 299 468 273 416 455 403 377 377 156 169 234 442 364 546 208 507 351 364 117 455 195 299 221 351 403 338 273 351 234 286 481
0 0 234 234 325 143 377 117 312 299 546 247 286 390 507 325 403 286 416 416 351 130 377 364 442 442 468 416 507 351 247 377 182 507 455 338 247 455 247 364 364 416 481 403 481 520 234 286 104 377 286 442 78 260 468 390 247 442 403 273 338
0 377 0 247 338 156 325 481 312 377 364 260 299 442 390 273 312 377 351 273 364 390 429 351 221 221 481 351 455 169 208 195 195 455 468 351 247 403 520 195 377 416 364 494 429 403 247 65 104 390 416 429 91 78 390 377 221 338 182 286 364
0 429 403 0 364 416 403 481 351 455 559 143 403 494 598 403 364 572 507 390 442 429 624 325 377 351 468 520 390 403 390 481 416 351 416 234 182 338 546 351 494 390 468 468 507 494 507 351 364 273 546 403 351 377 507 208 351 247 390 507 286
0 533 377 455 0 312 572 429 468 403 416 403 455 585 520 364 494 468 520 403 156 65 559 442 351 364 702 286 546 416 351 286 299 442 611 494 429 494 182 377 312 546 546 442 611 494 403 429 481 533 429 520 455 377 572 481 364 559 312 338 507
0 364 273 390 182 0 494 442 169 416 403 104 143 507 364 182 364 520 390 351 208 234 351 390 416 312 637 390 416 208 247 234 39 494 312 195 338 312 364 234 390 351 351 351 364 377 455 325 338 234 260 468 364 117 442 377 104 403 299 390 247
0 52 286 195 234 156 0 156 312 351 377 260 299 364 351 273 208 338 286 364 364 182 390 234 312 312 520 247 169 364 299 390 195 364 468 351 286 299 299 78 143 351 299 455 117 416 286 273 143 390 325 208 130 273 312 273 221 442 143 260 390
0 273 390 273 390 273 481 0 429 260 533 377 416 572 637 442 494 429 377 403 442 26 377 286 533 455 585 507 611 416 377 455 260 403 442 390 442 572 143 455 260 442 507 546 585 559 364 390 299 507 182 364 273 338 416 325 325 338 507 299 468
0 273 390 455 351 182 572 377 0 429 546 273 312 624 455 351 533 546 559 377 377 377 520 546 585 481 676 416 585 377 416 403 208 663 156 364 507 377 494 403 390 481 468 416 533 377 468 455 364 403 299 585 338 286 585 546 104 572 390 533 416
0 416 520 429 546 533 455 351 585 0 598 429 572 624 507 208 377 689 598 429 676 377 663 559 403 377 585 572 598 429 494 416 533 325 559 520 533 585 494 403 572 637 390 598 572 572 481 520 481 416 312 520 455 585 481 585 377 429 468 416 377
0 364 260 182 195 195 403 299 364 286 0 182 338 299 156 377 377 455 299 169 208 247 546 247 403 130 481 156 143 182 234 377 234 494 442 260 312 299 377 247 195 364 429 494 520 221 494 312 364 312 325 325 338 312 351 286 130 429 312 468 403
0 416 273 364 247 338 429 468 221 325 442 0 468 494 455 507 403 624 416 260 312 312 494 338 351 208 559 507 325 273 247 442 364 650 286 91 325 208 416 338 364 247 494 338 494 494 429 325 312 143 403 416 299 325 468 377 221 611 247 364 442
0 286 403 351 351 195 455 390 26 442 416 299 0 585 416 338 273 559 351 403 403 403 455 312 559 494 598 312 390 403 390 416 234 585 182 390 442 364 520 156 338 416 377 442 325 403 481 455 377 429 325 390 364 312 403 338 130 559 208 468 442
0 455 299 299 273 299 403 377 247 533 403 286 442 0 325 351 429 520 442 286 429 338 364 364 507 234 559 520 364 286 273 481 312 559 390 117 351 468 455 364 338 273 494 507 299 390 390 208 260 416 429 403 247 364 351 286 234 546 117 390 299
0 325 338 143 52 325 273 429 403 221 377 286 403 377 0 403 416 312 364 403 195 104 585 104 351 351 403 325 442 416 312 325 338 481 494 273 312 156 221 286 312 390 416 442 377 78 403 260 286 416 338 182 273 403 286 130 364 390 351 338 351
0 546 312 221 338 403 572 468 442 351 390 325 533 598 299 0 546 611 572 481 494 312 598 403 533 442 676 546 520 481 390 507 429 520 598 325 390 455 429 507 572 429 182 507 663 377 286 325 377 468 546 481 351 390 273 416 442 221 442 221 416
0 494 312 130 286 403 520 598 234 585 429 273 221 429 520 481 0 559 468 221 442 221 559 455 494 468 598 468 390 234 299 429 390 481 390 351 169 221 351 312 494 273 104 494 546 598 533 364 416 208 533 533 403 390 507 325 338 377 312 494 273
0 429 273 195 286 286 390 377 390 26 377 182 429 481 351 234 208 0 286 247 286 325 390 247 286 286 247 247 364 247 312 351 325 351 455 273 364 195 442 91 273 130 312 130 507 429 260 325 377 312 338 299 364 338 338 247 299 442 143 403 65
0 169 260 78 143 260 117 273 338 377 169 221 403 364 325 377 312 442 0 182 286 195 494 39 286 286 338 260 273 195 260 390 299 299 481 208 247 351 325 195 260 78 195 286 221 364 364 195 234 234 416 117 208 325 52 78 286 325 247 364 286
0 403 104 247 351 247 351 390 416 377 208 260 390 247 364 273 221 377 247 0 260 403 390 247 312 312 429 247 338 13 78 208 286 546 546 338 156 299 520 91 273 312 312 442 468 429 338 156 208 390 507 325 182 169 299 234 325 442 156 312 247
0 377 351 299 481 364 611 468 455 442 429 247 507 429 533 520 468 585 494 260 0 481 481 468 208 208 572 325 442 273 325 468 364 650 533 338 416 351 507 338 351 442 416 286 481 494 559 377 429 390 286 455 416 416 546 481 221 546 325 559 494
0 559 377 429 390 260 520 637 416 429 611 351 390 559 611 429 468 403 533 481 416 0 559 390 585 442 650 585 585 416 351 442 247 390 546 442 442 559 130 442 598 494 572 533 572 533 351 429 481 494 468 468 468 325 572 429 312 650 494 286 455
0 429 130 234 325 169 377 429 286 377 234 78 299 273 390 312 247 403 286 39 299 377 0 273 338 286 455 286 377 52 104 247 195 572 364 169 156 286 494 117 312 325 338 403 481 455 338 182 104 208 416 351 221 195 325 260 260 468 182 273 260
0 481 325 52 117 247 442 364 299 351 299 182 390 338 455 377 312 481 390 312 260 169 494 0 260 260 299 234 442 312 299 390 286 403 455 182 221 377 286 195 260 299 325 416 455 325 338 169 195 325 390 91 182 364 182 39 260 299 247 364 260
0 299 143 299 299 221 403 312 260 377 234 65 351 234 377 325 260 377 299 52 312 286 273 299 0 13 377 299 247 65 130 260 169 585 325 143 208 260 403 143 208 299 312 390 494 286 364 182 234 195 208 377 208 221 338 286 13 481 195 364 299
0 299 143 286 299 260 403 403 273 377 260 52 390 286 403 325 260 416 299 52 312 286 442 286 351 0 364 299 364 65 117 260 169 585 325 143 208 260 403 130 299 299 351 390 494 286 377 195 247 195 195 364 234 208 338 273 13 481 195 351 286
0 429 481 403 468 416 611 481 468 546 338 442 520 390 481 195 312 650 624 442 533 494 442 364 390 390 0 481 468 416 481 364 364 715 611 338 468 481 611 520 507 494 377 416 689 546 442 338 390 338 377 442 364 442 468 403 403 247 455 377 585
0 390 104 312 221 39 351 143 208 130 130 143 182 429 286 221 234 299 247 299 247 169 390 273 312 260 546 0 273 247 78 273 78 338 351 234 156 351 286 273 39 325 286 390 403 351 338 156 208 273 299 364 182 156 299 312 104 286 273 377 260
0 481 325 52 299 273 455 364 403 351 364 195 403 546 507 442 416 351 468 442 455 364 611 377 429 403 520 234 0 455 299 494 299 403 468 286 221 390 481 403 260 429 507 442 520 546 559 377 416 325 520 455 403 377 520 260 325 299 429 546 273
0 390 91 312 364 247 351 494 403 377 195 338 377 299 351 351 221 364 234 351 247 390 507 273 299 312 559 351 325 0 65 273 273 533 546 325 143 364 507 273 377 299 312 481 455 416 325 143 195 416 494 338 169 156 286 299 312 429 260 299 260
0 338 26 260 312 182 286 442 338 403 338 286 325 468 416 286 156 390 182 286 390 325 442 208 247 247 507 377 273 195 0 208 221 468 494 364 91 312 442 221 403 247 247 416 390 429 260 78 130 351 429 286 117 104 221 247 247 364 208 299 195
0 455 403 299 429 468 416 299 520 429 468 299 559 676 390 91 624 468 507 507 572 312 663 377 611 468 663 598 377 520 481 0 481 598 585 390 468 455 429 494 559 403 260 390 533 221 299 403 455 442 468 455 429 468 351 403 325 312 429 299 494
0 325 234 364 156 338 468 416 494 481 364 390 468 468 468 273 325 494 351 351 182 208 312 351 377 390 650 364 390 182 221 195 0 468 312 442 299 364 325 208 364 429 338 442 338 351 481 299 312 520 221 429 325 78 403 390 78 494 260 468 221
0 182 195 286 338 273 130 260 325 169 299 104 390 338 351 273 208 468 286 104 351 273 390 234 364 52 416 247 299 117 169 312 208 0 377 195 260 299 390 91 273 351 299 429 247 338 351 247 221 247 247 325 195 260 325 273 65 494 143 390 234
0 130 351 364 338 273 494 234 429 390 403 377 416 481 299 429 494 403 416 533 481 247 507 403 572 520 520 273 507 481 338 351 312 598 0 468 364 455 377 494 299 494 546 533 611 377 364 403 221 325 403 481 208 390 429 429 364 546 442 390 468
0 390 182 286 169 286 338 377 130 494 364 169 416 403 520 442 312 533 325 169 312 221 559 247 390 117 468 416 416 182 156 364 273 572 273 0 234 377 338 247 273 156 403 390 403 403 338 234 286 312 312 325 260 247 377 286 130 520 312 273 351
0 494 299 325 377 416 455 533 260 429 455 390 234 377 585 481 195 403 338 390 520 377 611 377 338 338 650 546 403 403 455 403 455 611 416 468 0 390 403 390 533 416 286 338 559 624 377 351 364 403 533 455 351 364 364 403 338 572 377 533 117
0 507 481 351 416 429 468 533 299 507 234 403 572 520 377 559 507 637 351 390 429 481 546 390 364 351 624 390 299 403 455 598 468 650 455 494 520 0 598 377 416 429 533 390 572 442 338 533 572 533 546 468 559 533 403 364 351 598 299 689 390
0 442 260 481 390 312 390 520 468 429 559 364 455 598 611 481 351 624 520 364 520 442 598 494 468 312 676 494 468 377 351 442 351 260 624 403 416 494 0 338 520 377 442 624 507 416 221 312 364 442 481 507 351 338 572 533 312 598 403 156 494
0 364 260 208 260 208 312 312 364 286 299 299 338 494 273 195 130 455 208 338 416 325 312 156 403 416 455 169 429 351 234 429 234 494 507 338 286 221 442 0 195 273 221 481 416 338 390 312 351 325 455 234 338 312 247 195 260 416 65 325 390
0 364 286 286 195 13 403 117 182 286 416 117 156 442 377 182 377 273 403 351 221 143 364 403 429 325 520 403 429 221 260 247 52 507 325 208 325 325 260 247 0 364 247 364 377 351 312 130 182 247 273 481 169 130 442 390 78 403 247 351 260
0 338 182 234 325 338 468 442 481 481 312 364 481 351 468 390 325 481 351 117 364 377 468 351 390 403 481 364 455 130 182 325 364 585 637 364 273 403 494 195 390 0 416 546 533 507 416 234 286 494 585 429 273 247 403 221 403 468 260 416 351
0 416 442 39 403 377 429 520 390 494 585 169 442 533 624 429 403 533 429 429 481 130 650 351 416 377 494 546 364 442 416 520 377 390 455 260 208 364 247 390 533 416 0 507 546 533 468 377 403 312 520 442 377 403 468 234 377 286 416 403 312
0 455 312 78 195 234 416 442 260 364 286 52 364 507 247 234 442 507 416 299 338 247 286 351 390 260 481 403 364 312 299 455 260 429 338 143 247 65 364 364 403 299 403 0 533 325 390 247 299 182 455 169 273 338 273 208 260 312 39 416 351
0 351 312 78 130 52 390 78 208 325 325 143 195 260 403 221 312 299 390 338 260 104 390 351 351 299 416 286 65 260 299 273 78 260 364 234 247 351 195 195 39 390 286 403 0 377 260 169 208 286 260 104 195 156 195 286 104 325 247 351 299
0 247 481 364 429 351 208 351 351 273 455 416 338 572 416 468 403 247 286 442 520 377 585 325 507 507 494 442 364 455 494 481 390 572 494 494 481 429 494 286 351 338 481 377 312 0 481 468 351 520 533 403 325 468 338 351 416 520 338 455 299
0 364 364 468 312 429 520 468 312 585 494 351 338 585 533 455 494 637 442 351 455 364 650 429 533 299 650 520 559 351 338 390 455 481 455 182 416 273 494 429 442 338 533 403 546 572 0 364 377 481 260 286 364 429 390 455 299 663 442 455 520
0 325 182 195 286 104 273 429 260 325 468 208 247 572 338 273 364 325 377 403 312 338 377 325 403 403 429 364 442 312 208 338 143 546 416 299 195 403 455 338 390 377 364 442 390 403 195 0 52 338 364 403 39 221 351 338 208 442 130 234 312
0 325 273 143 377 416 286 429 494 273 507 286 546 598 546 468 468 611 338 455 520 429 468 273 494 481 390 494 442 442 481 390 455 494 559 377 312 468 546 364 429 351 533 507 390 429 247 325 0 416 507 351 351 351 390 299 494 390 416 182 429
0 481 351 234 351 299 494 468 455 533 403 234 442 585 325 377 429 520 455 351 507 416 364 247 507 442 546 403 182 286 325 299 338 572 520 325 260 442 533 312 429 247 481 468 390 390 585 403 442 0 559 338 429 195 429 286 403 481 117 572 364
0 104 299 312 377 221 442 208 338 403 585 325 364 390 585 390 481 377 429 377 429 221 481 442 520 338 546 481 468 390 325 442 260 611 494 221 312 494 351 455 260 377 507 507 403 559 312 351 169 455 0 507 156 338 468 455 286 546 481 351 390
0 403 273 273 26 182 351 377 338 364 221 247 325 481 377 351 442 403 455 247 182 91 455 403 247 195 507 234 351 260 286 299 221 351 494 338 273 403 208 325 260 455 247 338 377 377 273 91 130 390 390 0 117 299 104 416 208 390 208 312 390
0 351 156 169 247 78 299 455 234 299 468 169 208 546 429 247 325 520 351 416 286 312 416 286 364 364 390 338 442 273 169 299 104 520 390 260 169 377 429 299 364 364 416 429 416 442 169 208 26 312 325 364 0 182 390 312 182 403 325 195 273
0 429 169 286 377 260 390 416 416 403 286 351 390 390 390 195 247 416 273 429 338 390 429 273 377 377 572 286 403 104 143 117 286 390 559 429 221 338 507 130 312 351 299 507 494 338 403 221 260 442 481 364 247 0 325 312 351 416 182 390 325
0 429 377 182 247 325 377 416 481 403 130 286 455 416 273 468 455 559 416 286 325 273 481 364 533 247 442 286 260 299 351 494 351 247 559 377 338 299 390 325 312 494 143 247 390 338 494 312 364 416 442 403 351 429 0 377 247 429 234 533 325
0 442 325 13 169 351 416 455 273 442 442 156 416 299 429 351 286 533 351 273 325 221 468 312 221 221 273 312 403 286 299 442 377 364 416 143 182 351 351 156 351 299 377 481 520 299 481 351 377 286 416 390 364 377 403 0 234 260 221 416 299
0 299 299 403 299 299 481 403 468 546 481 403 442 520 494 429 468 520 507 273 338 273 468 507 507 507 702 520 546 286 351 351 156 624 325 416 429 520 403 351 299 390 364 598 494 286 507 351 364 533 195 585 351 234 559 507 0 637 286 533 377
0 416 286 286 260 182 364 247 221 429 468 273 312 507 429 351 416 416 429 260 390 260 468 351 494 221 520 468 520 273 260 377 208 598 377 104 286 481 377 351 364 260 455 494 481 494 286 104 156 403 416 429 130 286 455 377 221 0 221 325 403
0 429 377 312 260 195 377 403 351 429 481 286 325 520 221 364 494 520 520 286 403 312 247 312 507 442 559 533 546 299 351 416 221 663 507 377 403 364 429 364 520 533 546 546 494 286 585 429 338 429 442 390 455 299 494 299 299 546 0 520 442
0 429 104 351 364 260 429 481 364 455 455 351 403 546 494 364 416 468 442 325 468 416 442 442 312 325 585 338 312 273 312 286 299 546 520 247 260 338 546 299 364 221 468 468 533 442 65 156 208 286 325 351 195 182 455 429 325 442 286 0 364
0 520 377 299 273 442 624 546 481 377 351 273 572 455 481 377 390 611 520 273 416 325 494 351 234 234 598 507 299 286 351 299 390 585 559 364 429 286 442 364 429 520 481 234 715 507 533 403 455 403 429 390 429 442 338 338 234 494 273 507 0
