80 3
95 173 777 6 1
83 232 802 2 1
25 373 983 9 10
18 521 1093 6 4
6 223 823 3 3
34 410 1036 10 5
75 264 902 9 1
68 395 977 8 9
46 345 931 6 8
86 502 1106 7 8
99 370 952 5 3
72 294 900 7 10
62 450 1010 10 9
70 499 1095 3 1
69 343 915 6 10
70 175 795 10 1
80 397 961 5 2
83 509 1093 5 4
40 394 974 10 5
42 397 1011 3 5
61 461 1087 2 5
82 268 886 6 9
18 386 978 2 4
17 471 1107 1 4
13 400 1036 6 8
14 490 1082 9 10
11 318 894 1 1
100 324 944 7 8
34 151 777 1 6
60 298 864 5 4
70 494 1098 8 8
47 325 899 3 5
50 279 911 3 9
33 376 978 5 10
84 395 977 6 2
37 298 864 7 10
45 442 1028 1 5
92 259 831 2 7
82 216 844 2 9
62 312 914 7 2
59 544 1106 7 1
88 518 1142 1 7
3 183 803 3 7
89 216 816 5 9
30 470 1098 2 6
2 374 968 2 3
23 290 888 2 3
5 337 971 10 2
64 342 960 10 9
19 420 980 8 3
44 543 1139 4 8
76 174 736 2 1
99 419 1043 9 7
28 205 819 10 9
35 366 942 8 10
19 184 748 1 3
83 285 855 1 2
11 546 1136 7 7
38 534 1128 1 3
38 489 1081 1 4
86 468 1042 8 4
64 140 776 9 1
29 375 967 5 3
79 190 766 8 6
3 274 836 3 9
73 542 1128 10 4
89 517 1079 6 9
52 462 1060 4 7
9 165 781 7 9
64 385 1009 3 3
64 183 801 8 8
69 424 1056 9 9
89 506 1116 7 10
96 402 966 5 3
84 160 776 10 1
19 449 1037 2 5
68 456 1072 5 10
28 175 797 2 3
99 221 785 4 1
12 169 787 1 10
SETUP
0 7 3 10 8 6 8 6 6 8 1 3 6 7 7 7 6 6 8 6 6 3 7 6 5 8 9 4 7 7 6 9 7 4 7 7 8 7 6 5 6 5 7 4 7 6 5 8 5 8 3 5 9 6 8 8 7 8 6 8 5 5 7 7 9 7 8 7 8 4 7 6 3 9 7 6 2 5 6 7 5
0 0 31 29 27 31 1 9 31 27 31 8 32 28 30 29 31 34 33 31 30 31 29 31 31 6 30 33 34 4 31 35 30 31 26 34 8 31 32 28 31 30 6 6 30 30 31 32 30 28 32 33 31 31 31 30 31 8 5 31 6 31 7 30 32 9 30 33 8 30 30 30 7 34 30 28 34 31 31 32 33
0 31 0 33 30 32 31 33 4 32 32 30 32 30 32 30 31 9 31 29 29 30 31 30 29 30 33 31 32 29 7 33 5 30 29 8 33 29 30 27 30 30 31 26 32 4 30 32 30 31 30 8 32 32 7 31 30 32 28 30 33 5 34 33 31 32 30 33 32 6 31 4 31 7 4 5 32 5 33 32 27
0 30 29 0 31 32 30 34 31 30 31 32 7 4 31 30 5 33 32 31 27 29 6 5 29 32 32 31 32 30 34 8 30 28 6 32 34 29 30 30 30 3 30 29 26 31 4 32 8 29 30 31 30 4 31 30 33 30 27 30 27 29 32 8 29 31 6 32 30 30 30 31 31 33 27 32 34 28 4 31 4
0 32 30 27 0 7 32 34 30 32 33 32 32 29 7 30 30 32 30 32 28 29 31 30 4 29 9 30 32 30 32 34 31 28 32 31 34 29 30 26 30 28 30 29 3 31 29 29 31 5 6 32 7 30 32 7 8 32 27 5 30 30 33 33 5 33 31 32 32 31 6 31 33 33 27 32 9 29 30 8 31
0 30 34 34 8 0 31 36 34 32 33 34 34 33 10 31 34 35 34 33 31 33 32 30 8 29 10 32 30 31 32 33 31 32 31 36 35 33 31 33 30 32 30 33 10 32 33 33 33 8 8 35 10 33 32 6 9 33 31 5 30 33 34 35 9 33 31 34 33 33 7 32 34 36 31 30 10 32 31 10 34
0 7 33 31 34 35 0 11 30 34 34 7 35 27 33 29 34 34 33 33 32 32 32 31 34 7 34 32 33 10 34 34 33 32 33 34 12 34 31 31 31 34 8 6 32 33 31 33 34 28 33 33 33 30 33 34 31 8 8 33 9 30 6 31 34 9 33 35 8 30 34 33 9 33 33 33 34 33 34 35 33
0 4 30 33 31 31 5 0 27 31 33 4 32 31 32 29 33 32 35 32 32 29 28 31 31 8 30 32 31 7 33 31 32 29 30 33 10 33 29 32 30 32 8 5 33 32 30 31 33 32 31 31 30 31 32 33 27 9 6 34 7 30 10 27 34 10 32 33 9 31 33 31 6 30 31 30 30 31 32 33 31
0 33 3 34 33 30 32 32 0 32 33 27 30 31 30 31 33 6 34 30 30 27 32 31 29 31 31 30 29 31 7 29 7 27 31 6 33 31 31 30 31 32 31 27 31 5 28 33 33 31 29 5 34 32 8 32 28 32 31 32 30 4 33 33 34 33 31 31 32 4 33 5 29 4 7 6 29 5 30 31 29
0 32 31 27 33 34 31 33 32 0 7 33 32 30 33 6 30 34 10 5 5 6 33 29 31 28 33 6 7 32 34 34 32 5 32 34 35 6 5 7 5 30 29 30 28 28 31 7 34 31 32 33 33 30 31 32 30 31 29 30 29 31 34 34 31 32 32 8 31 32 32 28 32 34 29 32 34 30 29 33 31
0 33 27 33 32 32 33 33 30 7 0 26 29 31 31 7 31 30 9 5 5 2 31 31 30 32 34 7 6 31 31 33 31 3 31 31 32 6 7 4 7 29 31 28 31 30 28 9 32 32 27 29 33 31 32 31 32 32 30 32 29 28 33 34 33 31 32 6 32 28 32 30 27 33 30 29 33 29 30 30 29
0 7 26 32 31 33 7 7 29 32 32 0 28 31 33 31 31 29 32 30 29 25 30 30 30 6 32 32 33 5 32 33 30 30 30 33 9 29 31 28 30 30 7 2 31 29 31 33 31 32 31 28 32 30 31 30 31 7 4 31 8 31 7 34 32 7 30 29 7 27 31 29 7 32 30 28 32 27 34 29 28
0 34 31 7 33 34 32 34 30 32 33 31 0 6 33 31 7 34 32 30 30 31 8 6 30 33 33 32 33 32 34 6 33 30 9 34 30 30 31 32 30 5 32 31 28 29 6 33 11 31 31 33 33 8 32 33 31 32 29 32 30 31 34 10 31 33 8 32 32 32 33 32 33 33 29 34 33 30 6 32 9
0 30 31 4 32 35 30 33 34 32 32 32 9 0 31 27 7 32 31 31 30 31 8 4 33 30 35 30 31 32 32 8 31 32 6 32 35 32 29 33 29 7 31 29 30 31 4 31 7 26 31 33 34 4 31 32 33 31 30 31 31 29 29 10 33 32 7 33 31 27 32 31 33 36 31 32 33 31 8 33 7
0 32 32 33 9 6 32 34 35 34 33 31 34 32 0 29 32 35 34 31 32 32 33 31 6 32 10 29 30 33 32 36 33 31 32 35 35 34 28 34 28 33 32 32 9 30 32 30 31 5 6 34 7 30 30 10 7 33 32 8 34 32 32 35 7 33 33 33 33 33 10 30 34 31 32 33 10 33 35 9 34
0 29 30 32 31 34 29 34 32 6 6 31 32 30 31 0 31 32 8 6 4 5 33 27 31 30 33 4 5 31 31 36 30 6 29 35 33 6 3 7 3 31 30 31 33 29 31 5 33 31 30 31 34 27 29 31 31 30 30 31 34 32 31 34 31 30 30 7 30 31 31 29 32 35 30 31 35 29 34 32 31
0 34 31 8 36 30 27 32 32 34 35 33 10 5 35 31 0 34 31 32 33 30 10 7 34 34 30 31 34 35 32 12 34 33 10 35 31 34 32 30 32 4 34 32 33 31 8 34 7 30 34 33 29 8 34 32 33 34 32 31 34 33 33 8 34 34 9 33 34 31 34 30 34 35 32 33 35 30 10 33 9
0 35 5 34 33 32 28 34 8 35 33 34 33 30 32 32 29 0 30 33 29 30 34 33 28 33 34 34 35 31 9 34 7 29 33 8 35 28 33 30 33 27 34 30 33 7 30 34 35 31 30 7 33 33 8 33 33 35 31 30 32 6 34 33 33 35 32 35 34 5 32 7 34 10 4 8 35 4 33 34 32
0 31 27 33 32 34 31 34 30 8 7 32 32 31 34 7 32 31 0 7 6 2 31 31 30 32 33 8 9 31 33 34 30 7 30 34 33 6 7 4 7 31 33 28 34 30 32 9 32 32 32 29 33 29 31 31 32 33 30 32 32 32 33 33 33 32 30 9 34 28 31 30 33 33 30 29 34 26 33 34 29
0 35 30 30 34 34 34 35 34 4 8 34 34 33 29 7 32 31 10 0 4 5 34 32 34 31 36 8 9 31 33 37 31 8 32 37 34 9 7 7 7 30 32 31 31 31 34 7 31 33 34 32 34 33 33 32 33 34 31 32 31 30 35 34 34 34 31 10 34 31 32 31 33 34 32 33 30 29 32 34 32
0 33 27 33 31 33 33 32 30 10 5 31 30 30 32 5 33 34 6 7 0 2 31 31 31 32 34 8 8 27 33 34 28 7 29 34 31 6 7 4 7 31 32 28 33 30 33 9 32 30 30 29 33 31 30 29 32 33 30 32 33 32 33 34 33 34 28 9 33 28 29 30 30 31 31 29 34 26 34 30 29
0 31 26 32 31 33 32 33 29 8 8 31 33 31 33 6 31 34 7 5 5 0 30 30 29 31 32 7 8 30 31 33 30 6 29 33 34 4 6 3 6 30 32 27 33 29 31 8 30 31 31 27 32 30 31 30 31 32 29 31 33 31 31 34 32 33 30 9 32 27 31 29 32 32 29 28 32 27 34 33 28
0 34 30 10 33 34 33 35 32 34 34 29 7 6 33 31 6 32 33 31 30 29 0 7 31 32 35 32 33 32 31 11 33 30 8 30 36 31 31 31 30 5 33 30 34 30 6 33 6 31 33 31 27 8 30 34 33 34 29 33 33 31 34 10 31 34 8 33 32 30 32 32 32 35 29 28 36 30 9 33 7
0 29 28 7 31 32 29 31 30 31 28 29 6 4 30 26 5 30 31 28 27 28 6 0 29 28 32 27 27 29 30 9 28 28 4 33 31 29 26 29 25 5 28 29 32 27 5 28 6 29 28 30 32 3 27 29 29 27 29 29 31 30 29 8 29 28 3 29 27 29 29 27 30 33 29 31 33 27 7 30 5
0 31 33 34 8 9 32 31 33 32 33 34 34 30 5 30 33 35 31 30 33 32 30 33 0 35 8 32 33 34 34 31 32 34 31 30 37 34 31 33 30 34 34 31 9 33 27 33 33 6 8 30 8 32 32 11 5 33 34 10 32 34 32 30 10 35 35 32 33 32 8 32 34 35 33 30 9 32 33 7 35
0 6 30 33 32 33 6 8 31 32 30 6 32 29 31 27 30 32 32 29 28 29 31 27 30 0 33 28 29 6 31 31 29 28 30 32 8 29 27 30 27 28 1 4 33 28 29 29 32 30 29 31 31 29 29 30 30 4 2 27 7 30 6 31 30 5 29 31 4 29 30 28 7 33 27 32 34 29 32 31 31
0 31 32 33 9 2 30 32 33 31 32 32 31 30 7 29 28 34 31 28 30 31 33 28 7 30 0 30 31 32 33 34 31 31 32 35 34 32 29 33 29 31 30 31 9 27 32 31 33 6 6 33 7 31 30 7 5 31 30 5 31 32 31 33 7 31 31 33 31 32 5 27 33 36 30 31 8 30 32 8 33
0 32 28 33 34 32 30 31 31 6 7 27 31 31 31 4 32 31 5 3 5 3 32 28 31 30 31 0 6 32 32 35 31 6 32 34 34 7 4 5 4 30 31 29 33 27 31 6 33 31 30 30 33 30 29 31 29 30 29 30 33 32 28 33 32 31 30 7 30 29 32 27 32 34 30 30 32 30 34 32 30
0 34 30 32 34 30 34 34 34 10 8 33 34 32 34 6 33 35 9 7 4 5 34 30 32 28 31 6 0 31 27 33 31 7 32 35 31 8 5 7 5 31 29 31 33 31 32 6 35 32 32 32 34 32 32 32 33 32 30 29 34 33 34 34 33 32 31 7 32 31 32 31 33 35 30 33 37 29 35 32 32
0 7 29 31 29 30 7 6 28 32 27 4 28 27 30 29 31 32 29 29 30 29 30 30 28 6 31 31 31 0 31 32 26 30 27 32 5 28 30 27 30 30 5 6 31 28 30 32 30 28 28 31 32 30 27 27 30 7 4 32 6 31 6 32 31 8 26 31 6 30 27 31 3 31 29 31 31 29 31 28 31
0 32 7 35 35 28 33 35 10 34 33 33 32 31 34 29 32 10 32 33 33 31 34 31 33 32 30 30 34 34 0 31 8 35 33 12 37 33 32 33 32 35 33 32 35 7 34 29 34 31 34 8 36 31 6 34 34 32 34 33 34 7 33 35 35 34 34 32 32 8 31 7 34 13 10 9 37 6 34 32 34
0 34 31 9 32 34 34 31 33 32 30 30 7 6 33 32 10 30 32 32 30 30 5 8 32 35 34 33 34 32 35 0 29 32 6 34 34 31 32 32 31 8 34 32 34 31 6 34 9 31 32 32 32 9 32 31 33 31 31 30 33 33 32 8 34 34 5 33 31 32 30 32 31 36 32 31 36 31 9 28 8
0 31 4 30 28 30 30 30 7 31 27 28 28 27 32 28 30 7 28 28 30 28 32 29 28 31 30 30 31 31 6 31 0 29 26 7 33 27 29 29 29 31 32 30 30 3 30 31 30 27 28 6 34 30 6 32 29 31 30 31 31 5 30 31 33 32 31 32 31 4 26 6 28 10 6 6 33 4 32 32 31
0 32 31 33 34 31 31 32 32 6 7 32 32 29 28 5 32 34 7 4 6 6 31 29 32 32 33 5 7 31 32 30 31 0 32 29 35 7 5 8 5 31 30 26 29 28 26 7 31 30 32 33 33 31 31 32 30 31 30 31 28 27 33 34 33 31 31 6 31 31 32 28 32 34 30 29 31 31 29 31 30
0 34 32 4 27 30 33 35 32 30 32 33 8 6 33 31 7 34 32 33 30 31 8 7 30 31 29 32 34 30 31 10 30 30 0 33 34 30 32 27 32 5 31 31 30 32 7 31 6 31 32 33 33 7 32 31 34 34 29 32 31 31 34 10 31 34 6 33 34 33 31 31 32 35 29 34 35 30 8 33 8
0 30 5 32 31 32 30 32 8 31 31 29 31 30 31 26 28 6 31 28 28 29 31 28 32 31 32 27 28 30 5 34 6 29 30 0 33 32 26 30 26 28 30 26 33 3 29 28 32 30 28 7 32 28 3 32 29 30 30 30 31 5 30 33 29 31 31 31 30 6 32 3 30 8 3 5 33 4 32 31 30
0 7 31 27 31 33 7 5 32 30 30 6 30 30 32 31 30 32 31 31 29 30 29 31 30 9 33 32 32 7 33 34 28 29 29 33 0 30 31 31 31 29 7 5 27 30 29 33 33 30 31 33 31 30 29 31 32 6 3 32 4 31 6 31 31 4 32 27 5 32 29 32 6 33 28 31 35 30 30 27 30
0 32 33 34 33 29 32 31 33 8 9 34 32 30 30 6 33 36 7 5 8 7 31 33 25 32 32 7 8 34 34 32 32 8 31 30 37 0 6 8 6 34 32 31 33 33 27 8 33 31 27 30 33 32 33 34 30 34 34 33 32 34 33 30 32 35 35 7 32 33 33 32 35 35 33 30 33 32 33 32 34
0 29 30 33 31 32 29 33 32 6 6 31 33 29 32 1 32 33 8 6 4 5 32 28 31 30 34 4 3 31 29 34 30 6 29 35 33 7 0 7 3 31 29 31 32 30 32 3 33 30 27 32 34 27 30 31 32 30 30 31 34 29 31 34 31 30 30 6 30 31 31 30 32 32 30 31 34 30 35 30 32
0 34 30 31 31 32 32 34 30 9 7 31 32 29 31 6 30 32 5 7 3 4 31 29 29 28 34 6 7 30 34 33 30 3 32 31 34 4 5 0 5 28 29 29 32 31 29 5 34 29 30 31 30 32 31 31 32 32 27 30 31 29 32 33 29 32 30 9 32 30 30 31 32 33 27 32 33 28 32 33 31
0 29 30 33 31 32 29 31 33 6 7 29 31 30 32 1 32 32 6 4 4 4 30 28 32 30 32 2 3 31 29 34 30 4 30 33 33 7 1 7 0 30 30 29 33 27 29 3 33 30 28 31 32 28 27 31 29 30 29 30 31 30 29 33 29 31 30 6 30 31 31 27 32 33 30 31 33 30 32 31 32
0 33 28 9 33 32 29 34 31 33 32 33 8 6 33 31 3 33 32 30 30 27 7 6 31 30 31 32 33 32 31 10 31 30 7 33 33 31 31 27 31 0 31 29 33 30 6 32 8 31 32 30 31 7 32 32 32 33 29 28 33 31 33 10 31 34 6 33 31 29 32 30 34 34 29 30 34 27 9 33 5
0 9 33 37 35 35 9 10 37 35 35 11 35 34 37 32 37 33 36 36 32 33 32 34 33 12 34 35 34 10 36 37 33 36 34 37 11 35 32 34 34 35 0 10 35 35 34 34 37 35 30 35 34 34 36 36 31 10 10 37 12 34 11 31 37 13 35 32 10 34 34 36 11 37 35 35 35 32 37 32 35
0 7 31 33 34 33 6 7 33 31 32 8 32 32 32 29 31 34 34 28 30 30 30 29 32 6 32 30 31 7 32 36 31 31 32 35 9 32 29 33 29 31 7 0 34 27 32 31 31 32 31 33 32 31 30 32 30 6 5 30 7 32 8 34 32 7 31 33 6 32 32 27 8 36 30 28 33 30 33 33 30
0 33 29 32 6 7 31 33 31 30 30 31 31 28 6 30 29 32 32 31 27 28 30 29 4 31 7 30 31 29 33 32 30 27 31 31 33 28 29 29 29 27 29 28 0 30 28 31 33 4 5 30 5 31 31 6 8 30 26 5 27 29 32 33 4 30 30 31 30 30 5 30 31 33 26 31 8 28 28 6 31
0 31 5 31 32 31 28 33 7 29 30 31 32 30 30 28 31 7 32 26 28 29 32 27 30 29 30 28 29 30 7 35 5 30 31 10 33 30 27 31 27 31 30 31 32 0 31 29 32 30 30 7 34 29 4 30 27 29 31 30 32 7 31 34 30 30 29 31 29 7 30 4 31 10 6 8 31 4 33 31 31
0 32 31 7 34 33 33 32 34 30 32 32 8 4 27 29 7 34 34 28 31 30 7 6 33 33 35 30 31 33 33 5 31 32 7 28 36 33 29 32 29 7 33 29 33 31 0 31 9 29 31 32 34 6 30 34 33 33 33 33 30 32 32 9 32 34 9 30 31 30 32 30 33 33 31 33 33 31 7 30 8
0 29 29 31 31 33 29 31 32 6 4 29 32 27 30 1 31 31 6 4 4 4 30 28 29 30 33 2 5 31 31 34 29 6 29 34 34 4 3 5 3 31 31 30 31 28 31 0 30 28 30 31 32 27 30 31 30 28 30 30 33 30 29 33 31 30 30 4 28 29 30 28 30 35 30 31 34 30 33 28 30
0 33 27 8 31 29 28 30 30 33 31 32 7 5 33 30 1 33 28 31 31 29 5 7 31 32 30 31 33 31 26 7 29 32 5 34 32 31 32 29 32 4 33 28 31 30 6 30 0 30 32 32 30 7 32 33 33 31 30 32 33 32 32 8 33 34 7 28 30 31 30 30 32 32 31 31 34 29 9 28 5
0 30 32 29 7 11 30 35 34 31 33 32 34 32 7 30 33 35 30 31 31 31 32 30 8 30 10 31 32 33 34 36 32 31 30 35 36 32 30 33 30 31 30 28 5 30 32 32 34 0 7 34 9 29 32 8 8 32 30 6 31 33 28 35 8 32 32 34 32 33 9 30 34 37 30 31 11 31 32 9 32
0 35 35 35 11 7 35 35 37 37 33 34 35 31 10 32 34 37 36 34 34 34 33 34 8 36 11 32 33 34 34 37 33 31 34 35 37 33 31 32 31 34 33 32 11 33 32 34 33 7 0 37 10 34 32 11 10 35 34 11 34 33 35 37 10 37 35 32 30 34 9 33 34 37 33 31 12 34 35 8 32
0 35 5 35 34 31 31 34 8 36 31 31 33 32 34 33 29 9 31 33 30 29 28 33 33 34 30 34 35 33 5 35 6 31 32 8 34 33 33 32 33 32 34 31 34 7 32 33 28 32 31 0 30 34 7 31 34 34 31 34 33 7 35 35 34 35 30 31 34 6 31 7 30 10 6 1 36 6 34 31 32
0 34 33 34 7 9 30 34 35 32 33 34 32 33 8 31 30 35 34 30 31 32 30 30 7 33 8 32 31 34 32 37 33 34 30 31 36 32 31 33 30 34 34 32 10 29 34 33 31 8 8 34 0 33 32 9 6 32 34 9 36 35 34 36 7 33 33 32 32 34 9 32 33 37 34 29 9 32 36 7 34
0 27 31 6 29 33 27 34 32 29 31 32 9 5 32 30 6 33 34 33 29 30 6 6 30 32 32 31 32 30 33 10 31 29 3 33 35 30 31 30 31 4 33 30 31 32 6 30 7 30 32 32 32 0 32 32 32 30 28 32 32 30 33 7 30 34 7 32 30 32 32 32 32 35 28 29 35 30 8 32 7
0 35 6 33 31 30 35 35 9 37 33 34 34 33 35 32 34 13 34 34 28 30 33 33 34 32 35 34 29 31 6 34 7 34 33 13 34 34 34 32 33 34 32 31 34 9 35 34 34 32 34 7 34 34 0 32 35 35 33 33 35 10 35 37 36 36 31 34 35 7 32 9 33 10 8 7 37 4 34 34 32
0 34 30 33 6 8 34 32 30 34 28 29 30 30 5 31 33 32 31 31 31 29 33 32 6 32 9 33 33 34 34 34 28 30 29 34 32 30 32 29 32 32 28 31 9 30 31 34 33 5 5 31 8 33 30 0 8 34 30 9 32 31 33 34 8 34 28 33 33 31 4 33 29 33 31 31 7 31 33 9 32
0 34 30 34 7 4 33 34 33 34 31 32 32 31 10 32 30 36 33 31 32 29 34 31 7 32 3 31 33 31 31 36 30 34 30 36 35 32 31 31 31 33 33 30 9 30 34 34 34 7 8 31 10 32 33 8 0 33 32 8 32 34 34 33 10 34 31 35 33 30 6 30 33 35 32 32 4 31 33 9 31
0 5 28 30 31 30 6 5 31 32 26 3 30 26 27 28 29 28 31 31 30 27 29 30 27 6 31 31 30 5 29 33 28 28 29 32 8 27 30 27 30 30 4 4 30 30 29 32 28 27 28 30 31 28 27 29 31 0 4 31 5 30 5 31 31 7 30 27 1 28 29 31 3 33 29 30 34 29 30 27 27
0 7 28 31 30 31 6 9 31 32 31 6 30 27 30 29 28 33 31 30 26 27 30 28 28 6 33 30 30 4 32 32 29 27 30 30 8 27 28 28 28 26 7 3 31 30 27 30 33 28 29 30 29 30 30 30 32 6 0 29 5 28 6 32 28 6 29 32 6 29 29 29 6 33 26 30 32 27 30 32 30
0 31 29 32 6 7 30 31 32 31 31 31 31 28 6 29 29 33 32 28 27 28 30 28 4 30 7 30 30 29 32 33 30 27 31 31 33 28 28 29 28 27 31 28 7 27 28 30 32 4 5 30 5 30 30 6 4 30 26 0 30 29 31 33 4 31 30 31 29 28 5 27 32 32 26 30 8 28 31 6 31
0 7 30 30 31 33 7 7 29 28 29 5 33 29 30 29 30 31 34 32 32 30 31 31 29 6 34 32 30 7 32 33 31 31 32 34 10 29 28 30 31 28 3 7 30 31 31 30 31 29 30 32 33 30 30 31 32 3 7 30 0 30 8 33 32 4 32 30 3 31 32 31 4 31 31 31 32 29 26 30 30
0 32 7 34 33 35 32 30 8 32 33 31 31 31 31 32 32 10 32 31 30 31 33 31 31 34 34 29 34 30 10 33 6 30 31 7 34 31 32 32 32 30 32 31 28 6 28 34 34 31 33 9 33 33 7 32 32 32 29 33 30 0 31 32 31 33 31 33 32 7 30 6 33 11 5 9 30 6 31 33 28
0 8 29 33 33 34 8 10 32 34 31 4 31 29 35 30 33 32 27 33 32 28 33 33 32 9 35 34 30 8 32 34 30 33 31 36 10 32 33 30 32 33 10 5 34 32 33 35 34 29 33 30 35 31 33 33 34 10 7 34 10 32 0 35 34 9 31 32 10 30 31 32 8 35 32 31 35 28 35 33 31
0 27 30 6 30 29 28 34 33 29 32 30 8 5 32 28 6 33 33 31 31 29 2 5 32 32 28 30 29 30 31 11 30 31 3 31 34 32 27 30 30 6 31 31 32 30 7 29 7 30 29 31 28 5 31 31 26 32 30 33 32 31 33 0 33 32 6 32 32 31 31 30 32 31 30 29 29 31 8 33 7
0 34 31 29 3 10 34 33 32 34 34 30 30 31 9 32 32 34 32 33 30 30 27 32 6 31 11 32 34 32 31 35 33 30 34 32 35 30 32 28 32 30 32 31 5 32 31 31 32 7 7 33 4 32 31 9 9 33 29 7 32 32 35 35 0 35 33 34 33 32 8 33 34 35 30 29 10 31 31 10 33
0 9 31 34 35 32 4 8 34 34 34 5 33 31 33 32 27 32 32 33 32 30 34 33 33 10 31 30 35 7 34 35 33 32 33 34 8 33 33 32 33 30 9 7 30 32 30 35 33 31 34 32 30 34 34 34 33 10 6 33 7 27 9 33 33 0 33 34 10 32 32 32 9 37 31 33 31 31 33 32 30
0 32 29 6 28 30 31 30 28 31 27 28 3 2 30 28 6 31 28 28 29 28 8 4 28 30 31 30 30 31 31 7 25 29 2 32 29 28 29 27 29 5 29 30 30 28 5 31 5 27 29 30 32 5 27 26 30 31 28 31 31 30 30 7 31 32 0 31 31 29 26 31 28 31 29 31 31 29 7 31 6
0 31 30 31 29 30 31 28 30 7 3 29 28 27 30 4 31 30 4 5 5 4 27 30 29 32 31 7 7 32 32 32 26 5 27 31 34 4 5 4 5 30 31 30 28 28 28 7 30 28 29 31 29 31 30 32 30 28 29 32 30 31 29 30 32 33 32 0 28 30 27 31 29 33 30 29 33 30 31 25 30
0 6 30 30 31 32 6 5 32 32 28 4 30 26 32 27 29 32 31 31 30 29 29 30 30 6 31 31 30 4 29 34 28 30 29 33 8 30 30 27 30 30 4 5 30 30 30 32 28 27 29 31 31 29 27 31 32 5 4 32 7 29 5 31 31 8 30 27 0 28 29 31 4 35 29 31 34 30 33 27 27
0 35 9 30 35 34 35 31 8 35 33 34 35 34 34 35 35 13 35 32 32 34 34 35 34 35 36 35 32 34 10 37 9 33 34 12 37 34 34 34 34 33 33 34 31 11 34 37 37 34 34 11 36 34 4 30 33 35 32 36 33 10 37 33 34 36 33 37 35 0 34 11 34 11 7 10 36 8 34 37 34
0 30 28 30 8 8 31 34 31 32 33 27 27 26 7 27 30 31 27 31 30 27 32 29 7 30 9 31 32 32 30 32 32 30 31 31 32 31 30 30 29 31 31 29 5 30 29 32 29 1 7 30 9 29 31 8 7 31 30 7 31 29 29 35 8 32 31 31 32 28 0 31 34 34 30 30 8 28 32 7 30
0 30 5 31 32 31 29 30 7 29 30 30 30 30 30 27 31 7 32 26 28 29 30 27 30 29 30 28 29 30 6 34 4 29 30 8 32 30 27 31 27 29 30 30 32 1 30 29 31 30 29 7 31 29 4 30 27 29 27 28 32 6 30 31 30 29 29 31 29 6 30 0 31 9 3 4 31 4 33 31 31
0 10 31 33 31 30 9 10 32 30 31 8 36 31 30 31 31 33 36 33 33 31 33 33 32 8 34 32 30 10 30 35 33 32 34 30 7 32 31 31 30 30 5 6 33 32 33 33 34 32 26 31 33 33 32 34 32 6 8 33 3 32 10 36 34 5 34 32 6 32 34 32 0 34 32 31 35 30 29 33 32
0 32 7 31 33 31 32 29 6 33 33 33 34 30 30 30 33 6 32 30 29 30 31 30 26 28 32 31 26 32 4 32 7 28 31 6 30 32 30 33 30 31 29 29 31 6 27 32 33 31 32 5 33 32 7 33 30 32 30 29 31 5 33 30 33 32 32 31 32 7 33 6 34 0 6 6 34 5 32 32 32
0 33 3 32 30 32 30 33 6 32 30 31 31 30 29 30 28 9 32 30 26 27 32 30 31 31 32 31 33 28 7 31 4 26 30 5 32 31 30 28 30 26 31 27 30 4 27 33 32 30 31 5 32 31 6 30 31 32 29 29 29 3 33 34 32 32 29 32 32 4 30 4 30 7 0 5 32 2 30 31 30
0 35 4 35 33 32 30 33 8 35 33 30 34 32 35 33 28 8 31 33 30 29 27 33 33 34 33 33 34 32 4 34 7 32 33 7 34 33 32 31 32 32 34 30 34 7 33 33 28 33 30 6 29 33 7 34 34 33 30 34 32 8 34 35 33 34 32 30 33 6 32 7 30 9 6 0 36 6 33 31 31
0 30 30 34 8 8 31 33 33 32 32 30 33 32 8 29 33 33 32 30 30 30 30 29 7 31 7 27 31 32 33 37 31 32 31 35 35 32 29 32 29 32 32 31 10 29 33 31 33 7 7 32 8 29 30 7 5 31 31 7 35 33 30 29 8 31 31 33 31 31 7 29 33 32 32 33 0 30 35 8 32
0 32 2 33 32 33 32 33 5 33 31 32 32 30 33 31 32 10 32 30 30 26 30 31 30 31 33 32 33 30 7 34 5 31 30 9 33 30 31 28 31 31 32 27 33 5 32 33 31 31 31 4 32 30 6 30 32 33 30 31 34 7 32 34 32 34 29 33 33 3 30 5 32 8 5 4 33 0 35 34 28
0 32 30 7 33 32 31 31 33 34 28 29 7 3 29 29 4 30 33 32 31 29 6 7 28 32 33 33 32 31 31 10 30 30 6 34 35 28 32 29 31 2 27 30 31 31 6 34 5 28 30 31 33 5 29 31 33 27 30 30 32 31 31 8 33 32 7 29 27 30 31 31 29 34 31 32 36 29 0 29 4
0 31 30 31 4 6 31 27 30 32 28 29 28 27 5 29 31 30 29 29 31 29 27 30 4 32 7 31 32 31 31 32 26 30 27 30 34 28 30 29 30 31 30 30 6 28 27 32 30 3 4 31 4 30 29 7 5 28 30 7 30 31 29 29 8 32 32 29 27 30 2 31 29 33 31 29 8 29 31 0 29
0 29 31 8 31 32 29 32 30 30 30 31 6 5 30 31 7 33 31 31 32 31 7 7 30 32 33 33 33 27 33 9 28 32 4 34 31 30 32 29 32 5 31 32 33 30 7 34 8 30 30 33 32 7 30 29 32 33 30 32 32 33 33 9 33 34 3 33 33 28 29 33 30 33 31 31 33 31 9 30 0
SETUP_COST
0.0 140.0 60.0 200.0 160.0 120.0 160.0 120.0 120.0 160.0 20.0 60.0 120.0 140.0 140.0 140.0 120.0 120.0 160.0 120.0 120.0 60.0 140.0 120.0 100.0 160.0 180.0 80.0 140.0 140.0 120.0 180.0 140.0 80.0 140.0 140.0 160.0 140.0 120.0 100.0 120.0 100.0 140.0 80.0 140.0 120.0 100.0 160.0 100.0 160.0 60.0 100.0 180.0 120.0 160.0 160.0 140.0 160.0 120.0 160.0 100.0 100.0 140.0 140.0 180.0 140.0 160.0 140.0 160.0 80.0 140.0 120.0 60.0 180.0 140.0 120.0 40.0 100.0 120.0 140.0 100.0
0.0 0.0 620.0 580.0 540.0 620.0 20.0 180.0 620.0 540.0 620.0 160.0 640.0 560.0 600.0 580.0 620.0 680.0 660.0 620.0 600.0 620.0 580.0 620.0 620.0 120.0 600.0 660.0 680.0 80.0 620.0 700.0 600.0 620.0 520.0 680.0 160.0 620.0 640.0 560.0 620.0 600.0 120.0 120.0 600.0 600.0 620.0 640.0 600.0 560.0 640.0 660.0 620.0 620.0 620.0 600.0 620.0 160.0 100.0 620.0 120.0 620.0 140.0 600.0 640.0 180.0 600.0 660.0 160.0 600.0 600.0 600.0 140.0 680.0 600.0 560.0 680.0 620.0 620.0 640.0 660.0
0.0 620.0 0.0 660.0 600.0 640.0 620.0 660.0 80.0 640.0 640.0 600.0 640.0 600.0 640.0 600.0 620.0 180.0 620.0 580.0 580.0 600.0 620.0 600.0 580.0 600.0 660.0 620.0 640.0 580.0 140.0 660.0 100.0 600.0 580.0 160.0 660.0 580.0 600.0 540.0 600.0 600.0 620.0 520.0 640.0 80.0 600.0 640.0 600.0 620.0 600.0 160.0 640.0 640.0 140.0 620.0 600.0 640.0 560.0 600.0 660.0 100.0 680.0 660.0 620.0 640.0 600.0 660.0 640.0 120.0 620.0 80.0 620.0 140.0 80.0 100.0 640.0 100.0 660.0 640.0 540.0
0.0 600.0 580.0 0.0 620.0 640.0 600.0 680.0 620.0 600.0 620.0 640.0 140.0 80.0 620.0 600.0 100.0 660.0 640.0 620.0 540.0 580.0 120.0 100.0 580.0 640.0 640.0 620.0 640.0 600.0 680.0 160.0 600.0 560.0 120.0 640.0 680.0 580.0 600.0 600.0 600.0 60.0 600.0 580.0 520.0 620.0 80.0 640.0 160.0 580.0 600.0 620.0 600.0 80.0 620.0 600.0 660.0 600.0 540.0 600.0 540.0 580.0 640.0 160.0 580.0 620.0 120.0 640.0 600.0 600.0 600.0 620.0 620.0 660.0 540.0 640.0 680.0 560.0 80.0 620.0 80.0
0.0 640.0 600.0 540.0 0.0 140.0 640.0 680.0 600.0 640.0 660.0 640.0 640.0 580.0 140.0 600.0 600.0 640.0 600.0 640.0 560.0 580.0 620.0 600.0 80.0 580.0 180.0 600.0 640.0 600.0 640.0 680.0 620.0 560.0 640.0 620.0 680.0 580.0 600.0 520.0 600.0 560.0 600.0 580.0 60.0 620.0 580.0 580.0 620.0 100.0 120.0 640.0 140.0 600.0 640.0 140.0 160.0 640.0 540.0 100.0 600.0 600.0 660.0 660.0 100.0 660.0 620.0 640.0 640.0 620.0 120.0 620.0 660.0 660.0 540.0 640.0 180.0 580.0 600.0 160.0 620.0
0.0 600.0 680.0 680.0 160.0 0.0 620.0 720.0 680.0 640.0 660.0 680.0 680.0 660.0 200.0 620.0 680.0 700.0 680.0 660.0 620.0 660.0 640.0 600.0 160.0 580.0 200.0 640.0 600.0 620.0 640.0 660.0 620.0 640.0 620.0 720.0 700.0 660.0 620.0 660.0 600.0 640.0 600.0 660.0 200.0 640.0 660.0 660.0 660.0 160.0 160.0 700.0 200.0 660.0 640.0 120.0 180.0 660.0 620.0 100.0 600.0 660.0 680.0 700.0 180.0 660.0 620.0 680.0 660.0 660.0 140.0 640.0 680.0 720.0 620.0 600.0 200.0 640.0 620.0 200.0 680.0
0.0 140.0 660.0 620.0 680.0 700.0 0.0 220.0 600.0 680.0 680.0 140.0 700.0 540.0 660.0 580.0 680.0 680.0 660.0 660.0 640.0 640.0 640.0 620.0 680.0 140.0 680.0 640.0 660.0 200.0 680.0 680.0 660.0 640.0 660.0 680.0 240.0 680.0 620.0 620.0 620.0 680.0 160.0 120.0 640.0 660.0 620.0 660.0 680.0 560.0 660.0 660.0 660.0 600.0 660.0 680.0 620.0 160.0 160.0 660.0 180.0 600.0 120.0 620.0 680.0 180.0 660.0 700.0 160.0 600.0 680.0 660.0 180.0 660.0 660.0 660.0 680.0 660.0 680.0 700.0 660.0
0.0 80.0 600.0 660.0 620.0 620.0 100.0 0.0 540.0 620.0 660.0 80.0 640.0 620.0 640.0 580.0 660.0 640.0 700.0 640.0 640.0 580.0 560.0 620.0 620.0 160.0 600.0 640.0 620.0 140.0 660.0 620.0 640.0 580.0 600.0 660.0 200.0 660.0 580.0 640.0 600.0 640.0 160.0 100.0 660.0 640.0 600.0 620.0 660.0 640.0 620.0 620.0 600.0 620.0 640.0 660.0 540.0 180.0 120.0 680.0 140.0 600.0 200.0 540.0 680.0 200.0 640.0 660.0 180.0 620.0 660.0 620.0 120.0 600.0 620.0 600.0 600.0 620.0 640.0 660.0 620.0
0.0 660.0 60.0 680.0 660.0 600.0 640.0 640.0 0.0 640.0 660.0 540.0 600.0 620.0 600.0 620.0 660.0 120.0 680.0 600.0 600.0 540.0 640.0 620.0 580.0 620.0 620.0 600.0 580.0 620.0 140.0 580.0 140.0 540.0 620.0 120.0 660.0 620.0 620.0 600.0 620.0 640.0 620.0 540.0 620.0 100.0 560.0 660.0 660.0 620.0 580.0 100.0 680.0 640.0 160.0 640.0 560.0 640.0 620.0 640.0 600.0 80.0 660.0 660.0 680.0 660.0 620.0 620.0 640.0 80.0 660.0 100.0 580.0 80.0 140.0 120.0 580.0 100.0 600.0 620.0 580.0
0.0 640.0 620.0 540.0 660.0 680.0 620.0 660.0 640.0 0.0 140.0 660.0 640.0 600.0 660.0 120.0 600.0 680.0 200.0 100.0 100.0 120.0 660.0 580.0 620.0 560.0 660.0 120.0 140.0 640.0 680.0 680.0 640.0 100.0 640.0 680.0 700.0 120.0 100.0 140.0 100.0 600.0 580.0 600.0 560.0 560.0 620.0 140.0 680.0 620.0 640.0 660.0 660.0 600.0 620.0 640.0 600.0 620.0 580.0 600.0 580.0 620.0 680.0 680.0 620.0 640.0 640.0 160.0 620.0 640.0 640.0 560.0 640.0 680.0 580.0 640.0 680.0 600.0 580.0 660.0 620.0
0.0 660.0 540.0 660.0 640.0 640.0 660.0 660.0 600.0 140.0 0.0 520.0 580.0 620.0 620.0 140.0 620.0 600.0 180.0 100.0 100.0 40.0 620.0 620.0 600.0 640.0 680.0 140.0 120.0 620.0 620.0 660.0 620.0 60.0 620.0 620.0 640.0 120.0 140.0 80.0 140.0 580.0 620.0 560.0 620.0 600.0 560.0 180.0 640.0 640.0 540.0 580.0 660.0 620.0 640.0 620.0 640.0 640.0 600.0 640.0 580.0 560.0 660.0 680.0 660.0 620.0 640.0 120.0 640.0 560.0 640.0 600.0 540.0 660.0 600.0 580.0 660.0 580.0 600.0 600.0 580.0
0.0 140.0 520.0 640.0 620.0 660.0 140.0 140.0 580.0 640.0 640.0 0.0 560.0 620.0 660.0 620.0 620.0 580.0 640.0 600.0 580.0 500.0 600.0 600.0 600.0 120.0 640.0 640.0 660.0 100.0 640.0 660.0 600.0 600.0 600.0 660.0 180.0 580.0 620.0 560.0 600.0 600.0 140.0 40.0 620.0 580.0 620.0 660.0 620.0 640.0 620.0 560.0 640.0 600.0 620.0 600.0 620.0 140.0 80.0 620.0 160.0 620.0 140.0 680.0 640.0 140.0 600.0 580.0 140.0 540.0 620.0 580.0 140.0 640.0 600.0 560.0 640.0 540.0 680.0 580.0 560.0
0.0 680.0 620.0 140.0 660.0 680.0 640.0 680.0 600.0 640.0 660.0 620.0 0.0 120.0 660.0 620.0 140.0 680.0 640.0 600.0 600.0 620.0 160.0 120.0 600.0 660.0 660.0 640.0 660.0 640.0 680.0 120.0 660.0 600.0 180.0 680.0 600.0 600.0 620.0 640.0 600.0 100.0 640.0 620.0 560.0 580.0 120.0 660.0 220.0 620.0 620.0 660.0 660.0 160.0 640.0 660.0 620.0 640.0 580.0 640.0 600.0 620.0 680.0 200.0 620.0 660.0 160.0 640.0 640.0 640.0 660.0 640.0 660.0 660.0 580.0 680.0 660.0 600.0 120.0 640.0 180.0
0.0 600.0 620.0 80.0 640.0 700.0 600.0 660.0 680.0 640.0 640.0 640.0 180.0 0.0 620.0 540.0 140.0 640.0 620.0 620.0 600.0 620.0 160.0 80.0 660.0 600.0 700.0 600.0 620.0 640.0 640.0 160.0 620.0 640.0 120.0 640.0 700.0 640.0 580.0 660.0 580.0 140.0 620.0 580.0 600.0 620.0 80.0 620.0 140.0 520.0 620.0 660.0 680.0 80.0 620.0 640.0 660.0 620.0 600.0 620.0 620.0 580.0 580.0 200.0 660.0 640.0 140.0 660.0 620.0 540.0 640.0 620.0 660.0 720.0 620.0 640.0 660.0 620.0 160.0 660.0 140.0
0.0 640.0 640.0 660.0 180.0 120.0 640.0 680.0 700.0 680.0 660.0 620.0 680.0 640.0 0.0 580.0 640.0 700.0 680.0 620.0 640.0 640.0 660.0 620.0 120.0 640.0 200.0 580.0 600.0 660.0 640.0 720.0 660.0 620.0 640.0 700.0 700.0 680.0 560.0 680.0 560.0 660.0 640.0 640.0 180.0 600.0 640.0 600.0 620.0 100.0 120.0 680.0 140.0 600.0 600.0 200.0 140.0 660.0 640.0 160.0 680.0 640.0 640.0 700.0 140.0 660.0 660.0 660.0 660.0 660.0 200.0 600.0 680.0 620.0 640.0 660.0 200.0 660.0 700.0 180.0 680.0
0.0 580.0 600.0 640.0 620.0 680.0 580.0 680.0 640.0 120.0 120.0 620.0 640.0 600.0 620.0 0.0 620.0 640.0 160.0 120.0 80.0 100.0 660.0 540.0 620.0 600.0 660.0 80.0 100.0 620.0 620.0 720.0 600.0 120.0 580.0 700.0 660.0 120.0 60.0 140.0 60.0 620.0 600.0 620.0 660.0 580.0 620.0 100.0 660.0 620.0 600.0 620.0 680.0 540.0 580.0 620.0 620.0 600.0 600.0 620.0 680.0 640.0 620.0 680.0 620.0 600.0 600.0 140.0 600.0 620.0 620.0 580.0 640.0 700.0 600.0 620.0 700.0 580.0 680.0 640.0 620.0
0.0 680.0 620.0 160.0 720.0 600.0 540.0 640.0 640.0 680.0 700.0 660.0 200.0 100.0 700.0 620.0 0.0 680.0 620.0 640.0 660.0 600.0 200.0 140.0 680.0 680.0 600.0 620.0 680.0 700.0 640.0 240.0 680.0 660.0 200.0 700.0 620.0 680.0 640.0 600.0 640.0 80.0 680.0 640.0 660.0 620.0 160.0 680.0 140.0 600.0 680.0 660.0 580.0 160.0 680.0 640.0 660.0 680.0 640.0 620.0 680.0 660.0 660.0 160.0 680.0 680.0 180.0 660.0 680.0 620.0 680.0 600.0 680.0 700.0 640.0 660.0 700.0 600.0 200.0 660.0 180.0
0.0 700.0 100.0 680.0 660.0 640.0 560.0 680.0 160.0 700.0 660.0 680.0 660.0 600.0 640.0 640.0 580.0 0.0 600.0 660.0 580.0 600.0 680.0 660.0 560.0 660.0 680.0 680.0 700.0 620.0 180.0 680.0 140.0 580.0 660.0 160.0 700.0 560.0 660.0 600.0 660.0 540.0 680.0 600.0 660.0 140.0 600.0 680.0 700.0 620.0 600.0 140.0 660.0 660.0 160.0 660.0 660.0 700.0 620.0 600.0 640.0 120.0 680.0 660.0 660.0 700.0 640.0 700.0 680.0 100.0 640.0 140.0 680.0 200.0 80.0 160.0 700.0 80.0 660.0 680.0 640.0
0.0 620.0 540.0 660.0 640.0 680.0 620.0 680.0 600.0 160.0 140.0 640.0 640.0 620.0 680.0 140.0 640.0 620.0 0.0 140.0 120.0 40.0 620.0 620.0 600.0 640.0 660.0 160.0 180.0 620.0 660.0 680.0 600.0 140.0 600.0 680.0 660.0 120.0 140.0 80.0 140.0 620.0 660.0 560.0 680.0 600.0 640.0 180.0 640.0 640.0 640.0 580.0 660.0 580.0 620.0 620.0 640.0 660.0 600.0 640.0 640.0 640.0 660.0 660.0 660.0 640.0 600.0 180.0 680.0 560.0 620.0 600.0 660.0 660.0 600.0 580.0 680.0 520.0 660.0 680.0 580.0
0.0 700.0 600.0 600.0 680.0 680.0 680.0 700.0 680.0 80.0 160.0 680.0 680.0 660.0 580.0 140.0 640.0 620.0 200.0 0.0 80.0 100.0 680.0 640.0 680.0 620.0 720.0 160.0 180.0 620.0 660.0 740.0 620.0 160.0 640.0 740.0 680.0 180.0 140.0 140.0 140.0 600.0 640.0 620.0 620.0 620.0 680.0 140.0 620.0 660.0 680.0 640.0 680.0 660.0 660.0 640.0 660.0 680.0 620.0 640.0 620.0 600.0 700.0 680.0 680.0 680.0 620.0 200.0 680.0 620.0 640.0 620.0 660.0 680.0 640.0 660.0 600.0 580.0 640.0 680.0 640.0
0.0 660.0 540.0 660.0 620.0 660.0 660.0 640.0 600.0 200.0 100.0 620.0 600.0 600.0 640.0 100.0 660.0 680.0 120.0 140.0 0.0 40.0 620.0 620.0 620.0 640.0 680.0 160.0 160.0 540.0 660.0 680.0 560.0 140.0 580.0 680.0 620.0 120.0 140.0 80.0 140.0 620.0 640.0 560.0 660.0 600.0 660.0 180.0 640.0 600.0 600.0 580.0 660.0 620.0 600.0 580.0 640.0 660.0 600.0 640.0 660.0 640.0 660.0 680.0 660.0 680.0 560.0 180.0 660.0 560.0 580.0 600.0 600.0 620.0 620.0 580.0 680.0 520.0 680.0 600.0 580.0
0.0 620.0 520.0 640.0 620.0 660.0 640.0 660.0 580.0 160.0 160.0 620.0 660.0 620.0 660.0 120.0 620.0 680.0 140.0 100.0 100.0 0.0 600.0 600.0 580.0 620.0 640.0 140.0 160.0 600.0 620.0 660.0 600.0 120.0 580.0 660.0 680.0 80.0 120.0 60.0 120.0 600.0 640.0 540.0 660.0 580.0 620.0 160.0 600.0 620.0 620.0 540.0 640.0 600.0 620.0 600.0 620.0 640.0 580.0 620.0 660.0 620.0 620.0 680.0 640.0 660.0 600.0 180.0 640.0 540.0 620.0 580.0 640.0 640.0 580.0 560.0 640.0 540.0 680.0 660.0 560.0
0.0 680.0 600.0 200.0 660.0 680.0 660.0 700.0 640.0 680.0 680.0 580.0 140.0 120.0 660.0 620.0 120.0 640.0 660.0 620.0 600.0 580.0 0.0 140.0 620.0 640.0 700.0 640.0 660.0 640.0 620.0 220.0 660.0 600.0 160.0 600.0 720.0 620.0 620.0 620.0 600.0 100.0 660.0 600.0 680.0 600.0 120.0 660.0 120.0 620.0 660.0 620.0 540.0 160.0 600.0 680.0 660.0 680.0 580.0 660.0 660.0 620.0 680.0 200.0 620.0 680.0 160.0 660.0 640.0 600.0 640.0 640.0 640.0 700.0 580.0 560.0 720.0 600.0 180.0 660.0 140.0
0.0 580.0 560.0 140.0 620.0 640.0 580.0 620.0 600.0 620.0 560.0 580.0 120.0 80.0 600.0 520.0 100.0 600.0 620.0 560.0 540.0 560.0 120.0 0.0 580.0 560.0 640.0 540.0 540.0 580.0 600.0 180.0 560.0 560.0 80.0 660.0 620.0 580.0 520.0 580.0 500.0 100.0 560.0 580.0 640.0 540.0 100.0 560.0 120.0 580.0 560.0 600.0 640.0 60.0 540.0 580.0 580.0 540.0 580.0 580.0 620.0 600.0 580.0 160.0 580.0 560.0 60.0 580.0 540.0 580.0 580.0 540.0 600.0 660.0 580.0 620.0 660.0 540.0 140.0 600.0 100.0
0.0 620.0 660.0 680.0 160.0 180.0 640.0 620.0 660.0 640.0 660.0 680.0 680.0 600.0 100.0 600.0 660.0 700.0 620.0 600.0 660.0 640.0 600.0 660.0 0.0 700.0 160.0 640.0 660.0 680.0 680.0 620.0 640.0 680.0 620.0 600.0 740.0 680.0 620.0 660.0 600.0 680.0 680.0 620.0 180.0 660.0 540.0 660.0 660.0 120.0 160.0 600.0 160.0 640.0 640.0 220.0 100.0 660.0 680.0 200.0 640.0 680.0 640.0 600.0 200.0 700.0 700.0 640.0 660.0 640.0 160.0 640.0 680.0 700.0 660.0 600.0 180.0 640.0 660.0 140.0 700.0
0.0 120.0 600.0 660.0 640.0 660.0 120.0 160.0 620.0 640.0 600.0 120.0 640.0 580.0 620.0 540.0 600.0 640.0 640.0 580.0 560.0 580.0 620.0 540.0 600.0 0.0 660.0 560.0 580.0 120.0 620.0 620.0 580.0 560.0 600.0 640.0 160.0 580.0 540.0 600.0 540.0 560.0 20.0 80.0 660.0 560.0 580.0 580.0 640.0 600.0 580.0 620.0 620.0 580.0 580.0 600.0 600.0 80.0 40.0 540.0 140.0 600.0 120.0 620.0 600.0 100.0 580.0 620.0 80.0 580.0 600.0 560.0 140.0 660.0 540.0 640.0 680.0 580.0 640.0 620.0 620.0
0.0 620.0 640.0 660.0 180.0 40.0 600.0 640.0 660.0 620.0 640.0 640.0 620.0 600.0 140.0 580.0 560.0 680.0 620.0 560.0 600.0 620.0 660.0 560.0 140.0 600.0 0.0 600.0 620.0 640.0 660.0 680.0 620.0 620.0 640.0 700.0 680.0 640.0 580.0 660.0 580.0 620.0 600.0 620.0 180.0 540.0 640.0 620.0 660.0 120.0 120.0 660.0 140.0 620.0 600.0 140.0 100.0 620.0 600.0 100.0 620.0 640.0 620.0 660.0 140.0 620.0 620.0 660.0 620.0 640.0 100.0 540.0 660.0 720.0 600.0 620.0 160.0 600.0 640.0 160.0 660.0
0.0 640.0 560.0 660.0 680.0 640.0 600.0 620.0 620.0 120.0 140.0 540.0 620.0 620.0 620.0 80.0 640.0 620.0 100.0 60.0 100.0 60.0 640.0 560.0 620.0 600.0 620.0 0.0 120.0 640.0 640.0 700.0 620.0 120.0 640.0 680.0 680.0 140.0 80.0 100.0 80.0 600.0 620.0 580.0 660.0 540.0 620.0 120.0 660.0 620.0 600.0 600.0 660.0 600.0 580.0 620.0 580.0 600.0 580.0 600.0 660.0 640.0 560.0 660.0 640.0 620.0 600.0 140.0 600.0 580.0 640.0 540.0 640.0 680.0 600.0 600.0 640.0 600.0 680.0 640.0 600.0
0.0 680.0 600.0 640.0 680.0 600.0 680.0 680.0 680.0 200.0 160.0 660.0 680.0 640.0 680.0 120.0 660.0 700.0 180.0 140.0 80.0 100.0 680.0 600.0 640.0 560.0 620.0 120.0 0.0 620.0 540.0 660.0 620.0 140.0 640.0 700.0 620.0 160.0 100.0 140.0 100.0 620.0 580.0 620.0 660.0 620.0 640.0 120.0 700.0 640.0 640.0 640.0 680.0 640.0 640.0 640.0 660.0 640.0 600.0 580.0 680.0 660.0 680.0 680.0 660.0 640.0 620.0 140.0 640.0 620.0 640.0 620.0 660.0 700.0 600.0 660.0 740.0 580.0 700.0 640.0 640.0
0.0 140.0 580.0 620.0 580.0 600.0 140.0 120.0 560.0 640.0 540.0 80.0 560.0 540.0 600.0 580.0 620.0 640.0 580.0 580.0 600.0 580.0 600.0 600.0 560.0 120.0 620.0 620.0 620.0 0.0 620.0 640.0 520.0 600.0 540.0 640.0 100.0 560.0 600.0 540.0 600.0 600.0 100.0 120.0 620.0 560.0 600.0 640.0 600.0 560.0 560.0 620.0 640.0 600.0 540.0 540.0 600.0 140.0 80.0 640.0 120.0 620.0 120.0 640.0 620.0 160.0 520.0 620.0 120.0 600.0 540.0 620.0 60.0 620.0 580.0 620.0 620.0 580.0 620.0 560.0 620.0
0.0 640.0 140.0 700.0 700.0 560.0 660.0 700.0 200.0 680.0 660.0 660.0 640.0 620.0 680.0 580.0 640.0 200.0 640.0 660.0 660.0 620.0 680.0 620.0 660.0 640.0 600.0 600.0 680.0 680.0 0.0 620.0 160.0 700.0 660.0 240.0 740.0 660.0 640.0 660.0 640.0 700.0 660.0 640.0 700.0 140.0 680.0 580.0 680.0 620.0 680.0 160.0 720.0 620.0 120.0 680.0 680.0 640.0 680.0 660.0 680.0 140.0 660.0 700.0 700.0 680.0 680.0 640.0 640.0 160.0 620.0 140.0 680.0 260.0 200.0 180.0 740.0 120.0 680.0 640.0 680.0
0.0 680.0 620.0 180.0 640.0 680.0 680.0 620.0 660.0 640.0 600.0 600.0 140.0 120.0 660.0 640.0 200.0 600.0 640.0 640.0 600.0 600.0 100.0 160.0 640.0 700.0 680.0 660.0 680.0 640.0 700.0 0.0 580.0 640.0 120.0 680.0 680.0 620.0 640.0 640.0 620.0 160.0 680.0 640.0 680.0 620.0 120.0 680.0 180.0 620.0 640.0 640.0 640.0 180.0 640.0 620.0 660.0 620.0 620.0 600.0 660.0 660.0 640.0 160.0 680.0 680.0 100.0 660.0 620.0 640.0 600.0 640.0 620.0 720.0 640.0 620.0 720.0 620.0 180.0 560.0 160.0
0.0 620.0 80.0 600.0 560.0 600.0 600.0 600.0 140.0 620.0 540.0 560.0 560.0 540.0 640.0 560.0 600.0 140.0 560.0 560.0 600.0 560.0 640.0 580.0 560.0 620.0 600.0 600.0 620.0 620.0 120.0 620.0 0.0 580.0 520.0 140.0 660.0 540.0 580.0 580.0 580.0 620.0 640.0 600.0 600.0 60.0 600.0 620.0 600.0 540.0 560.0 120.0 680.0 600.0 120.0 640.0 580.0 620.0 600.0 620.0 620.0 100.0 600.0 620.0 660.0 640.0 620.0 640.0 620.0 80.0 520.0 120.0 560.0 200.0 120.0 120.0 660.0 80.0 640.0 640.0 620.0
0.0 640.0 620.0 660.0 680.0 620.0 620.0 640.0 640.0 120.0 140.0 640.0 640.0 580.0 560.0 100.0 640.0 680.0 140.0 80.0 120.0 120.0 620.0 580.0 640.0 640.0 660.0 100.0 140.0 620.0 640.0 600.0 620.0 0.0 640.0 580.0 700.0 140.0 100.0 160.0 100.0 620.0 600.0 520.0 580.0 560.0 520.0 140.0 620.0 600.0 640.0 660.0 660.0 620.0 620.0 640.0 600.0 620.0 600.0 620.0 560.0 540.0 660.0 680.0 660.0 620.0 620.0 120.0 620.0 620.0 640.0 560.0 640.0 680.0 600.0 580.0 620.0 620.0 580.0 620.0 600.0
0.0 680.0 640.0 80.0 540.0 600.0 660.0 700.0 640.0 600.0 640.0 660.0 160.0 120.0 660.0 620.0 140.0 680.0 640.0 660.0 600.0 620.0 160.0 140.0 600.0 620.0 580.0 640.0 680.0 600.0 620.0 200.0 600.0 600.0 0.0 660.0 680.0 600.0 640.0 540.0 640.0 100.0 620.0 620.0 600.0 640.0 140.0 620.0 120.0 620.0 640.0 660.0 660.0 140.0 640.0 620.0 680.0 680.0 580.0 640.0 620.0 620.0 680.0 200.0 620.0 680.0 120.0 660.0 680.0 660.0 620.0 620.0 640.0 700.0 580.0 680.0 700.0 600.0 160.0 660.0 160.0
0.0 600.0 100.0 640.0 620.0 640.0 600.0 640.0 160.0 620.0 620.0 580.0 620.0 600.0 620.0 520.0 560.0 120.0 620.0 560.0 560.0 580.0 620.0 560.0 640.0 620.0 640.0 540.0 560.0 600.0 100.0 680.0 120.0 580.0 600.0 0.0 660.0 640.0 520.0 600.0 520.0 560.0 600.0 520.0 660.0 60.0 580.0 560.0 640.0 600.0 560.0 140.0 640.0 560.0 60.0 640.0 580.0 600.0 600.0 600.0 620.0 100.0 600.0 660.0 580.0 620.0 620.0 620.0 600.0 120.0 640.0 60.0 600.0 160.0 60.0 100.0 660.0 80.0 640.0 620.0 600.0
0.0 140.0 620.0 540.0 620.0 660.0 140.0 100.0 640.0 600.0 600.0 120.0 600.0 600.0 640.0 620.0 600.0 640.0 620.0 620.0 580.0 600.0 580.0 620.0 600.0 180.0 660.0 640.0 640.0 140.0 660.0 680.0 560.0 580.0 580.0 660.0 0.0 600.0 620.0 620.0 620.0 580.0 140.0 100.0 540.0 600.0 580.0 660.0 660.0 600.0 620.0 660.0 620.0 600.0 580.0 620.0 640.0 120.0 60.0 640.0 80.0 620.0 120.0 620.0 620.0 80.0 640.0 540.0 100.0 640.0 580.0 640.0 120.0 660.0 560.0 620.0 700.0 600.0 600.0 540.0 600.0
0.0 640.0 660.0 680.0 660.0 580.0 640.0 620.0 660.0 160.0 180.0 680.0 640.0 600.0 600.0 120.0 660.0 720.0 140.0 100.0 160.0 140.0 620.0 660.0 500.0 640.0 640.0 140.0 160.0 680.0 680.0 640.0 640.0 160.0 620.0 600.0 740.0 0.0 120.0 160.0 120.0 680.0 640.0 620.0 660.0 660.0 540.0 160.0 660.0 620.0 540.0 600.0 660.0 640.0 660.0 680.0 600.0 680.0 680.0 660.0 640.0 680.0 660.0 600.0 640.0 700.0 700.0 140.0 640.0 660.0 660.0 640.0 700.0 700.0 660.0 600.0 660.0 640.0 660.0 640.0 680.0
0.0 580.0 600.0 660.0 620.0 640.0 580.0 660.0 640.0 120.0 120.0 620.0 660.0 580.0 640.0 20.0 640.0 660.0 160.0 120.0 80.0 100.0 640.0 560.0 620.0 600.0 680.0 80.0 60.0 620.0 580.0 680.0 600.0 120.0 580.0 700.0 660.0 140.0 0.0 140.0 60.0 620.0 580.0 620.0 640.0 600.0 640.0 60.0 660.0 600.0 540.0 640.0 680.0 540.0 600.0 620.0 640.0 600.0 600.0 620.0 680.0 580.0 620.0 680.0 620.0 600.0 600.0 120.0 600.0 620.0 620.0 600.0 640.0 640.0 600.0 620.0 680.0 600.0 700.0 600.0 640.0
0.0 680.0 600.0 620.0 620.0 640.0 640.0 680.0 600.0 180.0 140.0 620.0 640.0 580.0 620.0 120.0 600.0 640.0 100.0 140.0 60.0 80.0 620.0 580.0 580.0 560.0 680.0 120.0 140.0 600.0 680.0 660.0 600.0 60.0 640.0 620.0 680.0 80.0 100.0 0.0 100.0 560.0 580.0 580.0 640.0 620.0 580.0 100.0 680.0 580.0 600.0 620.0 600.0 640.0 620.0 620.0 640.0 640.0 540.0 600.0 620.0 580.0 640.0 660.0 580.0 640.0 600.0 180.0 640.0 600.0 600.0 620.0 640.0 660.0 540.0 640.0 660.0 560.0 640.0 660.0 620.0
0.0 580.0 600.0 660.0 620.0 640.0 580.0 620.0 660.0 120.0 140.0 580.0 620.0 600.0 640.0 20.0 640.0 640.0 120.0 80.0 80.0 80.0 600.0 560.0 640.0 600.0 640.0 40.0 60.0 620.0 580.0 680.0 600.0 80.0 600.0 660.0 660.0 140.0 20.0 140.0 0.0 600.0 600.0 580.0 660.0 540.0 580.0 60.0 660.0 600.0 560.0 620.0 640.0 560.0 540.0 620.0 580.0 600.0 580.0 600.0 620.0 600.0 580.0 660.0 580.0 620.0 600.0 120.0 600.0 620.0 620.0 540.0 640.0 660.0 600.0 620.0 660.0 600.0 640.0 620.0 640.0
0.0 660.0 560.0 180.0 660.0 640.0 580.0 680.0 620.0 660.0 640.0 660.0 160.0 120.0 660.0 620.0 60.0 660.0 640.0 600.0 600.0 540.0 140.0 120.0 620.0 600.0 620.0 640.0 660.0 640.0 620.0 200.0 620.0 600.0 140.0 660.0 660.0 620.0 620.0 540.0 620.0 0.0 620.0 580.0 660.0 600.0 120.0 640.0 160.0 620.0 640.0 600.0 620.0 140.0 640.0 640.0 640.0 660.0 580.0 560.0 660.0 620.0 660.0 200.0 620.0 680.0 120.0 660.0 620.0 580.0 640.0 600.0 680.0 680.0 580.0 600.0 680.0 540.0 180.0 660.0 100.0
0.0 180.0 660.0 740.0 700.0 700.0 180.0 200.0 740.0 700.0 700.0 220.0 700.0 680.0 740.0 640.0 740.0 660.0 720.0 720.0 640.0 660.0 640.0 680.0 660.0 240.0 680.0 700.0 680.0 200.0 720.0 740.0 660.0 720.0 680.0 740.0 220.0 700.0 640.0 680.0 680.0 700.0 0.0 200.0 700.0 700.0 680.0 680.0 740.0 700.0 600.0 700.0 680.0 680.0 720.0 720.0 620.0 200.0 200.0 740.0 240.0 680.0 220.0 620.0 740.0 260.0 700.0 640.0 200.0 680.0 680.0 720.0 220.0 740.0 700.0 700.0 700.0 640.0 740.0 640.0 700.0
0.0 140.0 620.0 660.0 680.0 660.0 120.0 140.0 660.0 620.0 640.0 160.0 640.0 640.0 640.0 580.0 620.0 680.0 680.0 560.0 600.0 600.0 600.0 580.0 640.0 120.0 640.0 600.0 620.0 140.0 640.0 720.0 620.0 620.0 640.0 700.0 180.0 640.0 580.0 660.0 580.0 620.0 140.0 0.0 680.0 540.0 640.0 620.0 620.0 640.0 620.0 660.0 640.0 620.0 600.0 640.0 600.0 120.0 100.0 600.0 140.0 640.0 160.0 680.0 640.0 140.0 620.0 660.0 120.0 640.0 640.0 540.0 160.0 720.0 600.0 560.0 660.0 600.0 660.0 660.0 600.0
0.0 660.0 580.0 640.0 120.0 140.0 620.0 660.0 620.0 600.0 600.0 620.0 620.0 560.0 120.0 600.0 580.0 640.0 640.0 620.0 540.0 560.0 600.0 580.0 80.0 620.0 140.0 600.0 620.0 580.0 660.0 640.0 600.0 540.0 620.0 620.0 660.0 560.0 580.0 580.0 580.0 540.0 580.0 560.0 0.0 600.0 560.0 620.0 660.0 80.0 100.0 600.0 100.0 620.0 620.0 120.0 160.0 600.0 520.0 100.0 540.0 580.0 640.0 660.0 80.0 600.0 600.0 620.0 600.0 600.0 100.0 600.0 620.0 660.0 520.0 620.0 160.0 560.0 560.0 120.0 620.0
0.0 620.0 100.0 620.0 640.0 620.0 560.0 660.0 140.0 580.0 600.0 620.0 640.0 600.0 600.0 560.0 620.0 140.0 640.0 520.0 560.0 580.0 640.0 540.0 600.0 580.0 600.0 560.0 580.0 600.0 140.0 700.0 100.0 600.0 620.0 200.0 660.0 600.0 540.0 620.0 540.0 620.0 600.0 620.0 640.0 0.0 620.0 580.0 640.0 600.0 600.0 140.0 680.0 580.0 80.0 600.0 540.0 580.0 620.0 600.0 640.0 140.0 620.0 680.0 600.0 600.0 580.0 620.0 580.0 140.0 600.0 80.0 620.0 200.0 120.0 160.0 620.0 80.0 660.0 620.0 620.0
0.0 640.0 620.0 140.0 680.0 660.0 660.0 640.0 680.0 600.0 640.0 640.0 160.0 80.0 540.0 580.0 140.0 680.0 680.0 560.0 620.0 600.0 140.0 120.0 660.0 660.0 700.0 600.0 620.0 660.0 660.0 100.0 620.0 640.0 140.0 560.0 720.0 660.0 580.0 640.0 580.0 140.0 660.0 580.0 660.0 620.0 0.0 620.0 180.0 580.0 620.0 640.0 680.0 120.0 600.0 680.0 660.0 660.0 660.0 660.0 600.0 640.0 640.0 180.0 640.0 680.0 180.0 600.0 620.0 600.0 640.0 600.0 660.0 660.0 620.0 660.0 660.0 620.0 140.0 600.0 160.0
0.0 580.0 580.0 620.0 620.0 660.0 580.0 620.0 640.0 120.0 80.0 580.0 640.0 540.0 600.0 20.0 620.0 620.0 120.0 80.0 80.0 80.0 600.0 560.0 580.0 600.0 660.0 40.0 100.0 620.0 620.0 680.0 580.0 120.0 580.0 680.0 680.0 80.0 60.0 100.0 60.0 620.0 620.0 600.0 620.0 560.0 620.0 0.0 600.0 560.0 600.0 620.0 640.0 540.0 600.0 620.0 600.0 560.0 600.0 600.0 660.0 600.0 580.0 660.0 620.0 600.0 600.0 80.0 560.0 580.0 600.0 560.0 600.0 700.0 600.0 620.0 680.0 600.0 660.0 560.0 600.0
0.0 660.0 540.0 160.0 620.0 580.0 560.0 600.0 600.0 660.0 620.0 640.0 140.0 100.0 660.0 600.0 20.0 660.0 560.0 620.0 620.0 580.0 100.0 140.0 620.0 640.0 600.0 620.0 660.0 620.0 520.0 140.0 580.0 640.0 100.0 680.0 640.0 620.0 640.0 580.0 640.0 80.0 660.0 560.0 620.0 600.0 120.0 600.0 0.0 600.0 640.0 640.0 600.0 140.0 640.0 660.0 660.0 620.0 600.0 640.0 660.0 640.0 640.0 160.0 660.0 680.0 140.0 560.0 600.0 620.0 600.0 600.0 640.0 640.0 620.0 620.0 680.0 580.0 180.0 560.0 100.0
0.0 600.0 640.0 580.0 140.0 220.0 600.0 700.0 680.0 620.0 660.0 640.0 680.0 640.0 140.0 600.0 660.0 700.0 600.0 620.0 620.0 620.0 640.0 600.0 160.0 600.0 200.0 620.0 640.0 660.0 680.0 720.0 640.0 620.0 600.0 700.0 720.0 640.0 600.0 660.0 600.0 620.0 600.0 560.0 100.0 600.0 640.0 640.0 680.0 0.0 140.0 680.0 180.0 580.0 640.0 160.0 160.0 640.0 600.0 120.0 620.0 660.0 560.0 700.0 160.0 640.0 640.0 680.0 640.0 660.0 180.0 600.0 680.0 740.0 600.0 620.0 220.0 620.0 640.0 180.0 640.0
0.0 700.0 700.0 700.0 220.0 140.0 700.0 700.0 740.0 740.0 660.0 680.0 700.0 620.0 200.0 640.0 680.0 740.0 720.0 680.0 680.0 680.0 660.0 680.0 160.0 720.0 220.0 640.0 660.0 680.0 680.0 740.0 660.0 620.0 680.0 700.0 740.0 660.0 620.0 640.0 620.0 680.0 660.0 640.0 220.0 660.0 640.0 680.0 660.0 140.0 0.0 740.0 200.0 680.0 640.0 220.0 200.0 700.0 680.0 220.0 680.0 660.0 700.0 740.0 200.0 740.0 700.0 640.0 600.0 680.0 180.0 660.0 680.0 740.0 660.0 620.0 240.0 680.0 700.0 160.0 640.0
0.0 700.0 100.0 700.0 680.0 620.0 620.0 680.0 160.0 720.0 620.0 620.0 660.0 640.0 680.0 660.0 580.0 180.0 620.0 660.0 600.0 580.0 560.0 660.0 660.0 680.0 600.0 680.0 700.0 660.0 100.0 700.0 120.0 620.0 640.0 160.0 680.0 660.0 660.0 640.0 660.0 640.0 680.0 620.0 680.0 140.0 640.0 660.0 560.0 640.0 620.0 0.0 600.0 680.0 140.0 620.0 680.0 680.0 620.0 680.0 660.0 140.0 700.0 700.0 680.0 700.0 600.0 620.0 680.0 120.0 620.0 140.0 600.0 200.0 120.0 20.0 720.0 120.0 680.0 620.0 640.0
0.0 680.0 660.0 680.0 140.0 180.0 600.0 680.0 700.0 640.0 660.0 680.0 640.0 660.0 160.0 620.0 600.0 700.0 680.0 600.0 620.0 640.0 600.0 600.0 140.0 660.0 160.0 640.0 620.0 680.0 640.0 740.0 660.0 680.0 600.0 620.0 720.0 640.0 620.0 660.0 600.0 680.0 680.0 640.0 200.0 580.0 680.0 660.0 620.0 160.0 160.0 680.0 0.0 660.0 640.0 180.0 120.0 640.0 680.0 180.0 720.0 700.0 680.0 720.0 140.0 660.0 660.0 640.0 640.0 680.0 180.0 640.0 660.0 740.0 680.0 580.0 180.0 640.0 720.0 140.0 680.0
0.0 540.0 620.0 120.0 580.0 660.0 540.0 680.0 640.0 580.0 620.0 640.0 180.0 100.0 640.0 600.0 120.0 660.0 680.0 660.0 580.0 600.0 120.0 120.0 600.0 640.0 640.0 620.0 640.0 600.0 660.0 200.0 620.0 580.0 60.0 660.0 700.0 600.0 620.0 600.0 620.0 80.0 660.0 600.0 620.0 640.0 120.0 600.0 140.0 600.0 640.0 640.0 640.0 0.0 640.0 640.0 640.0 600.0 560.0 640.0 640.0 600.0 660.0 140.0 600.0 680.0 140.0 640.0 600.0 640.0 640.0 640.0 640.0 700.0 560.0 580.0 700.0 600.0 160.0 640.0 140.0
0.0 700.0 120.0 660.0 620.0 600.0 700.0 700.0 180.0 740.0 660.0 680.0 680.0 660.0 700.0 640.0 680.0 260.0 680.0 680.0 560.0 600.0 660.0 660.0 680.0 640.0 700.0 680.0 580.0 620.0 120.0 680.0 140.0 680.0 660.0 260.0 680.0 680.0 680.0 640.0 660.0 680.0 640.0 620.0 680.0 180.0 700.0 680.0 680.0 640.0 680.0 140.0 680.0 680.0 0.0 640.0 700.0 700.0 660.0 660.0 700.0 200.0 700.0 740.0 720.0 720.0 620.0 680.0 700.0 140.0 640.0 180.0 660.0 200.0 160.0 140.0 740.0 80.0 680.0 680.0 640.0
0.0 680.0 600.0 660.0 120.0 160.0 680.0 640.0 600.0 680.0 560.0 580.0 600.0 600.0 100.0 620.0 660.0 640.0 620.0 620.0 620.0 580.0 660.0 640.0 120.0 640.0 180.0 660.0 660.0 680.0 680.0 680.0 560.0 600.0 580.0 680.0 640.0 600.0 640.0 580.0 640.0 640.0 560.0 620.0 180.0 600.0 620.0 680.0 660.0 100.0 100.0 620.0 160.0 660.0 600.0 0.0 160.0 680.0 600.0 180.0 640.0 620.0 660.0 680.0 160.0 680.0 560.0 660.0 660.0 620.0 80.0 660.0 580.0 660.0 620.0 620.0 140.0 620.0 660.0 180.0 640.0
0.0 680.0 600.0 680.0 140.0 80.0 660.0 680.0 660.0 680.0 620.0 640.0 640.0 620.0 200.0 640.0 600.0 720.0 660.0 620.0 640.0 580.0 680.0 620.0 140.0 640.0 60.0 620.0 660.0 620.0 620.0 720.0 600.0 680.0 600.0 720.0 700.0 640.0 620.0 620.0 620.0 660.0 660.0 600.0 180.0 600.0 680.0 680.0 680.0 140.0 160.0 620.0 200.0 640.0 660.0 160.0 0.0 660.0 640.0 160.0 640.0 680.0 680.0 660.0 200.0 680.0 620.0 700.0 660.0 600.0 120.0 600.0 660.0 700.0 640.0 640.0 80.0 620.0 660.0 180.0 620.0
0.0 100.0 560.0 600.0 620.0 600.0 120.0 100.0 620.0 640.0 520.0 60.0 600.0 520.0 540.0 560.0 580.0 560.0 620.0 620.0 600.0 540.0 580.0 600.0 540.0 120.0 620.0 620.0 600.0 100.0 580.0 660.0 560.0 560.0 580.0 640.0 160.0 540.0 600.0 540.0 600.0 600.0 80.0 80.0 600.0 600.0 580.0 640.0 560.0 540.0 560.0 600.0 620.0 560.0 540.0 580.0 620.0 0.0 80.0 620.0 100.0 600.0 100.0 620.0 620.0 140.0 600.0 540.0 20.0 560.0 580.0 620.0 60.0 660.0 580.0 600.0 680.0 580.0 600.0 540.0 540.0
0.0 140.0 560.0 620.0 600.0 620.0 120.0 180.0 620.0 640.0 620.0 120.0 600.0 540.0 600.0 580.0 560.0 660.0 620.0 600.0 520.0 540.0 600.0 560.0 560.0 120.0 660.0 600.0 600.0 80.0 640.0 640.0 580.0 540.0 600.0 600.0 160.0 540.0 560.0 560.0 560.0 520.0 140.0 60.0 620.0 600.0 540.0 600.0 660.0 560.0 580.0 600.0 580.0 600.0 600.0 600.0 640.0 120.0 0.0 580.0 100.0 560.0 120.0 640.0 560.0 120.0 580.0 640.0 120.0 580.0 580.0 580.0 120.0 660.0 520.0 600.0 640.0 540.0 600.0 640.0 600.0
0.0 620.0 580.0 640.0 120.0 140.0 600.0 620.0 640.0 620.0 620.0 620.0 620.0 560.0 120.0 580.0 580.0 660.0 640.0 560.0 540.0 560.0 600.0 560.0 80.0 600.0 140.0 600.0 600.0 580.0 640.0 660.0 600.0 540.0 620.0 620.0 660.0 560.0 560.0 580.0 560.0 540.0 620.0 560.0 140.0 540.0 560.0 600.0 640.0 80.0 100.0 600.0 100.0 600.0 600.0 120.0 80.0 600.0 520.0 0.0 600.0 580.0 620.0 660.0 80.0 620.0 600.0 620.0 580.0 560.0 100.0 540.0 640.0 640.0 520.0 600.0 160.0 560.0 620.0 120.0 620.0
0.0 140.0 600.0 600.0 620.0 660.0 140.0 140.0 580.0 560.0 580.0 100.0 660.0 580.0 600.0 580.0 600.0 620.0 680.0 640.0 640.0 600.0 620.0 620.0 580.0 120.0 680.0 640.0 600.0 140.0 640.0 660.0 620.0 620.0 640.0 680.0 200.0 580.0 560.0 600.0 620.0 560.0 60.0 140.0 600.0 620.0 620.0 600.0 620.0 580.0 600.0 640.0 660.0 600.0 600.0 620.0 640.0 60.0 140.0 600.0 0.0 600.0 160.0 660.0 640.0 80.0 640.0 600.0 60.0 620.0 640.0 620.0 80.0 620.0 620.0 620.0 640.0 580.0 520.0 600.0 600.0
0.0 640.0 140.0 680.0 660.0 700.0 640.0 600.0 160.0 640.0 660.0 620.0 620.0 620.0 620.0 640.0 640.0 200.0 640.0 620.0 600.0 620.0 660.0 620.0 620.0 680.0 680.0 580.0 680.0 600.0 200.0 660.0 120.0 600.0 620.0 140.0 680.0 620.0 640.0 640.0 640.0 600.0 640.0 620.0 560.0 120.0 560.0 680.0 680.0 620.0 660.0 180.0 660.0 660.0 140.0 640.0 640.0 640.0 580.0 660.0 600.0 0.0 620.0 640.0 620.0 660.0 620.0 660.0 640.0 140.0 600.0 120.0 660.0 220.0 100.0 180.0 600.0 120.0 620.0 660.0 560.0
0.0 160.0 580.0 660.0 660.0 680.0 160.0 200.0 640.0 680.0 620.0 80.0 620.0 580.0 700.0 600.0 660.0 640.0 540.0 660.0 640.0 560.0 660.0 660.0 640.0 180.0 700.0 680.0 600.0 160.0 640.0 680.0 600.0 660.0 620.0 720.0 200.0 640.0 660.0 600.0 640.0 660.0 200.0 100.0 680.0 640.0 660.0 700.0 680.0 580.0 660.0 600.0 700.0 620.0 660.0 660.0 680.0 200.0 140.0 680.0 200.0 640.0 0.0 700.0 680.0 180.0 620.0 640.0 200.0 600.0 620.0 640.0 160.0 700.0 640.0 620.0 700.0 560.0 700.0 660.0 620.0
0.0 540.0 600.0 120.0 600.0 580.0 560.0 680.0 660.0 580.0 640.0 600.0 160.0 100.0 640.0 560.0 120.0 660.0 660.0 620.0 620.0 580.0 40.0 100.0 640.0 640.0 560.0 600.0 580.0 600.0 620.0 220.0 600.0 620.0 60.0 620.0 680.0 640.0 540.0 600.0 600.0 120.0 620.0 620.0 640.0 600.0 140.0 580.0 140.0 600.0 580.0 620.0 560.0 100.0 620.0 620.0 520.0 640.0 600.0 660.0 640.0 620.0 660.0 0.0 660.0 640.0 120.0 640.0 640.0 620.0 620.0 600.0 640.0 620.0 600.0 580.0 580.0 620.0 160.0 660.0 140.0
0.0 680.0 620.0 580.0 60.0 200.0 680.0 660.0 640.0 680.0 680.0 600.0 600.0 620.0 180.0 640.0 640.0 680.0 640.0 660.0 600.0 600.0 540.0 640.0 120.0 620.0 220.0 640.0 680.0 640.0 620.0 700.0 660.0 600.0 680.0 640.0 700.0 600.0 640.0 560.0 640.0 600.0 640.0 620.0 100.0 640.0 620.0 620.0 640.0 140.0 140.0 660.0 80.0 640.0 620.0 180.0 180.0 660.0 580.0 140.0 640.0 640.0 700.0 700.0 0.0 700.0 660.0 680.0 660.0 640.0 160.0 660.0 680.0 700.0 600.0 580.0 200.0 620.0 620.0 200.0 660.0
0.0 180.0 620.0 680.0 700.0 640.0 80.0 160.0 680.0 680.0 680.0 100.0 660.0 620.0 660.0 640.0 540.0 640.0 640.0 660.0 640.0 600.0 680.0 660.0 660.0 200.0 620.0 600.0 700.0 140.0 680.0 700.0 660.0 640.0 660.0 680.0 160.0 660.0 660.0 640.0 660.0 600.0 180.0 140.0 600.0 640.0 600.0 700.0 660.0 620.0 680.0 640.0 600.0 680.0 680.0 680.0 660.0 200.0 120.0 660.0 140.0 540.0 180.0 660.0 660.0 0.0 660.0 680.0 200.0 640.0 640.0 640.0 180.0 740.0 620.0 660.0 620.0 620.0 660.0 640.0 600.0
0.0 640.0 580.0 120.0 560.0 600.0 620.0 600.0 560.0 620.0 540.0 560.0 60.0 40.0 600.0 560.0 120.0 620.0 560.0 560.0 580.0 560.0 160.0 80.0 560.0 600.0 620.0 600.0 600.0 620.0 620.0 140.0 500.0 580.0 40.0 640.0 580.0 560.0 580.0 540.0 580.0 100.0 580.0 600.0 600.0 560.0 100.0 620.0 100.0 540.0 580.0 600.0 640.0 100.0 540.0 520.0 600.0 620.0 560.0 620.0 620.0 600.0 600.0 140.0 620.0 640.0 0.0 620.0 620.0 580.0 520.0 620.0 560.0 620.0 580.0 620.0 620.0 580.0 140.0 620.0 120.0
0.0 620.0 600.0 620.0 580.0 600.0 620.0 560.0 600.0 140.0 60.0 580.0 560.0 540.0 600.0 80.0 620.0 600.0 80.0 100.0 100.0 80.0 540.0 600.0 580.0 640.0 620.0 140.0 140.0 640.0 640.0 640.0 520.0 100.0 540.0 620.0 680.0 80.0 100.0 80.0 100.0 600.0 620.0 600.0 560.0 560.0 560.0 140.0 600.0 560.0 580.0 620.0 580.0 620.0 600.0 640.0 600.0 560.0 580.0 640.0 600.0 620.0 580.0 600.0 640.0 660.0 640.0 0.0 560.0 600.0 540.0 620.0 580.0 660.0 600.0 580.0 660.0 600.0 620.0 500.0 600.0
0.0 120.0 600.0 600.0 620.0 640.0 120.0 100.0 640.0 640.0 560.0 80.0 600.0 520.0 640.0 540.0 580.0 640.0 620.0 620.0 600.0 580.0 580.0 600.0 600.0 120.0 620.0 620.0 600.0 80.0 580.0 680.0 560.0 600.0 580.0 660.0 160.0 600.0 600.0 540.0 600.0 600.0 80.0 100.0 600.0 600.0 600.0 640.0 560.0 540.0 580.0 620.0 620.0 580.0 540.0 620.0 640.0 100.0 80.0 640.0 140.0 580.0 100.0 620.0 620.0 160.0 600.0 540.0 0.0 560.0 580.0 620.0 80.0 700.0 580.0 620.0 680.0 600.0 660.0 540.0 540.0
0.0 700.0 180.0 600.0 700.0 680.0 700.0 620.0 160.0 700.0 660.0 680.0 700.0 680.0 680.0 700.0 700.0 260.0 700.0 640.0 640.0 680.0 680.0 700.0 680.0 700.0 720.0 700.0 640.0 680.0 200.0 740.0 180.0 660.0 680.0 240.0 740.0 680.0 680.0 680.0 680.0 660.0 660.0 680.0 620.0 220.0 680.0 740.0 740.0 680.0 680.0 220.0 720.0 680.0 80.0 600.0 660.0 700.0 640.0 720.0 660.0 200.0 740.0 660.0 680.0 720.0 660.0 740.0 700.0 0.0 680.0 220.0 680.0 220.0 140.0 200.0 720.0 160.0 680.0 740.0 680.0
0.0 600.0 560.0 600.0 160.0 160.0 620.0 680.0 620.0 640.0 660.0 540.0 540.0 520.0 140.0 540.0 600.0 620.0 540.0 620.0 600.0 540.0 640.0 580.0 140.0 600.0 180.0 620.0 640.0 640.0 600.0 640.0 640.0 600.0 620.0 620.0 640.0 620.0 600.0 600.0 580.0 620.0 620.0 580.0 100.0 600.0 580.0 640.0 580.0 20.0 140.0 600.0 180.0 580.0 620.0 160.0 140.0 620.0 600.0 140.0 620.0 580.0 580.0 700.0 160.0 640.0 620.0 620.0 640.0 560.0 0.0 620.0 680.0 680.0 600.0 600.0 160.0 560.0 640.0 140.0 600.0
0.0 600.0 100.0 620.0 640.0 620.0 580.0 600.0 140.0 580.0 600.0 600.0 600.0 600.0 600.0 540.0 620.0 140.0 640.0 520.0 560.0 580.0 600.0 540.0 600.0 580.0 600.0 560.0 580.0 600.0 120.0 680.0 80.0 580.0 600.0 160.0 640.0 600.0 540.0 620.0 540.0 580.0 600.0 600.0 640.0 20.0 600.0 580.0 620.0 600.0 580.0 140.0 620.0 580.0 80.0 600.0 540.0 580.0 540.0 560.0 640.0 120.0 600.0 620.0 600.0 580.0 580.0 620.0 580.0 120.0 600.0 0.0 620.0 180.0 60.0 80.0 620.0 80.0 660.0 620.0 620.0
0.0 200.0 620.0 660.0 620.0 600.0 180.0 200.0 640.0 600.0 620.0 160.0 720.0 620.0 600.0 620.0 620.0 660.0 720.0 660.0 660.0 620.0 660.0 660.0 640.0 160.0 680.0 640.0 600.0 200.0 600.0 700.0 660.0 640.0 680.0 600.0 140.0 640.0 620.0 620.0 600.0 600.0 100.0 120.0 660.0 640.0 660.0 660.0 680.0 640.0 520.0 620.0 660.0 660.0 640.0 680.0 640.0 120.0 160.0 660.0 60.0 640.0 200.0 720.0 680.0 100.0 680.0 640.0 120.0 640.0 680.0 640.0 0.0 680.0 640.0 620.0 700.0 600.0 580.0 660.0 640.0
0.0 640.0 140.0 620.0 660.0 620.0 640.0 580.0 120.0 660.0 660.0 660.0 680.0 600.0 600.0 600.0 660.0 120.0 640.0 600.0 580.0 600.0 620.0 600.0 520.0 560.0 640.0 620.0 520.0 640.0 80.0 640.0 140.0 560.0 620.0 120.0 600.0 640.0 600.0 660.0 600.0 620.0 580.0 580.0 620.0 120.0 540.0 640.0 660.0 620.0 640.0 100.0 660.0 640.0 140.0 660.0 600.0 640.0 600.0 580.0 620.0 100.0 660.0 600.0 660.0 640.0 640.0 620.0 640.0 140.0 660.0 120.0 680.0 0.0 120.0 120.0 680.0 100.0 640.0 640.0 640.0
0.0 660.0 60.0 640.0 600.0 640.0 600.0 660.0 120.0 640.0 600.0 620.0 620.0 600.0 580.0 600.0 560.0 180.0 640.0 600.0 520.0 540.0 640.0 600.0 620.0 620.0 640.0 620.0 660.0 560.0 140.0 620.0 80.0 520.0 600.0 100.0 640.0 620.0 600.0 560.0 600.0 520.0 620.0 540.0 600.0 80.0 540.0 660.0 640.0 600.0 620.0 100.0 640.0 620.0 120.0 600.0 620.0 640.0 580.0 580.0 580.0 60.0 660.0 680.0 640.0 640.0 580.0 640.0 640.0 80.0 600.0 80.0 600.0 140.0 0.0 100.0 640.0 40.0 600.0 620.0 600.0
0.0 700.0 80.0 700.0 660.0 640.0 600.0 660.0 160.0 700.0 660.0 600.0 680.0 640.0 700.0 660.0 560.0 160.0 620.0 660.0 600.0 580.0 540.0 660.0 660.0 680.0 660.0 660.0 680.0 640.0 80.0 680.0 140.0 640.0 660.0 140.0 680.0 660.0 640.0 620.0 640.0 640.0 680.0 600.0 680.0 140.0 660.0 660.0 560.0 660.0 600.0 120.0 580.0 660.0 140.0 680.0 680.0 660.0 600.0 680.0 640.0 160.0 680.0 700.0 660.0 680.0 640.0 600.0 660.0 120.0 640.0 140.0 600.0 180.0 120.0 0.0 720.0 120.0 660.0 620.0 620.0
0.0 600.0 600.0 680.0 160.0 160.0 620.0 660.0 660.0 640.0 640.0 600.0 660.0 640.0 160.0 580.0 660.0 660.0 640.0 600.0 600.0 600.0 600.0 580.0 140.0 620.0 140.0 540.0 620.0 640.0 660.0 740.0 620.0 640.0 620.0 700.0 700.0 640.0 580.0 640.0 580.0 640.0 640.0 620.0 200.0 580.0 660.0 620.0 660.0 140.0 140.0 640.0 160.0 580.0 600.0 140.0 100.0 620.0 620.0 140.0 700.0 660.0 600.0 580.0 160.0 620.0 620.0 660.0 620.0 620.0 140.0 580.0 660.0 640.0 640.0 660.0 0.0 600.0 700.0 160.0 640.0
0.0 640.0 40.0 660.0 640.0 660.0 640.0 660.0 100.0 660.0 620.0 640.0 640.0 600.0 660.0 620.0 640.0 200.0 640.0 600.0 600.0 520.0 600.0 620.0 600.0 620.0 660.0 640.0 660.0 600.0 140.0 680.0 100.0 620.0 600.0 180.0 660.0 600.0 620.0 560.0 620.0 620.0 640.0 540.0 660.0 100.0 640.0 660.0 620.0 620.0 620.0 80.0 640.0 600.0 120.0 600.0 640.0 660.0 600.0 620.0 680.0 140.0 640.0 680.0 640.0 680.0 580.0 660.0 660.0 60.0 600.0 100.0 640.0 160.0 100.0 80.0 660.0 0.0 700.0 680.0 560.0
0.0 640.0 600.0 140.0 660.0 640.0 620.0 620.0 660.0 680.0 560.0 580.0 140.0 60.0 580.0 580.0 80.0 600.0 660.0 640.0 620.0 580.0 120.0 140.0 560.0 640.0 660.0 660.0 640.0 620.0 620.0 200.0 600.0 600.0 120.0 680.0 700.0 560.0 640.0 580.0 620.0 40.0 540.0 600.0 620.0 620.0 120.0 680.0 100.0 560.0 600.0 620.0 660.0 100.0 580.0 620.0 660.0 540.0 600.0 600.0 640.0 620.0 620.0 160.0 660.0 640.0 140.0 580.0 540.0 600.0 620.0 620.0 580.0 680.0 620.0 640.0 720.0 580.0 0.0 580.0 80.0
0.0 620.0 600.0 620.0 80.0 120.0 620.0 540.0 600.0 640.0 560.0 580.0 560.0 540.0 100.0 580.0 620.0 600.0 580.0 580.0 620.0 580.0 540.0 600.0 80.0 640.0 140.0 620.0 640.0 620.0 620.0 640.0 520.0 600.0 540.0 600.0 680.0 560.0 600.0 580.0 600.0 620.0 600.0 600.0 120.0 560.0 540.0 640.0 600.0 60.0 80.0 620.0 80.0 600.0 580.0 140.0 100.0 560.0 600.0 140.0 600.0 620.0 580.0 580.0 160.0 640.0 640.0 580.0 540.0 600.0 40.0 620.0 580.0 660.0 620.0 580.0 160.0 580.0 620.0 0.0 580.0
0.0 580.0 620.0 160.0 620.0 640.0 580.0 640.0 600.0 600.0 600.0 620.0 120.0 100.0 600.0 620.0 140.0 660.0 620.0 620.0 640.0 620.0 140.0 140.0 600.0 640.0 660.0 660.0 660.0 540.0 660.0 180.0 560.0 640.0 80.0 680.0 620.0 600.0 640.0 580.0 640.0 100.0 620.0 640.0 660.0 600.0 140.0 680.0 160.0 600.0 600.0 660.0 640.0 140.0 600.0 580.0 640.0 660.0 600.0 640.0 640.0 660.0 660.0 180.0 660.0 680.0 60.0 660.0 660.0 560.0 580.0 660.0 600.0 660.0 620.0 620.0 660.0 620.0 180.0 600.0 0.0
OUTSOURCING_COST
570 166 250 108 18 340 675 612 368 688 495 720 620 210 690 700 400 415 400 210 305 738 72 68 104 140 11 800 204 300 560 235 450 330 504 370 225 644 738 434 413 616 21 801 180 6 69 50 640 152 352 152 891 280 350 57 166 77 114 152 688 576 145 632 27 730 801 364 81 192 512 621 890 480 840 95 680 84 396 120
OUTSOURCING_TARIFF
3
0.000000000 4283.750000000 0.500000000 0.000000000
4283.750000000 8567.500000000 0.425000000 321.281250000
8567.500000000 30381.000000000 0.350000000 963.843750000
