80 3
256 9480 9480 1 7
594 2952 2952 5 1
1134 4400 4400 10 9
91 6732 6732 4 5
840 2328 2328 7 1
420 1848 1848 5 6
837 6000 6000 9 6
840 1735 1735 6 3
572 2790 2790 6 4
208 1848 1848 10 2
570 3204 3204 3 8
784 9000 9000 9 8
603 3020 3020 5 9
246 5620 5620 2 7
238 1986 1986 2 8
816 2882 2882 5 9
513 1716 1716 6 3
664 5076 5076 8 8
1100 3272 3272 4 4
360 5304 5304 5 4
378 2520 2520 4 8
1020 2892 2892 5 6
900 5510 5510 10 5
6 5995 5995 4 10
970 5786 5786 10 7
424 4140 4140 7 2
1148 4485 4485 8 9
81 1416 1416 7 3
390 5121 5121 5 10
477 2660 2660 2 10
553 2736 2736 8 6
810 2856 2856 2 10
104 5488 5488 4 3
340 8694 8694 5 6
102 4760 4760 7 4
605 4320 4320 1 5
63 9375 9375 9 1
480 3220 3220 2 5
132 2300 2300 5 5
880 5759 5759 4 1
912 4446 4446 8 8
143 4584 4584 5 5
486 6034 6034 8 3
32 5544 5544 10 5
272 4952 4952 8 2
552 6936 6936 7 9
1218 6897 6897 2 7
310 3444 3444 9 4
1020 3135 3135 10 7
825 1395 1395 6 3
603 2775 2775 9 10
656 3930 3930 2 7
1196 4716 4716 10 5
210 3702 3702 10 2
680 1950 1950 9 3
518 5010 5010 2 9
720 4840 4840 5 9
494 3870 3870 8 5
806 6874 6874 10 9
485 3681 3681 3 4
684 4248 4248 2 9
1235 7140 7140 6 4
1001 6279 6279 8 6
792 3120 3120 7 9
85 5508 5508 6 1
900 1480 1480 5 9
190 2040 2040 6 9
624 2690 2690 9 10
441 6540 6540 8 4
125 4944 4944 7 9
790 6168 6168 9 5
145 4763 4763 9 2
126 1550 1550 9 5
312 1710 1710 3 4
780 3674 3674 8 6
555 4560 4560 8 1
297 4136 4136 9 1
415 7618 7618 3 4
245 3312 3312 9 9
900 1960 1960 8 7
SETUP
0 140 210 110 290 320 330 290 100 250 90 220 150 180 230 390 220 140 340 310 280 140 230 250 160 160 320 160 290 220 340 240 350 190 390 370 220 380 330 250 80 280 240 260 200 160 220 250 240 310 180 310 280 310 300 200 230 270 140 280 300 220 260 210 280 260 320 160 140 210 170 240 450 330 250 230 170 370 220 180 270
0 0 70 380 270 340 190 200 220 270 140 270 280 260 90 300 130 230 210 250 190 200 90 230 280 70 310 220 170 230 210 220 260 180 290 240 250 240 240 110 200 200 170 120 210 250 130 190 180 170 110 170 210 180 170 60 90 170 10 240 260 160 120 310 300 210 250 70 160 120 250 100 350 190 270 160 300 330 280 250 190
0 290 0 450 200 270 260 130 150 210 130 270 330 250 280 260 60 310 260 180 120 180 270 260 210 10 390 270 140 200 230 280 200 250 370 430 270 420 200 210 130 130 280 330 250 220 270 210 290 250 220 190 140 280 220 260 270 300 250 320 370 250 320 280 420 140 370 210 280 50 210 280 440 370 340 90 350 290 310 260 270
0 40 110 0 190 250 220 190 160 140 150 300 40 80 120 310 110 150 240 230 210 200 120 150 240 60 220 50 180 150 240 260 250 90 280 270 280 270 250 140 140 180 210 150 240 120 160 140 210 210 140 200 170 210 200 90 120 210 40 280 190 110 150 180 170 200 210 100 30 100 210 130 350 230 140 120 60 260 110 280 220
0 90 160 470 0 380 60 240 190 200 210 280 200 240 180 370 170 320 290 290 270 260 180 200 220 110 190 220 250 210 290 250 300 140 380 320 340 330 310 200 200 230 200 210 230 290 220 70 260 260 200 260 250 260 250 150 180 260 90 330 340 250 210 340 230 250 170 160 90 160 290 190 440 280 200 200 230 370 220 340 280
0 280 140 470 340 0 270 270 280 340 270 320 380 310 310 350 190 370 390 270 250 320 320 390 260 140 350 350 280 150 320 410 330 80 310 340 400 410 290 290 260 260 300 230 330 230 290 140 420 80 360 320 280 270 360 330 340 330 280 50 300 340 390 150 250 280 380 230 270 180 340 360 330 450 360 230 350 70 290 390 200
0 40 100 410 190 320 0 180 130 140 150 230 150 180 120 310 110 260 240 230 210 200 120 140 170 60 220 160 200 150 240 250 250 90 320 270 280 270 250 140 140 180 190 150 220 230 160 10 210 200 140 200 190 210 200 90 120 200 40 280 290 190 150 290 170 200 110 100 30 100 240 130 380 220 140 140 170 310 170 280 220
0 170 240 550 230 290 140 0 260 270 260 290 280 310 250 130 240 290 210 50 200 310 160 280 230 190 350 290 230 220 100 290 220 220 420 400 180 320 70 230 250 110 260 280 290 310 230 140 270 340 200 330 170 300 170 220 180 170 170 340 270 290 290 370 300 330 240 230 160 70 320 190 390 280 270 120 300 360 300 340 310
0 260 330 550 400 510 300 320 0 370 320 460 370 350 340 290 250 460 330 210 300 300 210 370 400 260 440 340 330 380 260 450 320 310 450 490 380 360 230 340 370 380 300 370 330 270 130 210 300 430 240 380 340 340 290 320 210 170 260 240 430 310 380 320 400 280 380 70 260 300 350 220 360 320 370 290 330 470 360 380 310
0 270 250 480 380 410 250 230 340 0 180 400 390 250 340 240 270 440 250 270 340 380 140 320 340 220 460 290 320 210 320 260 400 150 370 360 330 310 180 300 320 340 240 240 280 160 250 200 250 140 190 350 320 150 210 310 160 190 270 340 360 330 380 220 410 360 320 300 270 260 300 170 390 260 380 270 340 450 110 330 270
0 250 220 320 340 240 360 240 190 380 0 410 350 120 270 350 280 420 450 280 310 230 340 320 350 220 450 310 330 300 330 330 390 300 520 340 240 460 300 300 170 340 290 220 300 170 230 350 160 290 90 410 360 350 410 310 340 350 250 290 240 410 370 230 410 290 450 260 270 240 220 320 500 410 380 310 290 300 330 470 300
0 290 290 530 430 270 260 250 320 400 330 0 280 260 260 250 320 390 400 300 60 190 300 380 350 290 470 290 80 200 350 390 360 340 330 390 280 450 230 290 330 360 350 270 380 170 220 270 390 340 330 370 390 350 380 350 300 160 290 320 360 300 220 230 430 40 320 310 290 210 110 310 370 400 400 370 290 340 350 360 210
0 150 200 390 260 220 320 190 130 330 120 290 0 40 190 310 250 120 220 230 180 170 110 240 230 200 310 20 150 330 280 270 320 280 250 330 260 280 250 220 110 300 210 260 240 90 150 290 220 280 160 320 270 270 180 210 130 270 150 270 160 300 270 140 300 160 180 200 220 240 170 140 320 230 320 240 30 230 80 300 260
0 130 200 400 230 310 280 310 100 300 80 290 350 0 160 300 230 300 330 310 190 130 220 340 230 180 410 220 220 310 300 230 310 250 420 370 220 370 240 180 80 300 230 250 200 50 110 250 240 240 170 300 310 230 290 190 220 240 140 330 120 290 250 110 380 170 330 160 240 220 130 230 450 320 350 270 170 380 210 380 230
0 180 190 410 320 270 250 280 290 340 210 330 340 250 0 300 100 150 240 220 230 110 130 190 310 160 340 260 80 160 270 140 320 100 320 300 200 280 240 30 270 290 210 180 240 170 190 150 220 90 160 230 300 100 200 120 130 240 70 310 310 220 180 220 220 210 290 130 220 170 240 140 340 230 270 250 360 330 310 300 220
0 40 110 420 190 310 10 30 140 150 160 230 150 190 130 0 120 270 170 70 220 210 50 150 170 60 220 170 200 160 120 260 240 90 290 270 200 200 90 150 150 130 140 160 170 240 170 20 140 210 80 210 190 210 130 100 50 190 50 280 290 200 160 290 180 200 120 110 40 90 210 60 310 160 150 140 180 320 170 220 230
0 290 250 520 330 350 340 350 300 420 290 410 350 250 270 330 0 250 340 380 130 340 370 200 350 250 450 370 160 260 400 410 280 200 310 470 370 450 300 290 280 370 420 350 410 160 360 250 430 190 380 130 310 310 340 340 370 350 290 400 370 250 290 220 430 120 400 300 360 290 180 390 440 480 280 340 360 230 410 440 280
0 40 110 280 290 360 220 220 240 310 180 290 310 300 120 330 150 0 240 270 220 230 120 250 230 100 200 250 200 270 240 260 290 210 320 270 290 270 270 150 220 220 200 150 230 280 170 230 210 210 140 200 230 210 200 90 120 210 40 280 300 190 160 310 180 240 290 110 200 140 280 140 380 230 310 180 330 360 310 290 230
0 290 100 480 200 370 250 230 170 310 160 370 400 280 370 360 160 280 0 270 220 210 360 70 310 100 380 290 240 290 320 310 240 260 460 500 300 250 300 250 150 220 310 380 280 320 300 260 320 310 250 290 240 320 300 340 350 340 290 290 400 300 280 370 420 240 360 240 280 150 250 360 360 450 150 190 420 380 350 360 350
0 120 190 500 190 400 90 110 220 230 240 250 230 270 210 90 200 250 250 0 300 290 130 230 190 150 300 250 280 240 50 340 320 170 370 360 280 280 30 230 230 210 220 240 250 320 190 100 230 290 160 290 130 290 210 180 130 130 130 310 220 240 240 370 260 280 200 190 120 170 290 150 390 240 230 80 260 400 260 300 260
0 240 240 470 380 220 210 220 290 350 280 360 350 200 320 200 260 410 350 260 0 330 250 330 300 240 420 340 30 230 310 430 310 290 270 340 240 400 290 320 270 330 290 220 330 120 310 210 340 290 280 390 340 290 320 300 250 300 240 270 320 390 360 170 370 370 270 260 230 160 330 260 360 350 350 320 370 280 370 420 160
0 360 380 480 410 400 370 230 180 440 170 380 440 290 390 360 420 320 410 280 330 0 390 480 320 380 470 300 240 340 330 320 340 380 480 500 90 510 300 350 160 340 320 390 290 330 300 350 320 380 260 520 370 380 370 410 390 350 360 420 210 490 470 380 500 390 470 250 390 190 130 370 540 460 500 350 260 420 360 520 230
0 130 200 510 240 470 220 330 290 360 270 310 360 390 220 430 260 320 120 370 310 320 0 190 250 200 430 350 230 330 330 330 350 270 420 360 370 360 370 240 270 320 300 250 330 320 260 230 300 270 240 300 180 300 80 190 220 300 130 360 390 250 250 380 390 340 330 200 250 250 160 230 300 320 270 140 390 460 380 380 260
0 220 120 410 130 330 190 250 110 330 90 360 330 210 300 380 180 380 340 300 240 150 300 0 300 120 320 230 260 240 340 240 310 250 470 430 230 250 320 330 90 240 250 310 210 260 230 190 250 240 180 310 260 390 300 280 300 270 220 350 330 230 210 320 350 260 300 170 210 170 180 300 360 390 90 210 350 390 290 380 280
0 270 320 510 380 330 300 310 250 430 240 70 130 160 310 290 300 240 350 350 120 250 230 360 0 250 360 140 140 170 400 390 400 380 370 450 340 400 290 340 230 370 330 330 360 210 270 300 340 400 280 430 380 390 310 330 250 220 280 120 210 360 280 270 420 100 300 320 320 260 170 260 430 350 430 330 150 350 200 420 260
0 290 230 450 200 270 260 130 150 360 130 270 330 250 280 260 60 300 260 180 160 180 270 250 210 0 390 270 190 190 230 280 190 250 370 430 270 420 200 210 130 130 280 350 250 220 270 210 290 250 220 190 140 280 220 260 270 300 250 320 370 250 320 270 420 140 370 210 280 50 210 280 440 370 340 90 350 290 320 440 310
0 220 180 500 230 260 240 270 270 320 190 290 330 310 140 340 230 270 250 310 280 240 140 230 230 180 0 60 190 220 320 270 290 150 340 280 300 290 280 160 250 300 10 170 40 270 170 210 220 220 160 160 170 230 210 110 140 220 50 290 160 210 170 330 330 320 300 110 210 150 300 150 360 240 310 260 210 320 120 300 240
0 220 270 450 330 200 310 280 320 430 140 390 430 250 290 340 270 390 210 330 380 360 90 280 330 270 460 0 130 310 350 370 410 280 360 390 280 260 280 260 300 390 200 270 230 220 350 320 210 280 140 390 270 330 170 270 110 390 220 250 370 340 340 280 370 390 280 290 320 260 250 130 310 220 360 230 390 270 60 280 240
0 280 300 550 350 360 350 360 270 340 260 330 390 180 330 340 240 390 330 390 270 310 370 310 270 300 520 360 0 200 340 410 280 390 250 400 390 430 280 290 250 420 340 280 370 90 280 290 370 410 350 370 310 270 310 340 370 280 290 390 300 390 400 150 420 350 240 230 330 130 310 380 330 390 390 360 350 430 390 530 360
0 380 360 550 310 310 370 440 410 500 400 310 370 410 370 420 320 340 300 440 220 340 350 310 250 360 490 370 250 0 490 360 230 390 490 320 430 500 460 250 390 410 430 400 460 330 410 250 370 380 380 450 270 320 260 340 350 460 290 360 460 190 400 390 520 350 250 350 390 90 350 360 480 450 390 320 300 380 410 430 370
0 230 170 550 140 440 190 230 310 330 240 200 270 300 290 210 220 330 370 270 260 310 250 330 140 170 320 250 280 300 0 390 330 280 490 320 260 300 140 320 290 220 280 210 310 350 140 200 340 360 280 350 80 350 330 280 250 80 230 260 340 220 330 370 360 240 300 290 220 210 300 260 410 360 330 30 240 420 310 420 220
0 310 380 280 420 510 410 420 290 420 280 480 310 200 350 400 390 290 470 460 380 330 360 420 420 330 480 330 410 400 490 0 500 330 450 540 410 350 340 370 270 450 430 420 390 240 310 380 430 430 370 470 450 420 430 370 370 270 310 510 320 390 430 300 440 370 490 340 300 370 330 390 470 480 420 400 340 530 320 540 410
0 190 130 400 100 260 160 260 270 290 200 170 230 250 140 290 90 280 110 210 220 250 120 170 110 130 290 240 70 270 260 130 0 230 320 290 220 270 230 20 250 180 200 170 240 160 180 160 210 230 150 220 40 90 70 110 120 230 60 220 310 210 170 220 320 200 260 120 180 160 270 130 270 220 260 120 250 320 300 290 240
0 220 290 550 350 380 190 290 320 330 290 380 330 320 240 270 290 360 360 190 200 340 250 310 320 240 400 280 220 70 240 330 260 0 420 390 430 330 210 220 330 370 240 340 270 230 350 60 360 300 290 240 290 290 320 280 270 320 220 430 220 260 340 290 360 380 300 290 220 160 400 280 450 370 330 260 270 450 220 430 250
0 40 110 420 280 320 220 200 120 310 110 300 320 150 130 320 140 270 80 250 220 160 130 150 250 110 340 120 200 270 240 260 300 220 0 260 200 280 260 150 100 230 210 150 230 60 170 230 130 210 150 210 240 210 130 100 130 210 40 280 270 190 160 120 340 250 290 110 200 160 190 140 350 230 230 190 320 360 180 290 230
0 300 80 520 250 300 270 210 220 280 210 340 400 320 360 260 130 370 190 250 190 260 310 130 280 80 440 270 220 270 300 360 270 230 440 0 340 240 260 280 200 200 290 370 250 290 330 270 310 220 250 260 220 350 300 330 310 370 300 350 440 320 330 350 430 220 370 280 290 120 280 320 170 200 210 170 430 360 330 330 340
0 270 300 400 330 310 390 320 100 460 80 330 390 200 350 390 340 240 320 300 240 130 300 390 270 300 390 220 270 250 250 230 250 380 510 420 0 420 330 270 80 420 230 300 200 250 220 270 240 370 170 440 290 290 280 330 300 260 270 330 320 400 390 300 420 370 440 160 350 110 170 280 450 380 460 270 370 380 270 440 270
0 170 240 400 370 490 320 280 370 380 310 420 390 370 250 310 260 130 250 330 320 320 140 320 350 230 330 360 330 280 370 390 340 330 450 400 400 0 250 270 350 160 310 280 340 280 140 220 320 340 250 330 310 340 210 220 230 190 170 260 360 200 220 340 310 300 390 80 270 270 300 240 120 330 380 270 340 460 380 390 320
0 100 170 480 250 380 70 90 200 210 220 290 210 250 190 70 180 330 230 130 280 270 110 210 230 120 280 230 260 220 180 320 300 150 350 340 260 260 0 210 210 190 200 220 230 300 230 80 200 270 140 270 250 270 190 160 110 250 110 340 200 220 220 350 240 260 180 170 100 150 270 120 370 220 210 200 240 380 240 280 290
0 210 170 390 340 250 220 260 260 310 180 300 320 230 130 270 80 270 220 190 210 230 110 270 310 140 340 240 60 250 240 120 290 220 300 270 280 250 210 0 240 260 190 160 220 140 170 150 200 210 130 210 280 70 180 100 100 210 40 280 300 200 160 200 340 190 270 110 200 150 250 120 370 210 310 230 340 300 300 270 230
0 260 230 330 300 240 320 240 30 390 10 360 360 130 280 310 270 380 350 230 320 60 230 330 300 230 430 140 270 310 280 160 340 300 470 350 150 350 250 300 0 350 160 230 130 180 150 230 170 300 100 400 240 350 310 320 230 190 260 260 250 330 380 230 410 300 370 90 270 230 100 210 380 300 390 280 300 310 200 370 200
0 310 270 550 420 430 330 350 370 420 290 340 420 400 160 410 260 300 250 370 390 270 180 320 390 240 380 310 240 320 410 300 380 250 360 380 350 330 350 190 350 0 270 260 300 320 270 310 270 250 210 390 360 250 260 130 180 320 150 360 400 300 260 380 380 370 340 210 300 280 340 190 440 290 400 310 450 470 370 330 330
0 270 250 500 220 250 280 330 360 410 180 290 350 300 340 340 290 270 260 340 270 340 140 280 230 250 270 50 180 220 390 410 280 150 400 440 330 310 280 300 340 300 0 320 40 270 170 200 250 320 190 390 160 370 220 310 160 210 270 280 370 220 390 320 320 320 330 110 290 140 300 170 350 270 360 260 370 320 110 330 290
0 60 20 430 210 290 240 150 160 160 150 280 170 200 140 270 80 280 260 190 130 200 140 160 220 20 240 120 160 170 240 270 210 110 340 120 280 290 210 160 140 140 80 0 110 230 180 160 230 220 160 210 160 230 220 110 140 150 60 300 310 210 170 260 190 160 310 120 50 60 220 150 290 250 160 110 190 220 180 270 80
0 240 220 470 190 220 250 300 330 380 150 260 320 270 310 360 280 300 220 340 240 370 110 250 200 220 300 20 150 250 370 380 250 180 370 400 300 280 300 270 310 270 40 290 0 230 200 240 220 290 160 400 130 340 180 280 130 240 240 270 390 260 350 290 360 290 290 140 270 110 270 140 320 230 330 240 340 290 80 300 260
0 220 290 480 310 400 260 280 180 260 170 250 310 90 240 260 300 380 400 300 280 220 290 400 190 250 480 300 300 350 250 320 390 330 500 420 300 410 200 270 160 370 320 330 290 0 200 260 330 330 260 380 330 180 360 280 290 190 220 300 210 330 340 60 430 260 370 150 290 290 220 300 520 390 400 280 260 470 300 460 320
0 140 210 520 290 430 320 290 270 240 250 360 250 290 220 410 120 360 300 330 250 180 220 250 300 160 320 260 270 260 340 330 200 190 420 370 270 370 350 210 250 280 310 250 340 280 0 240 310 310 240 250 230 220 260 190 220 310 140 380 390 290 250 340 270 240 390 200 130 200 300 240 460 330 240 250 270 350 320 380 320
0 170 240 550 320 430 140 320 260 270 230 360 280 300 250 370 240 390 310 280 340 330 190 280 300 190 350 230 330 260 330 390 380 190 450 400 380 360 310 280 270 310 180 280 220 250 300 0 310 340 240 330 330 340 270 230 210 340 170 410 410 320 290 300 300 330 240 240 160 230 350 230 470 320 270 280 300 440 160 380 340
0 190 60 480 260 310 210 80 170 270 160 310 300 280 280 200 120 320 290 120 180 210 240 300 250 60 370 290 200 150 170 310 230 240 430 350 80 300 150 200 150 190 250 230 280 280 300 210 0 300 100 250 200 270 250 250 240 250 190 360 340 310 310 330 260 200 310 240 190 80 250 170 410 260 300 150 330 350 350 320 300
0 230 300 400 360 390 200 300 320 340 290 290 340 330 240 280 290 370 320 200 200 350 250 310 230 250 410 290 230 80 250 330 260 10 240 390 430 340 220 220 330 370 240 330 280 240 360 70 360 0 300 250 300 290 330 290 270 320 230 340 230 260 350 290 360 320 300 300 220 160 330 290 260 380 340 260 280 450 220 370 130
0 180 130 540 330 350 270 150 240 290 230 370 290 330 270 270 190 380 360 190 240 280 270 290 310 130 360 250 270 210 240 380 300 210 430 250 150 370 210 270 220 250 210 130 240 350 310 260 70 200 0 320 270 340 320 240 270 270 190 400 410 340 300 350 320 270 380 250 180 150 310 230 410 330 290 220 260 350 310 380 210
0 160 190 390 200 390 250 290 170 390 160 340 390 280 240 270 240 120 260 250 260 210 240 70 280 190 320 290 280 130 270 310 320 70 180 390 300 320 270 260 150 310 300 270 280 240 280 120 300 60 250 0 320 330 310 210 240 330 160 390 290 120 270 300 300 330 360 220 280 220 250 260 310 350 150 280 340 460 280 400 190
0 150 100 530 60 360 120 220 240 260 220 130 190 230 240 350 150 260 350 270 180 270 240 260 70 100 250 210 210 240 320 310 290 200 430 380 190 390 290 260 220 140 260 270 290 280 190 130 320 320 260 280 0 320 310 210 240 290 150 180 270 310 270 300 290 170 230 220 150 140 230 250 500 340 260 180 220 380 260 350 330
0 240 300 450 270 340 210 200 210 350 130 340 350 250 330 200 130 370 330 120 230 250 250 320 270 70 420 310 250 260 170 350 260 270 430 470 340 400 140 280 190 190 260 350 290 290 310 80 290 310 220 260 210 0 290 300 250 250 240 390 340 320 360 340 380 210 320 280 240 120 280 260 510 360 350 160 380 350 240 420 380
0 260 140 520 170 410 230 270 220 350 200 240 300 320 340 400 200 250 50 320 260 250 300 110 180 140 360 280 160 330 360 350 280 300 400 330 290 290 340 290 190 250 280 210 310 250 300 230 360 350 290 330 110 360 0 310 300 350 260 290 380 340 320 300 390 270 330 280 250 190 290 310 220 400 190 60 320 420 340 400 280
0 180 200 440 290 300 270 220 250 360 220 210 370 280 30 280 130 170 170 240 260 140 50 220 260 110 250 180 110 190 290 170 300 120 230 320 220 200 220 60 230 230 140 210 170 190 220 180 140 120 80 260 230 120 130 0 50 260 90 330 340 250 210 250 250 240 210 160 250 150 210 60 310 160 300 180 330 350 240 200 240
0 130 160 510 240 300 220 180 270 320 250 280 320 360 180 230 210 280 120 220 270 290 10 190 220 160 350 140 200 210 270 260 320 230 250 280 180 150 170 150 250 280 90 160 120 290 250 230 100 230 30 300 180 220 80 160 0 290 140 340 370 260 250 340 350 300 170 190 210 180 170 20 270 110 270 140 280 330 200 170 240
0 170 240 550 320 440 140 150 270 280 280 360 280 320 220 130 180 360 290 200 310 240 180 280 300 190 350 290 280 220 250 360 260 220 420 400 330 330 70 240 280 260 260 280 290 340 60 140 270 290 210 310 290 280 250 230 180 0 170 410 270 150 290 400 300 290 250 240 160 220 330 190 440 280 280 270 160 410 300 350 140
0 170 130 460 320 350 190 220 220 270 140 260 280 260 90 300 180 230 200 260 240 190 90 270 310 130 300 220 160 230 270 220 290 180 290 230 250 240 240 110 200 250 170 120 200 250 130 190 170 170 110 310 270 180 160 60 90 170 0 240 260 160 120 310 300 270 250 70 160 180 250 100 350 190 270 220 300 330 280 250 190
0 250 320 550 330 270 390 260 270 480 260 390 420 380 330 390 190 430 390 300 290 310 340 380 330 130 510 390 310 320 350 410 320 350 490 480 390 480 320 340 250 250 410 360 380 290 380 340 400 340 350 320 270 360 350 310 330 420 250 0 490 380 370 350 520 270 490 320 410 180 330 350 540 440 310 220 450 340 450 500 430
0 310 220 550 220 420 280 210 360 360 280 170 230 270 380 340 280 350 420 260 200 360 340 420 110 220 410 250 230 280 310 470 350 360 470 440 390 510 280 360 340 320 400 320 430 320 380 280 340 460 280 410 360 430 380 360 360 330 310 230 0 460 360 370 440 190 380 350 300 270 230 370 540 460 410 310 50 450 310 480 330
0 430 430 550 380 390 420 290 330 530 320 390 450 440 450 410 400 420 380 330 300 160 380 380 330 430 550 450 320 80 380 440 310 460 550 390 240 550 350 320 310 400 470 470 440 410 290 320 450 460 410 520 340 390 340 420 420 460 360 440 360 0 470 470 550 300 320 400 420 160 280 440 550 530 470 390 380 450 400 500 380
0 210 280 390 290 460 350 350 300 320 280 310 320 360 290 420 180 430 300 400 310 250 190 320 250 230 390 320 270 330 410 330 200 260 430 440 210 340 360 220 280 350 270 320 300 340 80 320 280 370 220 310 230 280 260 270 190 320 210 370 140 360 0 400 340 300 350 220 200 280 350 200 450 290 320 320 190 410 380 350 400
0 280 350 490 330 460 330 320 330 390 250 400 390 370 370 320 250 490 350 240 270 320 230 390 340 190 460 330 300 380 200 470 340 330 470 370 400 380 260 360 310 310 320 390 310 290 150 210 320 430 260 380 270 130 310 340 230 190 280 260 370 330 290 0 420 260 400 90 280 240 320 240 490 340 390 220 350 470 360 400 330
0 160 230 360 420 440 340 350 80 430 210 410 390 330 250 370 270 130 360 290 340 260 250 370 350 220 320 300 240 320 340 360 360 250 420 390 350 400 310 270 200 340 330 270 330 320 200 280 330 240 270 330 360 330 320 220 250 250 160 320 420 310 280 380 0 360 410 140 320 220 300 260 430 350 430 310 400 460 360 410 100
0 260 250 490 400 230 230 240 280 360 300 380 240 220 230 220 280 350 370 280 20 330 260 350 320 250 440 250 50 240 330 350 320 310 290 360 250 410 300 250 290 350 310 240 340 130 250 230 360 310 290 410 360 310 340 310 260 320 260 280 320 410 180 190 390 0 280 270 250 180 70 280 380 370 360 340 250 300 310 320 170
0 280 190 410 190 380 250 310 170 390 160 120 180 220 370 340 240 290 340 360 170 160 280 70 60 190 380 190 200 230 410 310 380 200 420 160 240 310 340 390 150 310 310 360 280 260 300 250 310 310 240 370 320 440 360 340 300 270 280 170 260 290 270 320 420 160 0 240 280 230 220 320 330 350 150 270 210 200 250 440 310
0 200 270 550 350 440 240 250 330 300 310 420 310 290 280 230 180 420 260 300 240 240 150 310 360 190 380 280 260 320 350 390 260 250 390 420 320 300 170 270 310 310 230 300 260 200 60 140 240 370 180 310 290 280 220 250 150 110 200 180 370 250 310 260 330 220 310 0 190 240 280 160 410 250 300 270 260 410 300 320 240
0 10 80 390 160 300 190 160 140 120 120 270 120 160 90 280 90 230 210 200 190 170 100 120 230 30 190 140 170 130 210 230 220 60 290 240 260 240 220 120 120 150 180 120 210 200 140 120 180 180 110 170 170 180 170 70 100 180 10 250 270 160 130 260 140 170 260 80 0 80 210 110 360 200 120 120 150 310 190 260 200
0 290 280 530 220 230 280 350 390 420 340 230 290 330 290 330 240 260 220 350 140 390 270 290 170 280 410 290 160 150 400 280 150 310 410 430 360 410 370 170 370 320 340 320 380 250 330 160 290 300 290 370 180 230 180 260 260 370 200 280 370 340 320 310 440 270 390 270 310 0 330 280 400 370 370 240 320 300 320 400 290
0 360 320 480 440 450 360 370 460 320 450 450 400 420 360 350 370 480 380 410 360 470 400 450 390 320 540 410 240 320 460 290 370 260 480 430 530 540 430 380 440 440 380 310 410 330 480 310 450 250 380 490 400 450 400 410 400 450 360 500 430 500 470 390 490 460 460 420 350 220 0 410 500 500 460 350 410 460 420 510 100
0 260 140 520 230 290 230 160 250 350 240 270 330 360 170 220 200 270 310 210 260 280 190 220 210 140 390 170 190 190 250 250 310 260 370 310 160 140 160 130 230 270 180 290 150 270 280 230 90 260 180 280 170 200 270 140 190 320 170 320 360 330 290 330 340 280 160 220 250 160 330 0 250 100 300 230 360 310 210 160 360
0 280 350 550 430 550 250 260 380 390 370 470 390 430 370 240 290 510 410 310 420 340 290 390 410 300 460 360 430 390 360 490 360 330 530 510 430 440 180 380 390 370 320 400 350 380 170 140 380 450 320 420 400 380 370 340 290 430 280 520 380 400 400 350 420 400 360 350 280 330 450 300 0 390 390 380 420 350 300 460 470
0 170 170 440 140 280 140 150 260 270 210 200 270 300 250 130 220 180 280 190 260 330 170 280 140 170 320 80 200 290 240 390 310 220 420 400 260 50 70 280 280 210 90 280 60 290 190 140 270 340 200 330 80 340 240 230 180 230 170 260 270 250 270 350 300 240 240 130 160 160 310 190 160 0 270 260 290 340 130 340 310
0 140 210 330 50 240 110 240 30 240 10 280 250 130 220 320 210 360 340 240 310 60 220 250 220 160 240 150 270 160 280 160 340 190 420 350 150 270 260 240 10 280 160 230 130 180 150 110 170 300 100 300 240 310 300 190 220 190 140 260 250 150 250 230 270 300 210 90 130 200 100 210 280 310 0 250 270 310 200 370 200
0 200 140 530 110 410 170 270 280 310 220 180 240 280 280 400 200 310 360 320 230 320 250 310 120 140 300 230 260 290 370 360 330 250 480 430 240 390 340 310 260 190 300 310 340 320 240 180 340 370 270 330 50 370 320 260 250 330 200 230 320 350 310 350 330 220 280 270 200 190 280 260 500 350 310 0 270 430 290 400 370
0 330 170 550 370 370 300 160 310 380 230 320 370 350 330 290 230 450 370 210 150 350 320 420 260 170 510 390 180 360 260 430 300 380 420 490 340 480 230 310 290 270 420 370 420 270 390 300 390 410 320 360 310 380 330 380 330 330 330 380 430 420 310 320 460 140 400 380 320 220 180 350 510 440 430 260 0 420 440 430 280
0 210 70 510 270 340 330 200 210 280 200 250 310 250 290 320 130 370 330 240 180 250 300 320 190 70 280 280 210 260 290 350 260 260 430 280 330 440 260 280 190 190 230 160 260 160 340 280 360 310 290 260 210 340 290 270 290 300 210 310 360 320 330 220 340 210 430 280 200 120 270 310 380 400 320 160 340 0 340 320 230
0 160 210 390 280 310 250 230 270 370 80 330 370 200 230 280 210 330 150 270 320 300 40 220 270 210 400 190 250 260 290 310 370 280 300 330 230 200 220 200 240 330 140 210 170 240 290 260 150 280 80 330 220 270 110 210 60 330 170 360 310 290 280 300 310 330 220 230 260 230 200 70 320 160 300 170 330 380 0 220 180
0 280 310 520 320 350 380 410 300 510 280 350 410 400 360 390 350 250 220 380 260 330 370 190 290 310 440 400 280 40 390 390 270 190 300 350 420 440 400 280 280 430 420 390 400 360 410 240 400 180 370 130 300 350 300 340 360 450 280 400 410 220 400 420 420 380 280 350 400 120 370 380 430 470 270 350 330 410 400 0 310
0 260 220 540 340 350 340 350 360 360 350 350 370 320 260 420 280 380 340 340 260 370 340 370 290 220 440 330 140 220 390 400 270 160 380 330 430 480 360 280 340 340 280 210 310 230 380 210 350 150 280 390 300 350 300 310 340 350 260 400 370 410 370 290 390 360 380 320 250 120 420 360 400 450 360 250 310 360 370 470 0
SETUP_COST
0.0 2800.0 4200.0 2200.0 5800.0 6400.0 6600.0 5800.0 2000.0 5000.0 1800.0 4400.0 3000.0 3600.0 4600.0 7800.0 4400.0 2800.0 6800.0 6200.0 5600.0 2800.0 4600.0 5000.0 3200.0 3200.0 6400.0 3200.0 5800.0 4400.0 6800.0 4800.0 7000.0 3800.0 7800.0 7400.0 4400.0 7600.0 6600.0 5000.0 1600.0 5600.0 4800.0 5200.0 4000.0 3200.0 4400.0 5000.0 4800.0 6200.0 3600.0 6200.0 5600.0 6200.0 6000.0 4000.0 4600.0 5400.0 2800.0 5600.0 6000.0 4400.0 5200.0 4200.0 5600.0 5200.0 6400.0 3200.0 2800.0 4200.0 3400.0 4800.0 9000.0 6600.0 5000.0 4600.0 3400.0 7400.0 4400.0 3600.0 5400.0
0.0 0.0 1400.0 7600.0 5400.0 6800.0 3800.0 4000.0 4400.0 5400.0 2800.0 5400.0 5600.0 5200.0 1800.0 6000.0 2600.0 4600.0 4200.0 5000.0 3800.0 4000.0 1800.0 4600.0 5600.0 1400.0 6200.0 4400.0 3400.0 4600.0 4200.0 4400.0 5200.0 3600.0 5800.0 4800.0 5000.0 4800.0 4800.0 2200.0 4000.0 4000.0 3400.0 2400.0 4200.0 5000.0 2600.0 3800.0 3600.0 3400.0 2200.0 3400.0 4200.0 3600.0 3400.0 1200.0 1800.0 3400.0 200.0 4800.0 5200.0 3200.0 2400.0 6200.0 6000.0 4200.0 5000.0 1400.0 3200.0 2400.0 5000.0 2000.0 7000.0 3800.0 5400.0 3200.0 6000.0 6600.0 5600.0 5000.0 3800.0
0.0 5800.0 0.0 9000.0 4000.0 5400.0 5200.0 2600.0 3000.0 4200.0 2600.0 5400.0 6600.0 5000.0 5600.0 5200.0 1200.0 6200.0 5200.0 3600.0 2400.0 3600.0 5400.0 5200.0 4200.0 200.0 7800.0 5400.0 2800.0 4000.0 4600.0 5600.0 4000.0 5000.0 7400.0 8600.0 5400.0 8400.0 4000.0 4200.0 2600.0 2600.0 5600.0 6600.0 5000.0 4400.0 5400.0 4200.0 5800.0 5000.0 4400.0 3800.0 2800.0 5600.0 4400.0 5200.0 5400.0 6000.0 5000.0 6400.0 7400.0 5000.0 6400.0 5600.0 8400.0 2800.0 7400.0 4200.0 5600.0 1000.0 4200.0 5600.0 8800.0 7400.0 6800.0 1800.0 7000.0 5800.0 6200.0 5200.0 5400.0
0.0 800.0 2200.0 0.0 3800.0 5000.0 4400.0 3800.0 3200.0 2800.0 3000.0 6000.0 800.0 1600.0 2400.0 6200.0 2200.0 3000.0 4800.0 4600.0 4200.0 4000.0 2400.0 3000.0 4800.0 1200.0 4400.0 1000.0 3600.0 3000.0 4800.0 5200.0 5000.0 1800.0 5600.0 5400.0 5600.0 5400.0 5000.0 2800.0 2800.0 3600.0 4200.0 3000.0 4800.0 2400.0 3200.0 2800.0 4200.0 4200.0 2800.0 4000.0 3400.0 4200.0 4000.0 1800.0 2400.0 4200.0 800.0 5600.0 3800.0 2200.0 3000.0 3600.0 3400.0 4000.0 4200.0 2000.0 600.0 2000.0 4200.0 2600.0 7000.0 4600.0 2800.0 2400.0 1200.0 5200.0 2200.0 5600.0 4400.0
0.0 1800.0 3200.0 9400.0 0.0 7600.0 1200.0 4800.0 3800.0 4000.0 4200.0 5600.0 4000.0 4800.0 3600.0 7400.0 3400.0 6400.0 5800.0 5800.0 5400.0 5200.0 3600.0 4000.0 4400.0 2200.0 3800.0 4400.0 5000.0 4200.0 5800.0 5000.0 6000.0 2800.0 7600.0 6400.0 6800.0 6600.0 6200.0 4000.0 4000.0 4600.0 4000.0 4200.0 4600.0 5800.0 4400.0 1400.0 5200.0 5200.0 4000.0 5200.0 5000.0 5200.0 5000.0 3000.0 3600.0 5200.0 1800.0 6600.0 6800.0 5000.0 4200.0 6800.0 4600.0 5000.0 3400.0 3200.0 1800.0 3200.0 5800.0 3800.0 8800.0 5600.0 4000.0 4000.0 4600.0 7400.0 4400.0 6800.0 5600.0
0.0 5600.0 2800.0 9400.0 6800.0 0.0 5400.0 5400.0 5600.0 6800.0 5400.0 6400.0 7600.0 6200.0 6200.0 7000.0 3800.0 7400.0 7800.0 5400.0 5000.0 6400.0 6400.0 7800.0 5200.0 2800.0 7000.0 7000.0 5600.0 3000.0 6400.0 8200.0 6600.0 1600.0 6200.0 6800.0 8000.0 8200.0 5800.0 5800.0 5200.0 5200.0 6000.0 4600.0 6600.0 4600.0 5800.0 2800.0 8400.0 1600.0 7200.0 6400.0 5600.0 5400.0 7200.0 6600.0 6800.0 6600.0 5600.0 1000.0 6000.0 6800.0 7800.0 3000.0 5000.0 5600.0 7600.0 4600.0 5400.0 3600.0 6800.0 7200.0 6600.0 9000.0 7200.0 4600.0 7000.0 1400.0 5800.0 7800.0 4000.0
0.0 800.0 2000.0 8200.0 3800.0 6400.0 0.0 3600.0 2600.0 2800.0 3000.0 4600.0 3000.0 3600.0 2400.0 6200.0 2200.0 5200.0 4800.0 4600.0 4200.0 4000.0 2400.0 2800.0 3400.0 1200.0 4400.0 3200.0 4000.0 3000.0 4800.0 5000.0 5000.0 1800.0 6400.0 5400.0 5600.0 5400.0 5000.0 2800.0 2800.0 3600.0 3800.0 3000.0 4400.0 4600.0 3200.0 200.0 4200.0 4000.0 2800.0 4000.0 3800.0 4200.0 4000.0 1800.0 2400.0 4000.0 800.0 5600.0 5800.0 3800.0 3000.0 5800.0 3400.0 4000.0 2200.0 2000.0 600.0 2000.0 4800.0 2600.0 7600.0 4400.0 2800.0 2800.0 3400.0 6200.0 3400.0 5600.0 4400.0
0.0 3400.0 4800.0 11000.0 4600.0 5800.0 2800.0 0.0 5200.0 5400.0 5200.0 5800.0 5600.0 6200.0 5000.0 2600.0 4800.0 5800.0 4200.0 1000.0 4000.0 6200.0 3200.0 5600.0 4600.0 3800.0 7000.0 5800.0 4600.0 4400.0 2000.0 5800.0 4400.0 4400.0 8400.0 8000.0 3600.0 6400.0 1400.0 4600.0 5000.0 2200.0 5200.0 5600.0 5800.0 6200.0 4600.0 2800.0 5400.0 6800.0 4000.0 6600.0 3400.0 6000.0 3400.0 4400.0 3600.0 3400.0 3400.0 6800.0 5400.0 5800.0 5800.0 7400.0 6000.0 6600.0 4800.0 4600.0 3200.0 1400.0 6400.0 3800.0 7800.0 5600.0 5400.0 2400.0 6000.0 7200.0 6000.0 6800.0 6200.0
0.0 5200.0 6600.0 11000.0 8000.0 10200.0 6000.0 6400.0 0.0 7400.0 6400.0 9200.0 7400.0 7000.0 6800.0 5800.0 5000.0 9200.0 6600.0 4200.0 6000.0 6000.0 4200.0 7400.0 8000.0 5200.0 8800.0 6800.0 6600.0 7600.0 5200.0 9000.0 6400.0 6200.0 9000.0 9800.0 7600.0 7200.0 4600.0 6800.0 7400.0 7600.0 6000.0 7400.0 6600.0 5400.0 2600.0 4200.0 6000.0 8600.0 4800.0 7600.0 6800.0 6800.0 5800.0 6400.0 4200.0 3400.0 5200.0 4800.0 8600.0 6200.0 7600.0 6400.0 8000.0 5600.0 7600.0 1400.0 5200.0 6000.0 7000.0 4400.0 7200.0 6400.0 7400.0 5800.0 6600.0 9400.0 7200.0 7600.0 6200.0
0.0 5400.0 5000.0 9600.0 7600.0 8200.0 5000.0 4600.0 6800.0 0.0 3600.0 8000.0 7800.0 5000.0 6800.0 4800.0 5400.0 8800.0 5000.0 5400.0 6800.0 7600.0 2800.0 6400.0 6800.0 4400.0 9200.0 5800.0 6400.0 4200.0 6400.0 5200.0 8000.0 3000.0 7400.0 7200.0 6600.0 6200.0 3600.0 6000.0 6400.0 6800.0 4800.0 4800.0 5600.0 3200.0 5000.0 4000.0 5000.0 2800.0 3800.0 7000.0 6400.0 3000.0 4200.0 6200.0 3200.0 3800.0 5400.0 6800.0 7200.0 6600.0 7600.0 4400.0 8200.0 7200.0 6400.0 6000.0 5400.0 5200.0 6000.0 3400.0 7800.0 5200.0 7600.0 5400.0 6800.0 9000.0 2200.0 6600.0 5400.0
0.0 5000.0 4400.0 6400.0 6800.0 4800.0 7200.0 4800.0 3800.0 7600.0 0.0 8200.0 7000.0 2400.0 5400.0 7000.0 5600.0 8400.0 9000.0 5600.0 6200.0 4600.0 6800.0 6400.0 7000.0 4400.0 9000.0 6200.0 6600.0 6000.0 6600.0 6600.0 7800.0 6000.0 10400.0 6800.0 4800.0 9200.0 6000.0 6000.0 3400.0 6800.0 5800.0 4400.0 6000.0 3400.0 4600.0 7000.0 3200.0 5800.0 1800.0 8200.0 7200.0 7000.0 8200.0 6200.0 6800.0 7000.0 5000.0 5800.0 4800.0 8200.0 7400.0 4600.0 8200.0 5800.0 9000.0 5200.0 5400.0 4800.0 4400.0 6400.0 10000.0 8200.0 7600.0 6200.0 5800.0 6000.0 6600.0 9400.0 6000.0
0.0 5800.0 5800.0 10600.0 8600.0 5400.0 5200.0 5000.0 6400.0 8000.0 6600.0 0.0 5600.0 5200.0 5200.0 5000.0 6400.0 7800.0 8000.0 6000.0 1200.0 3800.0 6000.0 7600.0 7000.0 5800.0 9400.0 5800.0 1600.0 4000.0 7000.0 7800.0 7200.0 6800.0 6600.0 7800.0 5600.0 9000.0 4600.0 5800.0 6600.0 7200.0 7000.0 5400.0 7600.0 3400.0 4400.0 5400.0 7800.0 6800.0 6600.0 7400.0 7800.0 7000.0 7600.0 7000.0 6000.0 3200.0 5800.0 6400.0 7200.0 6000.0 4400.0 4600.0 8600.0 800.0 6400.0 6200.0 5800.0 4200.0 2200.0 6200.0 7400.0 8000.0 8000.0 7400.0 5800.0 6800.0 7000.0 7200.0 4200.0
0.0 3000.0 4000.0 7800.0 5200.0 4400.0 6400.0 3800.0 2600.0 6600.0 2400.0 5800.0 0.0 800.0 3800.0 6200.0 5000.0 2400.0 4400.0 4600.0 3600.0 3400.0 2200.0 4800.0 4600.0 4000.0 6200.0 400.0 3000.0 6600.0 5600.0 5400.0 6400.0 5600.0 5000.0 6600.0 5200.0 5600.0 5000.0 4400.0 2200.0 6000.0 4200.0 5200.0 4800.0 1800.0 3000.0 5800.0 4400.0 5600.0 3200.0 6400.0 5400.0 5400.0 3600.0 4200.0 2600.0 5400.0 3000.0 5400.0 3200.0 6000.0 5400.0 2800.0 6000.0 3200.0 3600.0 4000.0 4400.0 4800.0 3400.0 2800.0 6400.0 4600.0 6400.0 4800.0 600.0 4600.0 1600.0 6000.0 5200.0
0.0 2600.0 4000.0 8000.0 4600.0 6200.0 5600.0 6200.0 2000.0 6000.0 1600.0 5800.0 7000.0 0.0 3200.0 6000.0 4600.0 6000.0 6600.0 6200.0 3800.0 2600.0 4400.0 6800.0 4600.0 3600.0 8200.0 4400.0 4400.0 6200.0 6000.0 4600.0 6200.0 5000.0 8400.0 7400.0 4400.0 7400.0 4800.0 3600.0 1600.0 6000.0 4600.0 5000.0 4000.0 1000.0 2200.0 5000.0 4800.0 4800.0 3400.0 6000.0 6200.0 4600.0 5800.0 3800.0 4400.0 4800.0 2800.0 6600.0 2400.0 5800.0 5000.0 2200.0 7600.0 3400.0 6600.0 3200.0 4800.0 4400.0 2600.0 4600.0 9000.0 6400.0 7000.0 5400.0 3400.0 7600.0 4200.0 7600.0 4600.0
0.0 3600.0 3800.0 8200.0 6400.0 5400.0 5000.0 5600.0 5800.0 6800.0 4200.0 6600.0 6800.0 5000.0 0.0 6000.0 2000.0 3000.0 4800.0 4400.0 4600.0 2200.0 2600.0 3800.0 6200.0 3200.0 6800.0 5200.0 1600.0 3200.0 5400.0 2800.0 6400.0 2000.0 6400.0 6000.0 4000.0 5600.0 4800.0 600.0 5400.0 5800.0 4200.0 3600.0 4800.0 3400.0 3800.0 3000.0 4400.0 1800.0 3200.0 4600.0 6000.0 2000.0 4000.0 2400.0 2600.0 4800.0 1400.0 6200.0 6200.0 4400.0 3600.0 4400.0 4400.0 4200.0 5800.0 2600.0 4400.0 3400.0 4800.0 2800.0 6800.0 4600.0 5400.0 5000.0 7200.0 6600.0 6200.0 6000.0 4400.0
0.0 800.0 2200.0 8400.0 3800.0 6200.0 200.0 600.0 2800.0 3000.0 3200.0 4600.0 3000.0 3800.0 2600.0 0.0 2400.0 5400.0 3400.0 1400.0 4400.0 4200.0 1000.0 3000.0 3400.0 1200.0 4400.0 3400.0 4000.0 3200.0 2400.0 5200.0 4800.0 1800.0 5800.0 5400.0 4000.0 4000.0 1800.0 3000.0 3000.0 2600.0 2800.0 3200.0 3400.0 4800.0 3400.0 400.0 2800.0 4200.0 1600.0 4200.0 3800.0 4200.0 2600.0 2000.0 1000.0 3800.0 1000.0 5600.0 5800.0 4000.0 3200.0 5800.0 3600.0 4000.0 2400.0 2200.0 800.0 1800.0 4200.0 1200.0 6200.0 3200.0 3000.0 2800.0 3600.0 6400.0 3400.0 4400.0 4600.0
0.0 5800.0 5000.0 10400.0 6600.0 7000.0 6800.0 7000.0 6000.0 8400.0 5800.0 8200.0 7000.0 5000.0 5400.0 6600.0 0.0 5000.0 6800.0 7600.0 2600.0 6800.0 7400.0 4000.0 7000.0 5000.0 9000.0 7400.0 3200.0 5200.0 8000.0 8200.0 5600.0 4000.0 6200.0 9400.0 7400.0 9000.0 6000.0 5800.0 5600.0 7400.0 8400.0 7000.0 8200.0 3200.0 7200.0 5000.0 8600.0 3800.0 7600.0 2600.0 6200.0 6200.0 6800.0 6800.0 7400.0 7000.0 5800.0 8000.0 7400.0 5000.0 5800.0 4400.0 8600.0 2400.0 8000.0 6000.0 7200.0 5800.0 3600.0 7800.0 8800.0 9600.0 5600.0 6800.0 7200.0 4600.0 8200.0 8800.0 5600.0
0.0 800.0 2200.0 5600.0 5800.0 7200.0 4400.0 4400.0 4800.0 6200.0 3600.0 5800.0 6200.0 6000.0 2400.0 6600.0 3000.0 0.0 4800.0 5400.0 4400.0 4600.0 2400.0 5000.0 4600.0 2000.0 4000.0 5000.0 4000.0 5400.0 4800.0 5200.0 5800.0 4200.0 6400.0 5400.0 5800.0 5400.0 5400.0 3000.0 4400.0 4400.0 4000.0 3000.0 4600.0 5600.0 3400.0 4600.0 4200.0 4200.0 2800.0 4000.0 4600.0 4200.0 4000.0 1800.0 2400.0 4200.0 800.0 5600.0 6000.0 3800.0 3200.0 6200.0 3600.0 4800.0 5800.0 2200.0 4000.0 2800.0 5600.0 2800.0 7600.0 4600.0 6200.0 3600.0 6600.0 7200.0 6200.0 5800.0 4600.0
0.0 5800.0 2000.0 9600.0 4000.0 7400.0 5000.0 4600.0 3400.0 6200.0 3200.0 7400.0 8000.0 5600.0 7400.0 7200.0 3200.0 5600.0 0.0 5400.0 4400.0 4200.0 7200.0 1400.0 6200.0 2000.0 7600.0 5800.0 4800.0 5800.0 6400.0 6200.0 4800.0 5200.0 9200.0 10000.0 6000.0 5000.0 6000.0 5000.0 3000.0 4400.0 6200.0 7600.0 5600.0 6400.0 6000.0 5200.0 6400.0 6200.0 5000.0 5800.0 4800.0 6400.0 6000.0 6800.0 7000.0 6800.0 5800.0 5800.0 8000.0 6000.0 5600.0 7400.0 8400.0 4800.0 7200.0 4800.0 5600.0 3000.0 5000.0 7200.0 7200.0 9000.0 3000.0 3800.0 8400.0 7600.0 7000.0 7200.0 7000.0
0.0 2400.0 3800.0 10000.0 3800.0 8000.0 1800.0 2200.0 4400.0 4600.0 4800.0 5000.0 4600.0 5400.0 4200.0 1800.0 4000.0 5000.0 5000.0 0.0 6000.0 5800.0 2600.0 4600.0 3800.0 3000.0 6000.0 5000.0 5600.0 4800.0 1000.0 6800.0 6400.0 3400.0 7400.0 7200.0 5600.0 5600.0 600.0 4600.0 4600.0 4200.0 4400.0 4800.0 5000.0 6400.0 3800.0 2000.0 4600.0 5800.0 3200.0 5800.0 2600.0 5800.0 4200.0 3600.0 2600.0 2600.0 2600.0 6200.0 4400.0 4800.0 4800.0 7400.0 5200.0 5600.0 4000.0 3800.0 2400.0 3400.0 5800.0 3000.0 7800.0 4800.0 4600.0 1600.0 5200.0 8000.0 5200.0 6000.0 5200.0
0.0 4800.0 4800.0 9400.0 7600.0 4400.0 4200.0 4400.0 5800.0 7000.0 5600.0 7200.0 7000.0 4000.0 6400.0 4000.0 5200.0 8200.0 7000.0 5200.0 0.0 6600.0 5000.0 6600.0 6000.0 4800.0 8400.0 6800.0 600.0 4600.0 6200.0 8600.0 6200.0 5800.0 5400.0 6800.0 4800.0 8000.0 5800.0 6400.0 5400.0 6600.0 5800.0 4400.0 6600.0 2400.0 6200.0 4200.0 6800.0 5800.0 5600.0 7800.0 6800.0 5800.0 6400.0 6000.0 5000.0 6000.0 4800.0 5400.0 6400.0 7800.0 7200.0 3400.0 7400.0 7400.0 5400.0 5200.0 4600.0 3200.0 6600.0 5200.0 7200.0 7000.0 7000.0 6400.0 7400.0 5600.0 7400.0 8400.0 3200.0
0.0 7200.0 7600.0 9600.0 8200.0 8000.0 7400.0 4600.0 3600.0 8800.0 3400.0 7600.0 8800.0 5800.0 7800.0 7200.0 8400.0 6400.0 8200.0 5600.0 6600.0 0.0 7800.0 9600.0 6400.0 7600.0 9400.0 6000.0 4800.0 6800.0 6600.0 6400.0 6800.0 7600.0 9600.0 10000.0 1800.0 10200.0 6000.0 7000.0 3200.0 6800.0 6400.0 7800.0 5800.0 6600.0 6000.0 7000.0 6400.0 7600.0 5200.0 10400.0 7400.0 7600.0 7400.0 8200.0 7800.0 7000.0 7200.0 8400.0 4200.0 9800.0 9400.0 7600.0 10000.0 7800.0 9400.0 5000.0 7800.0 3800.0 2600.0 7400.0 10800.0 9200.0 10000.0 7000.0 5200.0 8400.0 7200.0 10400.0 4600.0
0.0 2600.0 4000.0 10200.0 4800.0 9400.0 4400.0 6600.0 5800.0 7200.0 5400.0 6200.0 7200.0 7800.0 4400.0 8600.0 5200.0 6400.0 2400.0 7400.0 6200.0 6400.0 0.0 3800.0 5000.0 4000.0 8600.0 7000.0 4600.0 6600.0 6600.0 6600.0 7000.0 5400.0 8400.0 7200.0 7400.0 7200.0 7400.0 4800.0 5400.0 6400.0 6000.0 5000.0 6600.0 6400.0 5200.0 4600.0 6000.0 5400.0 4800.0 6000.0 3600.0 6000.0 1600.0 3800.0 4400.0 6000.0 2600.0 7200.0 7800.0 5000.0 5000.0 7600.0 7800.0 6800.0 6600.0 4000.0 5000.0 5000.0 3200.0 4600.0 6000.0 6400.0 5400.0 2800.0 7800.0 9200.0 7600.0 7600.0 5200.0
0.0 4400.0 2400.0 8200.0 2600.0 6600.0 3800.0 5000.0 2200.0 6600.0 1800.0 7200.0 6600.0 4200.0 6000.0 7600.0 3600.0 7600.0 6800.0 6000.0 4800.0 3000.0 6000.0 0.0 6000.0 2400.0 6400.0 4600.0 5200.0 4800.0 6800.0 4800.0 6200.0 5000.0 9400.0 8600.0 4600.0 5000.0 6400.0 6600.0 1800.0 4800.0 5000.0 6200.0 4200.0 5200.0 4600.0 3800.0 5000.0 4800.0 3600.0 6200.0 5200.0 7800.0 6000.0 5600.0 6000.0 5400.0 4400.0 7000.0 6600.0 4600.0 4200.0 6400.0 7000.0 5200.0 6000.0 3400.0 4200.0 3400.0 3600.0 6000.0 7200.0 7800.0 1800.0 4200.0 7000.0 7800.0 5800.0 7600.0 5600.0
0.0 5400.0 6400.0 10200.0 7600.0 6600.0 6000.0 6200.0 5000.0 8600.0 4800.0 1400.0 2600.0 3200.0 6200.0 5800.0 6000.0 4800.0 7000.0 7000.0 2400.0 5000.0 4600.0 7200.0 0.0 5000.0 7200.0 2800.0 2800.0 3400.0 8000.0 7800.0 8000.0 7600.0 7400.0 9000.0 6800.0 8000.0 5800.0 6800.0 4600.0 7400.0 6600.0 6600.0 7200.0 4200.0 5400.0 6000.0 6800.0 8000.0 5600.0 8600.0 7600.0 7800.0 6200.0 6600.0 5000.0 4400.0 5600.0 2400.0 4200.0 7200.0 5600.0 5400.0 8400.0 2000.0 6000.0 6400.0 6400.0 5200.0 3400.0 5200.0 8600.0 7000.0 8600.0 6600.0 3000.0 7000.0 4000.0 8400.0 5200.0
0.0 5800.0 4600.0 9000.0 4000.0 5400.0 5200.0 2600.0 3000.0 7200.0 2600.0 5400.0 6600.0 5000.0 5600.0 5200.0 1200.0 6000.0 5200.0 3600.0 3200.0 3600.0 5400.0 5000.0 4200.0 0.0 7800.0 5400.0 3800.0 3800.0 4600.0 5600.0 3800.0 5000.0 7400.0 8600.0 5400.0 8400.0 4000.0 4200.0 2600.0 2600.0 5600.0 7000.0 5000.0 4400.0 5400.0 4200.0 5800.0 5000.0 4400.0 3800.0 2800.0 5600.0 4400.0 5200.0 5400.0 6000.0 5000.0 6400.0 7400.0 5000.0 6400.0 5400.0 8400.0 2800.0 7400.0 4200.0 5600.0 1000.0 4200.0 5600.0 8800.0 7400.0 6800.0 1800.0 7000.0 5800.0 6400.0 8800.0 6200.0
0.0 4400.0 3600.0 10000.0 4600.0 5200.0 4800.0 5400.0 5400.0 6400.0 3800.0 5800.0 6600.0 6200.0 2800.0 6800.0 4600.0 5400.0 5000.0 6200.0 5600.0 4800.0 2800.0 4600.0 4600.0 3600.0 0.0 1200.0 3800.0 4400.0 6400.0 5400.0 5800.0 3000.0 6800.0 5600.0 6000.0 5800.0 5600.0 3200.0 5000.0 6000.0 200.0 3400.0 800.0 5400.0 3400.0 4200.0 4400.0 4400.0 3200.0 3200.0 3400.0 4600.0 4200.0 2200.0 2800.0 4400.0 1000.0 5800.0 3200.0 4200.0 3400.0 6600.0 6600.0 6400.0 6000.0 2200.0 4200.0 3000.0 6000.0 3000.0 7200.0 4800.0 6200.0 5200.0 4200.0 6400.0 2400.0 6000.0 4800.0
0.0 4400.0 5400.0 9000.0 6600.0 4000.0 6200.0 5600.0 6400.0 8600.0 2800.0 7800.0 8600.0 5000.0 5800.0 6800.0 5400.0 7800.0 4200.0 6600.0 7600.0 7200.0 1800.0 5600.0 6600.0 5400.0 9200.0 0.0 2600.0 6200.0 7000.0 7400.0 8200.0 5600.0 7200.0 7800.0 5600.0 5200.0 5600.0 5200.0 6000.0 7800.0 4000.0 5400.0 4600.0 4400.0 7000.0 6400.0 4200.0 5600.0 2800.0 7800.0 5400.0 6600.0 3400.0 5400.0 2200.0 7800.0 4400.0 5000.0 7400.0 6800.0 6800.0 5600.0 7400.0 7800.0 5600.0 5800.0 6400.0 5200.0 5000.0 2600.0 6200.0 4400.0 7200.0 4600.0 7800.0 5400.0 1200.0 5600.0 4800.0
0.0 5600.0 6000.0 11000.0 7000.0 7200.0 7000.0 7200.0 5400.0 6800.0 5200.0 6600.0 7800.0 3600.0 6600.0 6800.0 4800.0 7800.0 6600.0 7800.0 5400.0 6200.0 7400.0 6200.0 5400.0 6000.0 10400.0 7200.0 0.0 4000.0 6800.0 8200.0 5600.0 7800.0 5000.0 8000.0 7800.0 8600.0 5600.0 5800.0 5000.0 8400.0 6800.0 5600.0 7400.0 1800.0 5600.0 5800.0 7400.0 8200.0 7000.0 7400.0 6200.0 5400.0 6200.0 6800.0 7400.0 5600.0 5800.0 7800.0 6000.0 7800.0 8000.0 3000.0 8400.0 7000.0 4800.0 4600.0 6600.0 2600.0 6200.0 7600.0 6600.0 7800.0 7800.0 7200.0 7000.0 8600.0 7800.0 10600.0 7200.0
0.0 7600.0 7200.0 11000.0 6200.0 6200.0 7400.0 8800.0 8200.0 10000.0 8000.0 6200.0 7400.0 8200.0 7400.0 8400.0 6400.0 6800.0 6000.0 8800.0 4400.0 6800.0 7000.0 6200.0 5000.0 7200.0 9800.0 7400.0 5000.0 0.0 9800.0 7200.0 4600.0 7800.0 9800.0 6400.0 8600.0 10000.0 9200.0 5000.0 7800.0 8200.0 8600.0 8000.0 9200.0 6600.0 8200.0 5000.0 7400.0 7600.0 7600.0 9000.0 5400.0 6400.0 5200.0 6800.0 7000.0 9200.0 5800.0 7200.0 9200.0 3800.0 8000.0 7800.0 10400.0 7000.0 5000.0 7000.0 7800.0 1800.0 7000.0 7200.0 9600.0 9000.0 7800.0 6400.0 6000.0 7600.0 8200.0 8600.0 7400.0
0.0 4600.0 3400.0 11000.0 2800.0 8800.0 3800.0 4600.0 6200.0 6600.0 4800.0 4000.0 5400.0 6000.0 5800.0 4200.0 4400.0 6600.0 7400.0 5400.0 5200.0 6200.0 5000.0 6600.0 2800.0 3400.0 6400.0 5000.0 5600.0 6000.0 0.0 7800.0 6600.0 5600.0 9800.0 6400.0 5200.0 6000.0 2800.0 6400.0 5800.0 4400.0 5600.0 4200.0 6200.0 7000.0 2800.0 4000.0 6800.0 7200.0 5600.0 7000.0 1600.0 7000.0 6600.0 5600.0 5000.0 1600.0 4600.0 5200.0 6800.0 4400.0 6600.0 7400.0 7200.0 4800.0 6000.0 5800.0 4400.0 4200.0 6000.0 5200.0 8200.0 7200.0 6600.0 600.0 4800.0 8400.0 6200.0 8400.0 4400.0
0.0 6200.0 7600.0 5600.0 8400.0 10200.0 8200.0 8400.0 5800.0 8400.0 5600.0 9600.0 6200.0 4000.0 7000.0 8000.0 7800.0 5800.0 9400.0 9200.0 7600.0 6600.0 7200.0 8400.0 8400.0 6600.0 9600.0 6600.0 8200.0 8000.0 9800.0 0.0 10000.0 6600.0 9000.0 10800.0 8200.0 7000.0 6800.0 7400.0 5400.0 9000.0 8600.0 8400.0 7800.0 4800.0 6200.0 7600.0 8600.0 8600.0 7400.0 9400.0 9000.0 8400.0 8600.0 7400.0 7400.0 5400.0 6200.0 10200.0 6400.0 7800.0 8600.0 6000.0 8800.0 7400.0 9800.0 6800.0 6000.0 7400.0 6600.0 7800.0 9400.0 9600.0 8400.0 8000.0 6800.0 10600.0 6400.0 10800.0 8200.0
0.0 3800.0 2600.0 8000.0 2000.0 5200.0 3200.0 5200.0 5400.0 5800.0 4000.0 3400.0 4600.0 5000.0 2800.0 5800.0 1800.0 5600.0 2200.0 4200.0 4400.0 5000.0 2400.0 3400.0 2200.0 2600.0 5800.0 4800.0 1400.0 5400.0 5200.0 2600.0 0.0 4600.0 6400.0 5800.0 4400.0 5400.0 4600.0 400.0 5000.0 3600.0 4000.0 3400.0 4800.0 3200.0 3600.0 3200.0 4200.0 4600.0 3000.0 4400.0 800.0 1800.0 1400.0 2200.0 2400.0 4600.0 1200.0 4400.0 6200.0 4200.0 3400.0 4400.0 6400.0 4000.0 5200.0 2400.0 3600.0 3200.0 5400.0 2600.0 5400.0 4400.0 5200.0 2400.0 5000.0 6400.0 6000.0 5800.0 4800.0
0.0 4400.0 5800.0 11000.0 7000.0 7600.0 3800.0 5800.0 6400.0 6600.0 5800.0 7600.0 6600.0 6400.0 4800.0 5400.0 5800.0 7200.0 7200.0 3800.0 4000.0 6800.0 5000.0 6200.0 6400.0 4800.0 8000.0 5600.0 4400.0 1400.0 4800.0 6600.0 5200.0 0.0 8400.0 7800.0 8600.0 6600.0 4200.0 4400.0 6600.0 7400.0 4800.0 6800.0 5400.0 4600.0 7000.0 1200.0 7200.0 6000.0 5800.0 4800.0 5800.0 5800.0 6400.0 5600.0 5400.0 6400.0 4400.0 8600.0 4400.0 5200.0 6800.0 5800.0 7200.0 7600.0 6000.0 5800.0 4400.0 3200.0 8000.0 5600.0 9000.0 7400.0 6600.0 5200.0 5400.0 9000.0 4400.0 8600.0 5000.0
0.0 800.0 2200.0 8400.0 5600.0 6400.0 4400.0 4000.0 2400.0 6200.0 2200.0 6000.0 6400.0 3000.0 2600.0 6400.0 2800.0 5400.0 1600.0 5000.0 4400.0 3200.0 2600.0 3000.0 5000.0 2200.0 6800.0 2400.0 4000.0 5400.0 4800.0 5200.0 6000.0 4400.0 0.0 5200.0 4000.0 5600.0 5200.0 3000.0 2000.0 4600.0 4200.0 3000.0 4600.0 1200.0 3400.0 4600.0 2600.0 4200.0 3000.0 4200.0 4800.0 4200.0 2600.0 2000.0 2600.0 4200.0 800.0 5600.0 5400.0 3800.0 3200.0 2400.0 6800.0 5000.0 5800.0 2200.0 4000.0 3200.0 3800.0 2800.0 7000.0 4600.0 4600.0 3800.0 6400.0 7200.0 3600.0 5800.0 4600.0
0.0 6000.0 1600.0 10400.0 5000.0 6000.0 5400.0 4200.0 4400.0 5600.0 4200.0 6800.0 8000.0 6400.0 7200.0 5200.0 2600.0 7400.0 3800.0 5000.0 3800.0 5200.0 6200.0 2600.0 5600.0 1600.0 8800.0 5400.0 4400.0 5400.0 6000.0 7200.0 5400.0 4600.0 8800.0 0.0 6800.0 4800.0 5200.0 5600.0 4000.0 4000.0 5800.0 7400.0 5000.0 5800.0 6600.0 5400.0 6200.0 4400.0 5000.0 5200.0 4400.0 7000.0 6000.0 6600.0 6200.0 7400.0 6000.0 7000.0 8800.0 6400.0 6600.0 7000.0 8600.0 4400.0 7400.0 5600.0 5800.0 2400.0 5600.0 6400.0 3400.0 4000.0 4200.0 3400.0 8600.0 7200.0 6600.0 6600.0 6800.0
0.0 5400.0 6000.0 8000.0 6600.0 6200.0 7800.0 6400.0 2000.0 9200.0 1600.0 6600.0 7800.0 4000.0 7000.0 7800.0 6800.0 4800.0 6400.0 6000.0 4800.0 2600.0 6000.0 7800.0 5400.0 6000.0 7800.0 4400.0 5400.0 5000.0 5000.0 4600.0 5000.0 7600.0 10200.0 8400.0 0.0 8400.0 6600.0 5400.0 1600.0 8400.0 4600.0 6000.0 4000.0 5000.0 4400.0 5400.0 4800.0 7400.0 3400.0 8800.0 5800.0 5800.0 5600.0 6600.0 6000.0 5200.0 5400.0 6600.0 6400.0 8000.0 7800.0 6000.0 8400.0 7400.0 8800.0 3200.0 7000.0 2200.0 3400.0 5600.0 9000.0 7600.0 9200.0 5400.0 7400.0 7600.0 5400.0 8800.0 5400.0
0.0 3400.0 4800.0 8000.0 7400.0 9800.0 6400.0 5600.0 7400.0 7600.0 6200.0 8400.0 7800.0 7400.0 5000.0 6200.0 5200.0 2600.0 5000.0 6600.0 6400.0 6400.0 2800.0 6400.0 7000.0 4600.0 6600.0 7200.0 6600.0 5600.0 7400.0 7800.0 6800.0 6600.0 9000.0 8000.0 8000.0 0.0 5000.0 5400.0 7000.0 3200.0 6200.0 5600.0 6800.0 5600.0 2800.0 4400.0 6400.0 6800.0 5000.0 6600.0 6200.0 6800.0 4200.0 4400.0 4600.0 3800.0 3400.0 5200.0 7200.0 4000.0 4400.0 6800.0 6200.0 6000.0 7800.0 1600.0 5400.0 5400.0 6000.0 4800.0 2400.0 6600.0 7600.0 5400.0 6800.0 9200.0 7600.0 7800.0 6400.0
0.0 2000.0 3400.0 9600.0 5000.0 7600.0 1400.0 1800.0 4000.0 4200.0 4400.0 5800.0 4200.0 5000.0 3800.0 1400.0 3600.0 6600.0 4600.0 2600.0 5600.0 5400.0 2200.0 4200.0 4600.0 2400.0 5600.0 4600.0 5200.0 4400.0 3600.0 6400.0 6000.0 3000.0 7000.0 6800.0 5200.0 5200.0 0.0 4200.0 4200.0 3800.0 4000.0 4400.0 4600.0 6000.0 4600.0 1600.0 4000.0 5400.0 2800.0 5400.0 5000.0 5400.0 3800.0 3200.0 2200.0 5000.0 2200.0 6800.0 4000.0 4400.0 4400.0 7000.0 4800.0 5200.0 3600.0 3400.0 2000.0 3000.0 5400.0 2400.0 7400.0 4400.0 4200.0 4000.0 4800.0 7600.0 4800.0 5600.0 5800.0
0.0 4200.0 3400.0 7800.0 6800.0 5000.0 4400.0 5200.0 5200.0 6200.0 3600.0 6000.0 6400.0 4600.0 2600.0 5400.0 1600.0 5400.0 4400.0 3800.0 4200.0 4600.0 2200.0 5400.0 6200.0 2800.0 6800.0 4800.0 1200.0 5000.0 4800.0 2400.0 5800.0 4400.0 6000.0 5400.0 5600.0 5000.0 4200.0 0.0 4800.0 5200.0 3800.0 3200.0 4400.0 2800.0 3400.0 3000.0 4000.0 4200.0 2600.0 4200.0 5600.0 1400.0 3600.0 2000.0 2000.0 4200.0 800.0 5600.0 6000.0 4000.0 3200.0 4000.0 6800.0 3800.0 5400.0 2200.0 4000.0 3000.0 5000.0 2400.0 7400.0 4200.0 6200.0 4600.0 6800.0 6000.0 6000.0 5400.0 4600.0
0.0 5200.0 4600.0 6600.0 6000.0 4800.0 6400.0 4800.0 600.0 7800.0 200.0 7200.0 7200.0 2600.0 5600.0 6200.0 5400.0 7600.0 7000.0 4600.0 6400.0 1200.0 4600.0 6600.0 6000.0 4600.0 8600.0 2800.0 5400.0 6200.0 5600.0 3200.0 6800.0 6000.0 9400.0 7000.0 3000.0 7000.0 5000.0 6000.0 0.0 7000.0 3200.0 4600.0 2600.0 3600.0 3000.0 4600.0 3400.0 6000.0 2000.0 8000.0 4800.0 7000.0 6200.0 6400.0 4600.0 3800.0 5200.0 5200.0 5000.0 6600.0 7600.0 4600.0 8200.0 6000.0 7400.0 1800.0 5400.0 4600.0 2000.0 4200.0 7600.0 6000.0 7800.0 5600.0 6000.0 6200.0 4000.0 7400.0 4000.0
0.0 6200.0 5400.0 11000.0 8400.0 8600.0 6600.0 7000.0 7400.0 8400.0 5800.0 6800.0 8400.0 8000.0 3200.0 8200.0 5200.0 6000.0 5000.0 7400.0 7800.0 5400.0 3600.0 6400.0 7800.0 4800.0 7600.0 6200.0 4800.0 6400.0 8200.0 6000.0 7600.0 5000.0 7200.0 7600.0 7000.0 6600.0 7000.0 3800.0 7000.0 0.0 5400.0 5200.0 6000.0 6400.0 5400.0 6200.0 5400.0 5000.0 4200.0 7800.0 7200.0 5000.0 5200.0 2600.0 3600.0 6400.0 3000.0 7200.0 8000.0 6000.0 5200.0 7600.0 7600.0 7400.0 6800.0 4200.0 6000.0 5600.0 6800.0 3800.0 8800.0 5800.0 8000.0 6200.0 9000.0 9400.0 7400.0 6600.0 6600.0
0.0 5400.0 5000.0 10000.0 4400.0 5000.0 5600.0 6600.0 7200.0 8200.0 3600.0 5800.0 7000.0 6000.0 6800.0 6800.0 5800.0 5400.0 5200.0 6800.0 5400.0 6800.0 2800.0 5600.0 4600.0 5000.0 5400.0 1000.0 3600.0 4400.0 7800.0 8200.0 5600.0 3000.0 8000.0 8800.0 6600.0 6200.0 5600.0 6000.0 6800.0 6000.0 0.0 6400.0 800.0 5400.0 3400.0 4000.0 5000.0 6400.0 3800.0 7800.0 3200.0 7400.0 4400.0 6200.0 3200.0 4200.0 5400.0 5600.0 7400.0 4400.0 7800.0 6400.0 6400.0 6400.0 6600.0 2200.0 5800.0 2800.0 6000.0 3400.0 7000.0 5400.0 7200.0 5200.0 7400.0 6400.0 2200.0 6600.0 5800.0
0.0 1200.0 400.0 8600.0 4200.0 5800.0 4800.0 3000.0 3200.0 3200.0 3000.0 5600.0 3400.0 4000.0 2800.0 5400.0 1600.0 5600.0 5200.0 3800.0 2600.0 4000.0 2800.0 3200.0 4400.0 400.0 4800.0 2400.0 3200.0 3400.0 4800.0 5400.0 4200.0 2200.0 6800.0 2400.0 5600.0 5800.0 4200.0 3200.0 2800.0 2800.0 1600.0 0.0 2200.0 4600.0 3600.0 3200.0 4600.0 4400.0 3200.0 4200.0 3200.0 4600.0 4400.0 2200.0 2800.0 3000.0 1200.0 6000.0 6200.0 4200.0 3400.0 5200.0 3800.0 3200.0 6200.0 2400.0 1000.0 1200.0 4400.0 3000.0 5800.0 5000.0 3200.0 2200.0 3800.0 4400.0 3600.0 5400.0 1600.0
0.0 4800.0 4400.0 9400.0 3800.0 4400.0 5000.0 6000.0 6600.0 7600.0 3000.0 5200.0 6400.0 5400.0 6200.0 7200.0 5600.0 6000.0 4400.0 6800.0 4800.0 7400.0 2200.0 5000.0 4000.0 4400.0 6000.0 400.0 3000.0 5000.0 7400.0 7600.0 5000.0 3600.0 7400.0 8000.0 6000.0 5600.0 6000.0 5400.0 6200.0 5400.0 800.0 5800.0 0.0 4600.0 4000.0 4800.0 4400.0 5800.0 3200.0 8000.0 2600.0 6800.0 3600.0 5600.0 2600.0 4800.0 4800.0 5400.0 7800.0 5200.0 7000.0 5800.0 7200.0 5800.0 5800.0 2800.0 5400.0 2200.0 5400.0 2800.0 6400.0 4600.0 6600.0 4800.0 6800.0 5800.0 1600.0 6000.0 5200.0
0.0 4400.0 5800.0 9600.0 6200.0 8000.0 5200.0 5600.0 3600.0 5200.0 3400.0 5000.0 6200.0 1800.0 4800.0 5200.0 6000.0 7600.0 8000.0 6000.0 5600.0 4400.0 5800.0 8000.0 3800.0 5000.0 9600.0 6000.0 6000.0 7000.0 5000.0 6400.0 7800.0 6600.0 10000.0 8400.0 6000.0 8200.0 4000.0 5400.0 3200.0 7400.0 6400.0 6600.0 5800.0 0.0 4000.0 5200.0 6600.0 6600.0 5200.0 7600.0 6600.0 3600.0 7200.0 5600.0 5800.0 3800.0 4400.0 6000.0 4200.0 6600.0 6800.0 1200.0 8600.0 5200.0 7400.0 3000.0 5800.0 5800.0 4400.0 6000.0 10400.0 7800.0 8000.0 5600.0 5200.0 9400.0 6000.0 9200.0 6400.0
0.0 2800.0 4200.0 10400.0 5800.0 8600.0 6400.0 5800.0 5400.0 4800.0 5000.0 7200.0 5000.0 5800.0 4400.0 8200.0 2400.0 7200.0 6000.0 6600.0 5000.0 3600.0 4400.0 5000.0 6000.0 3200.0 6400.0 5200.0 5400.0 5200.0 6800.0 6600.0 4000.0 3800.0 8400.0 7400.0 5400.0 7400.0 7000.0 4200.0 5000.0 5600.0 6200.0 5000.0 6800.0 5600.0 0.0 4800.0 6200.0 6200.0 4800.0 5000.0 4600.0 4400.0 5200.0 3800.0 4400.0 6200.0 2800.0 7600.0 7800.0 5800.0 5000.0 6800.0 5400.0 4800.0 7800.0 4000.0 2600.0 4000.0 6000.0 4800.0 9200.0 6600.0 4800.0 5000.0 5400.0 7000.0 6400.0 7600.0 6400.0
0.0 3400.0 4800.0 11000.0 6400.0 8600.0 2800.0 6400.0 5200.0 5400.0 4600.0 7200.0 5600.0 6000.0 5000.0 7400.0 4800.0 7800.0 6200.0 5600.0 6800.0 6600.0 3800.0 5600.0 6000.0 3800.0 7000.0 4600.0 6600.0 5200.0 6600.0 7800.0 7600.0 3800.0 9000.0 8000.0 7600.0 7200.0 6200.0 5600.0 5400.0 6200.0 3600.0 5600.0 4400.0 5000.0 6000.0 0.0 6200.0 6800.0 4800.0 6600.0 6600.0 6800.0 5400.0 4600.0 4200.0 6800.0 3400.0 8200.0 8200.0 6400.0 5800.0 6000.0 6000.0 6600.0 4800.0 4800.0 3200.0 4600.0 7000.0 4600.0 9400.0 6400.0 5400.0 5600.0 6000.0 8800.0 3200.0 7600.0 6800.0
0.0 3800.0 1200.0 9600.0 5200.0 6200.0 4200.0 1600.0 3400.0 5400.0 3200.0 6200.0 6000.0 5600.0 5600.0 4000.0 2400.0 6400.0 5800.0 2400.0 3600.0 4200.0 4800.0 6000.0 5000.0 1200.0 7400.0 5800.0 4000.0 3000.0 3400.0 6200.0 4600.0 4800.0 8600.0 7000.0 1600.0 6000.0 3000.0 4000.0 3000.0 3800.0 5000.0 4600.0 5600.0 5600.0 6000.0 4200.0 0.0 6000.0 2000.0 5000.0 4000.0 5400.0 5000.0 5000.0 4800.0 5000.0 3800.0 7200.0 6800.0 6200.0 6200.0 6600.0 5200.0 4000.0 6200.0 4800.0 3800.0 1600.0 5000.0 3400.0 8200.0 5200.0 6000.0 3000.0 6600.0 7000.0 7000.0 6400.0 6000.0
0.0 4600.0 6000.0 8000.0 7200.0 7800.0 4000.0 6000.0 6400.0 6800.0 5800.0 5800.0 6800.0 6600.0 4800.0 5600.0 5800.0 7400.0 6400.0 4000.0 4000.0 7000.0 5000.0 6200.0 4600.0 5000.0 8200.0 5800.0 4600.0 1600.0 5000.0 6600.0 5200.0 200.0 4800.0 7800.0 8600.0 6800.0 4400.0 4400.0 6600.0 7400.0 4800.0 6600.0 5600.0 4800.0 7200.0 1400.0 7200.0 0.0 6000.0 5000.0 6000.0 5800.0 6600.0 5800.0 5400.0 6400.0 4600.0 6800.0 4600.0 5200.0 7000.0 5800.0 7200.0 6400.0 6000.0 6000.0 4400.0 3200.0 6600.0 5800.0 5200.0 7600.0 6800.0 5200.0 5600.0 9000.0 4400.0 7400.0 2600.0
0.0 3600.0 2600.0 10800.0 6600.0 7000.0 5400.0 3000.0 4800.0 5800.0 4600.0 7400.0 5800.0 6600.0 5400.0 5400.0 3800.0 7600.0 7200.0 3800.0 4800.0 5600.0 5400.0 5800.0 6200.0 2600.0 7200.0 5000.0 5400.0 4200.0 4800.0 7600.0 6000.0 4200.0 8600.0 5000.0 3000.0 7400.0 4200.0 5400.0 4400.0 5000.0 4200.0 2600.0 4800.0 7000.0 6200.0 5200.0 1400.0 4000.0 0.0 6400.0 5400.0 6800.0 6400.0 4800.0 5400.0 5400.0 3800.0 8000.0 8200.0 6800.0 6000.0 7000.0 6400.0 5400.0 7600.0 5000.0 3600.0 3000.0 6200.0 4600.0 8200.0 6600.0 5800.0 4400.0 5200.0 7000.0 6200.0 7600.0 4200.0
0.0 3200.0 3800.0 7800.0 4000.0 7800.0 5000.0 5800.0 3400.0 7800.0 3200.0 6800.0 7800.0 5600.0 4800.0 5400.0 4800.0 2400.0 5200.0 5000.0 5200.0 4200.0 4800.0 1400.0 5600.0 3800.0 6400.0 5800.0 5600.0 2600.0 5400.0 6200.0 6400.0 1400.0 3600.0 7800.0 6000.0 6400.0 5400.0 5200.0 3000.0 6200.0 6000.0 5400.0 5600.0 4800.0 5600.0 2400.0 6000.0 1200.0 5000.0 0.0 6400.0 6600.0 6200.0 4200.0 4800.0 6600.0 3200.0 7800.0 5800.0 2400.0 5400.0 6000.0 6000.0 6600.0 7200.0 4400.0 5600.0 4400.0 5000.0 5200.0 6200.0 7000.0 3000.0 5600.0 6800.0 9200.0 5600.0 8000.0 3800.0
0.0 3000.0 2000.0 10600.0 1200.0 7200.0 2400.0 4400.0 4800.0 5200.0 4400.0 2600.0 3800.0 4600.0 4800.0 7000.0 3000.0 5200.0 7000.0 5400.0 3600.0 5400.0 4800.0 5200.0 1400.0 2000.0 5000.0 4200.0 4200.0 4800.0 6400.0 6200.0 5800.0 4000.0 8600.0 7600.0 3800.0 7800.0 5800.0 5200.0 4400.0 2800.0 5200.0 5400.0 5800.0 5600.0 3800.0 2600.0 6400.0 6400.0 5200.0 5600.0 0.0 6400.0 6200.0 4200.0 4800.0 5800.0 3000.0 3600.0 5400.0 6200.0 5400.0 6000.0 5800.0 3400.0 4600.0 4400.0 3000.0 2800.0 4600.0 5000.0 10000.0 6800.0 5200.0 3600.0 4400.0 7600.0 5200.0 7000.0 6600.0
0.0 4800.0 6000.0 9000.0 5400.0 6800.0 4200.0 4000.0 4200.0 7000.0 2600.0 6800.0 7000.0 5000.0 6600.0 4000.0 2600.0 7400.0 6600.0 2400.0 4600.0 5000.0 5000.0 6400.0 5400.0 1400.0 8400.0 6200.0 5000.0 5200.0 3400.0 7000.0 5200.0 5400.0 8600.0 9400.0 6800.0 8000.0 2800.0 5600.0 3800.0 3800.0 5200.0 7000.0 5800.0 5800.0 6200.0 1600.0 5800.0 6200.0 4400.0 5200.0 4200.0 0.0 5800.0 6000.0 5000.0 5000.0 4800.0 7800.0 6800.0 6400.0 7200.0 6800.0 7600.0 4200.0 6400.0 5600.0 4800.0 2400.0 5600.0 5200.0 10200.0 7200.0 7000.0 3200.0 7600.0 7000.0 4800.0 8400.0 7600.0
0.0 5200.0 2800.0 10400.0 3400.0 8200.0 4600.0 5400.0 4400.0 7000.0 4000.0 4800.0 6000.0 6400.0 6800.0 8000.0 4000.0 5000.0 1000.0 6400.0 5200.0 5000.0 6000.0 2200.0 3600.0 2800.0 7200.0 5600.0 3200.0 6600.0 7200.0 7000.0 5600.0 6000.0 8000.0 6600.0 5800.0 5800.0 6800.0 5800.0 3800.0 5000.0 5600.0 4200.0 6200.0 5000.0 6000.0 4600.0 7200.0 7000.0 5800.0 6600.0 2200.0 7200.0 0.0 6200.0 6000.0 7000.0 5200.0 5800.0 7600.0 6800.0 6400.0 6000.0 7800.0 5400.0 6600.0 5600.0 5000.0 3800.0 5800.0 6200.0 4400.0 8000.0 3800.0 1200.0 6400.0 8400.0 6800.0 8000.0 5600.0
0.0 3600.0 4000.0 8800.0 5800.0 6000.0 5400.0 4400.0 5000.0 7200.0 4400.0 4200.0 7400.0 5600.0 600.0 5600.0 2600.0 3400.0 3400.0 4800.0 5200.0 2800.0 1000.0 4400.0 5200.0 2200.0 5000.0 3600.0 2200.0 3800.0 5800.0 3400.0 6000.0 2400.0 4600.0 6400.0 4400.0 4000.0 4400.0 1200.0 4600.0 4600.0 2800.0 4200.0 3400.0 3800.0 4400.0 3600.0 2800.0 2400.0 1600.0 5200.0 4600.0 2400.0 2600.0 0.0 1000.0 5200.0 1800.0 6600.0 6800.0 5000.0 4200.0 5000.0 5000.0 4800.0 4200.0 3200.0 5000.0 3000.0 4200.0 1200.0 6200.0 3200.0 6000.0 3600.0 6600.0 7000.0 4800.0 4000.0 4800.0
0.0 2600.0 3200.0 10200.0 4800.0 6000.0 4400.0 3600.0 5400.0 6400.0 5000.0 5600.0 6400.0 7200.0 3600.0 4600.0 4200.0 5600.0 2400.0 4400.0 5400.0 5800.0 200.0 3800.0 4400.0 3200.0 7000.0 2800.0 4000.0 4200.0 5400.0 5200.0 6400.0 4600.0 5000.0 5600.0 3600.0 3000.0 3400.0 3000.0 5000.0 5600.0 1800.0 3200.0 2400.0 5800.0 5000.0 4600.0 2000.0 4600.0 600.0 6000.0 3600.0 4400.0 1600.0 3200.0 0.0 5800.0 2800.0 6800.0 7400.0 5200.0 5000.0 6800.0 7000.0 6000.0 3400.0 3800.0 4200.0 3600.0 3400.0 400.0 5400.0 2200.0 5400.0 2800.0 5600.0 6600.0 4000.0 3400.0 4800.0
0.0 3400.0 4800.0 11000.0 6400.0 8800.0 2800.0 3000.0 5400.0 5600.0 5600.0 7200.0 5600.0 6400.0 4400.0 2600.0 3600.0 7200.0 5800.0 4000.0 6200.0 4800.0 3600.0 5600.0 6000.0 3800.0 7000.0 5800.0 5600.0 4400.0 5000.0 7200.0 5200.0 4400.0 8400.0 8000.0 6600.0 6600.0 1400.0 4800.0 5600.0 5200.0 5200.0 5600.0 5800.0 6800.0 1200.0 2800.0 5400.0 5800.0 4200.0 6200.0 5800.0 5600.0 5000.0 4600.0 3600.0 0.0 3400.0 8200.0 5400.0 3000.0 5800.0 8000.0 6000.0 5800.0 5000.0 4800.0 3200.0 4400.0 6600.0 3800.0 8800.0 5600.0 5600.0 5400.0 3200.0 8200.0 6000.0 7000.0 2800.0
0.0 3400.0 2600.0 9200.0 6400.0 7000.0 3800.0 4400.0 4400.0 5400.0 2800.0 5200.0 5600.0 5200.0 1800.0 6000.0 3600.0 4600.0 4000.0 5200.0 4800.0 3800.0 1800.0 5400.0 6200.0 2600.0 6000.0 4400.0 3200.0 4600.0 5400.0 4400.0 5800.0 3600.0 5800.0 4600.0 5000.0 4800.0 4800.0 2200.0 4000.0 5000.0 3400.0 2400.0 4000.0 5000.0 2600.0 3800.0 3400.0 3400.0 2200.0 6200.0 5400.0 3600.0 3200.0 1200.0 1800.0 3400.0 0.0 4800.0 5200.0 3200.0 2400.0 6200.0 6000.0 5400.0 5000.0 1400.0 3200.0 3600.0 5000.0 2000.0 7000.0 3800.0 5400.0 4400.0 6000.0 6600.0 5600.0 5000.0 3800.0
0.0 5000.0 6400.0 11000.0 6600.0 5400.0 7800.0 5200.0 5400.0 9600.0 5200.0 7800.0 8400.0 7600.0 6600.0 7800.0 3800.0 8600.0 7800.0 6000.0 5800.0 6200.0 6800.0 7600.0 6600.0 2600.0 10200.0 7800.0 6200.0 6400.0 7000.0 8200.0 6400.0 7000.0 9800.0 9600.0 7800.0 9600.0 6400.0 6800.0 5000.0 5000.0 8200.0 7200.0 7600.0 5800.0 7600.0 6800.0 8000.0 6800.0 7000.0 6400.0 5400.0 7200.0 7000.0 6200.0 6600.0 8400.0 5000.0 0.0 9800.0 7600.0 7400.0 7000.0 10400.0 5400.0 9800.0 6400.0 8200.0 3600.0 6600.0 7000.0 10800.0 8800.0 6200.0 4400.0 9000.0 6800.0 9000.0 10000.0 8600.0
0.0 6200.0 4400.0 11000.0 4400.0 8400.0 5600.0 4200.0 7200.0 7200.0 5600.0 3400.0 4600.0 5400.0 7600.0 6800.0 5600.0 7000.0 8400.0 5200.0 4000.0 7200.0 6800.0 8400.0 2200.0 4400.0 8200.0 5000.0 4600.0 5600.0 6200.0 9400.0 7000.0 7200.0 9400.0 8800.0 7800.0 10200.0 5600.0 7200.0 6800.0 6400.0 8000.0 6400.0 8600.0 6400.0 7600.0 5600.0 6800.0 9200.0 5600.0 8200.0 7200.0 8600.0 7600.0 7200.0 7200.0 6600.0 6200.0 4600.0 0.0 9200.0 7200.0 7400.0 8800.0 3800.0 7600.0 7000.0 6000.0 5400.0 4600.0 7400.0 10800.0 9200.0 8200.0 6200.0 1000.0 9000.0 6200.0 9600.0 6600.0
0.0 8600.0 8600.0 11000.0 7600.0 7800.0 8400.0 5800.0 6600.0 10600.0 6400.0 7800.0 9000.0 8800.0 9000.0 8200.0 8000.0 8400.0 7600.0 6600.0 6000.0 3200.0 7600.0 7600.0 6600.0 8600.0 11000.0 9000.0 6400.0 1600.0 7600.0 8800.0 6200.0 9200.0 11000.0 7800.0 4800.0 11000.0 7000.0 6400.0 6200.0 8000.0 9400.0 9400.0 8800.0 8200.0 5800.0 6400.0 9000.0 9200.0 8200.0 10400.0 6800.0 7800.0 6800.0 8400.0 8400.0 9200.0 7200.0 8800.0 7200.0 0.0 9400.0 9400.0 11000.0 6000.0 6400.0 8000.0 8400.0 3200.0 5600.0 8800.0 11000.0 10600.0 9400.0 7800.0 7600.0 9000.0 8000.0 10000.0 7600.0
0.0 4200.0 5600.0 7800.0 5800.0 9200.0 7000.0 7000.0 6000.0 6400.0 5600.0 6200.0 6400.0 7200.0 5800.0 8400.0 3600.0 8600.0 6000.0 8000.0 6200.0 5000.0 3800.0 6400.0 5000.0 4600.0 7800.0 6400.0 5400.0 6600.0 8200.0 6600.0 4000.0 5200.0 8600.0 8800.0 4200.0 6800.0 7200.0 4400.0 5600.0 7000.0 5400.0 6400.0 6000.0 6800.0 1600.0 6400.0 5600.0 7400.0 4400.0 6200.0 4600.0 5600.0 5200.0 5400.0 3800.0 6400.0 4200.0 7400.0 2800.0 7200.0 0.0 8000.0 6800.0 6000.0 7000.0 4400.0 4000.0 5600.0 7000.0 4000.0 9000.0 5800.0 6400.0 6400.0 3800.0 8200.0 7600.0 7000.0 8000.0
0.0 5600.0 7000.0 9800.0 6600.0 9200.0 6600.0 6400.0 6600.0 7800.0 5000.0 8000.0 7800.0 7400.0 7400.0 6400.0 5000.0 9800.0 7000.0 4800.0 5400.0 6400.0 4600.0 7800.0 6800.0 3800.0 9200.0 6600.0 6000.0 7600.0 4000.0 9400.0 6800.0 6600.0 9400.0 7400.0 8000.0 7600.0 5200.0 7200.0 6200.0 6200.0 6400.0 7800.0 6200.0 5800.0 3000.0 4200.0 6400.0 8600.0 5200.0 7600.0 5400.0 2600.0 6200.0 6800.0 4600.0 3800.0 5600.0 5200.0 7400.0 6600.0 5800.0 0.0 8400.0 5200.0 8000.0 1800.0 5600.0 4800.0 6400.0 4800.0 9800.0 6800.0 7800.0 4400.0 7000.0 9400.0 7200.0 8000.0 6600.0
0.0 3200.0 4600.0 7200.0 8400.0 8800.0 6800.0 7000.0 1600.0 8600.0 4200.0 8200.0 7800.0 6600.0 5000.0 7400.0 5400.0 2600.0 7200.0 5800.0 6800.0 5200.0 5000.0 7400.0 7000.0 4400.0 6400.0 6000.0 4800.0 6400.0 6800.0 7200.0 7200.0 5000.0 8400.0 7800.0 7000.0 8000.0 6200.0 5400.0 4000.0 6800.0 6600.0 5400.0 6600.0 6400.0 4000.0 5600.0 6600.0 4800.0 5400.0 6600.0 7200.0 6600.0 6400.0 4400.0 5000.0 5000.0 3200.0 6400.0 8400.0 6200.0 5600.0 7600.0 0.0 7200.0 8200.0 2800.0 6400.0 4400.0 6000.0 5200.0 8600.0 7000.0 8600.0 6200.0 8000.0 9200.0 7200.0 8200.0 2000.0
0.0 5200.0 5000.0 9800.0 8000.0 4600.0 4600.0 4800.0 5600.0 7200.0 6000.0 7600.0 4800.0 4400.0 4600.0 4400.0 5600.0 7000.0 7400.0 5600.0 400.0 6600.0 5200.0 7000.0 6400.0 5000.0 8800.0 5000.0 1000.0 4800.0 6600.0 7000.0 6400.0 6200.0 5800.0 7200.0 5000.0 8200.0 6000.0 5000.0 5800.0 7000.0 6200.0 4800.0 6800.0 2600.0 5000.0 4600.0 7200.0 6200.0 5800.0 8200.0 7200.0 6200.0 6800.0 6200.0 5200.0 6400.0 5200.0 5600.0 6400.0 8200.0 3600.0 3800.0 7800.0 0.0 5600.0 5400.0 5000.0 3600.0 1400.0 5600.0 7600.0 7400.0 7200.0 6800.0 5000.0 6000.0 6200.0 6400.0 3400.0
0.0 5600.0 3800.0 8200.0 3800.0 7600.0 5000.0 6200.0 3400.0 7800.0 3200.0 2400.0 3600.0 4400.0 7400.0 6800.0 4800.0 5800.0 6800.0 7200.0 3400.0 3200.0 5600.0 1400.0 1200.0 3800.0 7600.0 3800.0 4000.0 4600.0 8200.0 6200.0 7600.0 4000.0 8400.0 3200.0 4800.0 6200.0 6800.0 7800.0 3000.0 6200.0 6200.0 7200.0 5600.0 5200.0 6000.0 5000.0 6200.0 6200.0 4800.0 7400.0 6400.0 8800.0 7200.0 6800.0 6000.0 5400.0 5600.0 3400.0 5200.0 5800.0 5400.0 6400.0 8400.0 3200.0 0.0 4800.0 5600.0 4600.0 4400.0 6400.0 6600.0 7000.0 3000.0 5400.0 4200.0 4000.0 5000.0 8800.0 6200.0
0.0 4000.0 5400.0 11000.0 7000.0 8800.0 4800.0 5000.0 6600.0 6000.0 6200.0 8400.0 6200.0 5800.0 5600.0 4600.0 3600.0 8400.0 5200.0 6000.0 4800.0 4800.0 3000.0 6200.0 7200.0 3800.0 7600.0 5600.0 5200.0 6400.0 7000.0 7800.0 5200.0 5000.0 7800.0 8400.0 6400.0 6000.0 3400.0 5400.0 6200.0 6200.0 4600.0 6000.0 5200.0 4000.0 1200.0 2800.0 4800.0 7400.0 3600.0 6200.0 5800.0 5600.0 4400.0 5000.0 3000.0 2200.0 4000.0 3600.0 7400.0 5000.0 6200.0 5200.0 6600.0 4400.0 6200.0 0.0 3800.0 4800.0 5600.0 3200.0 8200.0 5000.0 6000.0 5400.0 5200.0 8200.0 6000.0 6400.0 4800.0
0.0 200.0 1600.0 7800.0 3200.0 6000.0 3800.0 3200.0 2800.0 2400.0 2400.0 5400.0 2400.0 3200.0 1800.0 5600.0 1800.0 4600.0 4200.0 4000.0 3800.0 3400.0 2000.0 2400.0 4600.0 600.0 3800.0 2800.0 3400.0 2600.0 4200.0 4600.0 4400.0 1200.0 5800.0 4800.0 5200.0 4800.0 4400.0 2400.0 2400.0 3000.0 3600.0 2400.0 4200.0 4000.0 2800.0 2400.0 3600.0 3600.0 2200.0 3400.0 3400.0 3600.0 3400.0 1400.0 2000.0 3600.0 200.0 5000.0 5400.0 3200.0 2600.0 5200.0 2800.0 3400.0 5200.0 1600.0 0.0 1600.0 4200.0 2200.0 7200.0 4000.0 2400.0 2400.0 3000.0 6200.0 3800.0 5200.0 4000.0
0.0 5800.0 5600.0 10600.0 4400.0 4600.0 5600.0 7000.0 7800.0 8400.0 6800.0 4600.0 5800.0 6600.0 5800.0 6600.0 4800.0 5200.0 4400.0 7000.0 2800.0 7800.0 5400.0 5800.0 3400.0 5600.0 8200.0 5800.0 3200.0 3000.0 8000.0 5600.0 3000.0 6200.0 8200.0 8600.0 7200.0 8200.0 7400.0 3400.0 7400.0 6400.0 6800.0 6400.0 7600.0 5000.0 6600.0 3200.0 5800.0 6000.0 5800.0 7400.0 3600.0 4600.0 3600.0 5200.0 5200.0 7400.0 4000.0 5600.0 7400.0 6800.0 6400.0 6200.0 8800.0 5400.0 7800.0 5400.0 6200.0 0.0 6600.0 5600.0 8000.0 7400.0 7400.0 4800.0 6400.0 6000.0 6400.0 8000.0 5800.0
0.0 7200.0 6400.0 9600.0 8800.0 9000.0 7200.0 7400.0 9200.0 6400.0 9000.0 9000.0 8000.0 8400.0 7200.0 7000.0 7400.0 9600.0 7600.0 8200.0 7200.0 9400.0 8000.0 9000.0 7800.0 6400.0 10800.0 8200.0 4800.0 6400.0 9200.0 5800.0 7400.0 5200.0 9600.0 8600.0 10600.0 10800.0 8600.0 7600.0 8800.0 8800.0 7600.0 6200.0 8200.0 6600.0 9600.0 6200.0 9000.0 5000.0 7600.0 9800.0 8000.0 9000.0 8000.0 8200.0 8000.0 9000.0 7200.0 10000.0 8600.0 10000.0 9400.0 7800.0 9800.0 9200.0 9200.0 8400.0 7000.0 4400.0 0.0 8200.0 10000.0 10000.0 9200.0 7000.0 8200.0 9200.0 8400.0 10200.0 2000.0
0.0 5200.0 2800.0 10400.0 4600.0 5800.0 4600.0 3200.0 5000.0 7000.0 4800.0 5400.0 6600.0 7200.0 3400.0 4400.0 4000.0 5400.0 6200.0 4200.0 5200.0 5600.0 3800.0 4400.0 4200.0 2800.0 7800.0 3400.0 3800.0 3800.0 5000.0 5000.0 6200.0 5200.0 7400.0 6200.0 3200.0 2800.0 3200.0 2600.0 4600.0 5400.0 3600.0 5800.0 3000.0 5400.0 5600.0 4600.0 1800.0 5200.0 3600.0 5600.0 3400.0 4000.0 5400.0 2800.0 3800.0 6400.0 3400.0 6400.0 7200.0 6600.0 5800.0 6600.0 6800.0 5600.0 3200.0 4400.0 5000.0 3200.0 6600.0 0.0 5000.0 2000.0 6000.0 4600.0 7200.0 6200.0 4200.0 3200.0 7200.0
0.0 5600.0 7000.0 11000.0 8600.0 11000.0 5000.0 5200.0 7600.0 7800.0 7400.0 9400.0 7800.0 8600.0 7400.0 4800.0 5800.0 10200.0 8200.0 6200.0 8400.0 6800.0 5800.0 7800.0 8200.0 6000.0 9200.0 7200.0 8600.0 7800.0 7200.0 9800.0 7200.0 6600.0 10600.0 10200.0 8600.0 8800.0 3600.0 7600.0 7800.0 7400.0 6400.0 8000.0 7000.0 7600.0 3400.0 2800.0 7600.0 9000.0 6400.0 8400.0 8000.0 7600.0 7400.0 6800.0 5800.0 8600.0 5600.0 10400.0 7600.0 8000.0 8000.0 7000.0 8400.0 8000.0 7200.0 7000.0 5600.0 6600.0 9000.0 6000.0 0.0 7800.0 7800.0 7600.0 8400.0 7000.0 6000.0 9200.0 9400.0
0.0 3400.0 3400.0 8800.0 2800.0 5600.0 2800.0 3000.0 5200.0 5400.0 4200.0 4000.0 5400.0 6000.0 5000.0 2600.0 4400.0 3600.0 5600.0 3800.0 5200.0 6600.0 3400.0 5600.0 2800.0 3400.0 6400.0 1600.0 4000.0 5800.0 4800.0 7800.0 6200.0 4400.0 8400.0 8000.0 5200.0 1000.0 1400.0 5600.0 5600.0 4200.0 1800.0 5600.0 1200.0 5800.0 3800.0 2800.0 5400.0 6800.0 4000.0 6600.0 1600.0 6800.0 4800.0 4600.0 3600.0 4600.0 3400.0 5200.0 5400.0 5000.0 5400.0 7000.0 6000.0 4800.0 4800.0 2600.0 3200.0 3200.0 6200.0 3800.0 3200.0 0.0 5400.0 5200.0 5800.0 6800.0 2600.0 6800.0 6200.0
0.0 2800.0 4200.0 6600.0 1000.0 4800.0 2200.0 4800.0 600.0 4800.0 200.0 5600.0 5000.0 2600.0 4400.0 6400.0 4200.0 7200.0 6800.0 4800.0 6200.0 1200.0 4400.0 5000.0 4400.0 3200.0 4800.0 3000.0 5400.0 3200.0 5600.0 3200.0 6800.0 3800.0 8400.0 7000.0 3000.0 5400.0 5200.0 4800.0 200.0 5600.0 3200.0 4600.0 2600.0 3600.0 3000.0 2200.0 3400.0 6000.0 2000.0 6000.0 4800.0 6200.0 6000.0 3800.0 4400.0 3800.0 2800.0 5200.0 5000.0 3000.0 5000.0 4600.0 5400.0 6000.0 4200.0 1800.0 2600.0 4000.0 2000.0 4200.0 5600.0 6200.0 0.0 5000.0 5400.0 6200.0 4000.0 7400.0 4000.0
0.0 4000.0 2800.0 10600.0 2200.0 8200.0 3400.0 5400.0 5600.0 6200.0 4400.0 3600.0 4800.0 5600.0 5600.0 8000.0 4000.0 6200.0 7200.0 6400.0 4600.0 6400.0 5000.0 6200.0 2400.0 2800.0 6000.0 4600.0 5200.0 5800.0 7400.0 7200.0 6600.0 5000.0 9600.0 8600.0 4800.0 7800.0 6800.0 6200.0 5200.0 3800.0 6000.0 6200.0 6800.0 6400.0 4800.0 3600.0 6800.0 7400.0 5400.0 6600.0 1000.0 7400.0 6400.0 5200.0 5000.0 6600.0 4000.0 4600.0 6400.0 7000.0 6200.0 7000.0 6600.0 4400.0 5600.0 5400.0 4000.0 3800.0 5600.0 5200.0 10000.0 7000.0 6200.0 0.0 5400.0 8600.0 5800.0 8000.0 7400.0
0.0 6600.0 3400.0 11000.0 7400.0 7400.0 6000.0 3200.0 6200.0 7600.0 4600.0 6400.0 7400.0 7000.0 6600.0 5800.0 4600.0 9000.0 7400.0 4200.0 3000.0 7000.0 6400.0 8400.0 5200.0 3400.0 10200.0 7800.0 3600.0 7200.0 5200.0 8600.0 6000.0 7600.0 8400.0 9800.0 6800.0 9600.0 4600.0 6200.0 5800.0 5400.0 8400.0 7400.0 8400.0 5400.0 7800.0 6000.0 7800.0 8200.0 6400.0 7200.0 6200.0 7600.0 6600.0 7600.0 6600.0 6600.0 6600.0 7600.0 8600.0 8400.0 6200.0 6400.0 9200.0 2800.0 8000.0 7600.0 6400.0 4400.0 3600.0 7000.0 10200.0 8800.0 8600.0 5200.0 0.0 8400.0 8800.0 8600.0 5600.0
0.0 4200.0 1400.0 10200.0 5400.0 6800.0 6600.0 4000.0 4200.0 5600.0 4000.0 5000.0 6200.0 5000.0 5800.0 6400.0 2600.0 7400.0 6600.0 4800.0 3600.0 5000.0 6000.0 6400.0 3800.0 1400.0 5600.0 5600.0 4200.0 5200.0 5800.0 7000.0 5200.0 5200.0 8600.0 5600.0 6600.0 8800.0 5200.0 5600.0 3800.0 3800.0 4600.0 3200.0 5200.0 3200.0 6800.0 5600.0 7200.0 6200.0 5800.0 5200.0 4200.0 6800.0 5800.0 5400.0 5800.0 6000.0 4200.0 6200.0 7200.0 6400.0 6600.0 4400.0 6800.0 4200.0 8600.0 5600.0 4000.0 2400.0 5400.0 6200.0 7600.0 8000.0 6400.0 3200.0 6800.0 0.0 6800.0 6400.0 4600.0
0.0 3200.0 4200.0 7800.0 5600.0 6200.0 5000.0 4600.0 5400.0 7400.0 1600.0 6600.0 7400.0 4000.0 4600.0 5600.0 4200.0 6600.0 3000.0 5400.0 6400.0 6000.0 800.0 4400.0 5400.0 4200.0 8000.0 3800.0 5000.0 5200.0 5800.0 6200.0 7400.0 5600.0 6000.0 6600.0 4600.0 4000.0 4400.0 4000.0 4800.0 6600.0 2800.0 4200.0 3400.0 4800.0 5800.0 5200.0 3000.0 5600.0 1600.0 6600.0 4400.0 5400.0 2200.0 4200.0 1200.0 6600.0 3400.0 7200.0 6200.0 5800.0 5600.0 6000.0 6200.0 6600.0 4400.0 4600.0 5200.0 4600.0 4000.0 1400.0 6400.0 3200.0 6000.0 3400.0 6600.0 7600.0 0.0 4400.0 3600.0
0.0 5600.0 6200.0 10400.0 6400.0 7000.0 7600.0 8200.0 6000.0 10200.0 5600.0 7000.0 8200.0 8000.0 7200.0 7800.0 7000.0 5000.0 4400.0 7600.0 5200.0 6600.0 7400.0 3800.0 5800.0 6200.0 8800.0 8000.0 5600.0 800.0 7800.0 7800.0 5400.0 3800.0 6000.0 7000.0 8400.0 8800.0 8000.0 5600.0 5600.0 8600.0 8400.0 7800.0 8000.0 7200.0 8200.0 4800.0 8000.0 3600.0 7400.0 2600.0 6000.0 7000.0 6000.0 6800.0 7200.0 9000.0 5600.0 8000.0 8200.0 4400.0 8000.0 8400.0 8400.0 7600.0 5600.0 7000.0 8000.0 2400.0 7400.0 7600.0 8600.0 9400.0 5400.0 7000.0 6600.0 8200.0 8000.0 0.0 6200.0
0.0 5200.0 4400.0 10800.0 6800.0 7000.0 6800.0 7000.0 7200.0 7200.0 7000.0 7000.0 7400.0 6400.0 5200.0 8400.0 5600.0 7600.0 6800.0 6800.0 5200.0 7400.0 6800.0 7400.0 5800.0 4400.0 8800.0 6600.0 2800.0 4400.0 7800.0 8000.0 5400.0 3200.0 7600.0 6600.0 8600.0 9600.0 7200.0 5600.0 6800.0 6800.0 5600.0 4200.0 6200.0 4600.0 7600.0 4200.0 7000.0 3000.0 5600.0 7800.0 6000.0 7000.0 6000.0 6200.0 6800.0 7000.0 5200.0 8000.0 7400.0 8200.0 7400.0 5800.0 7800.0 7200.0 7600.0 6400.0 5000.0 2400.0 8400.0 7200.0 8000.0 9000.0 7200.0 5000.0 6200.0 7200.0 7400.0 9400.0 0.0
