100 5
1710 10584 6 1
1411 10880 2 1
450 15120 9 10
414 23000 6 4
114 12293 3 3
680 17900 10 5
1350 12996 9 1
1632 20376 8 9
1150 19750 6 8
1720 19920 7 8
1485 12270 5 3
1656 17020 7 10
1116 16272 10 9
1190 16779 3 1
1104 12464 6 10
1260 10800 10 1
1520 15979 5 2
1328 15872 5 4
640 13552 10 5
672 13952 3 5
1037 16286 2 5
1394 12138 6 9
306 14365 2 4
255 14670 1 4
195 13335 6 8
252 17532 9 10
231 15750 1 1
1500 11790 7 8
714 12054 1 6
1500 17975 5 4
1540 21692 8 8
752 12128 3 5
1100 16214 3 9
528 13408 5 10
1680 16980 6 2
703 13680 7 10
945 19110 1 5
1656 12150 2 7
1722 13797 2 9
1426 17457 7 2
1416 24528 7 1
2024 23667 1 7
75 15275 3 7
1958 14058 5 9
570 18449 2 6
50 20800 2 3
552 17520 2 3
115 18630 10 2
1600 20175 10 9
323 14739 8 3
924 21882 4 8
1900 14075 2 1
1683 15385 9 7
588 13314 10 9
560 12960 8 10
285 8655 1 3
1992 16944 1 2
264 24984 7 7
722 19551 1 3
570 14580 1 4
1978 21505 8 4
1472 13064 9 1
493 14127 5 3
1975 14825 8 6
57 13053 3 9
1460 20680 10 4
1335 14835 6 9
1300 23575 4 7
135 8790 7 9
1280 17260 3 3
1344 12789 8 8
1518 20152 9 9
2136 24120 7 10
1536 13552 5 3
2016 13896 10 1
380 18400 2 5
1360 18920 5 10
644 13846 2 3
2178 13706 4 1
192 9472 1 10
705 8310 4 2
308 12012 7 2
1332 18972 4 5
1540 16940 2 3
1700 15560 3 6
1776 22968 8 3
1020 16400 3 4
120 15792 5 8
1767 17575 9 2
486 10386 7 8
966 15732 6 7
280 14360 8 9
1474 18700 9 2
1121 10640 4 2
1701 17934 5 1
629 13515 9 9
1273 16739 6 3
1518 15620 2 3
651 15666 9 4
275 14275 1 9
SETUP
0 980 740 460 760 780 520 720 800 620 520 580 380 540 540 580 560 980 520 740 600 520 880 580 720 500 600 740 640 740 420 340 320 440 580 760 560 640 840 640 160 660 700 600 860 540 640 420 520 440 560 900 440 400 740 540 540 620 580 700 960 680 640 420 580 440 580 600 420 600 680 620 540 580 300 540 640 760 560 560 720 720 880 620 520 600 840 500 580 520 720 740 760 460 340 300 660 480 780 820 640
0 0 560 380 300 680 460 260 700 580 440 480 300 300 440 640 660 960 440 680 520 500 120 560 540 440 500 360 720 640 460 500 500 360 640 700 340 600 740 620 560 400 540 720 500 600 900 360 420 580 580 440 500 480 540 280 560 520 480 600 720 300 640 320 480 400 540 520 340 580 620 580 440 340 260 500 540 280 320 540 620 640 580 540 420 500 620 580 500 300 340 640 700 520 260 520 420 380 460 740 440
0 920 0 400 500 780 720 460 740 640 460 580 320 280 460 660 680 960 480 800 560 580 680 600 780 700 520 480 840 680 480 480 640 380 500 400 540 700 640 780 480 380 400 500 720 640 860 620 440 560 620 640 540 460 680 460 760 540 580 640 820 520 860 340 520 660 700 540 360 660 820 620 460 320 640 760 580 480 280 560 720 680 760 420 520 540 780 700 520 460 700 680 940 560 460 740 580 420 720 760 420
0 900 620 0 700 800 740 780 780 660 720 600 660 680 80 620 860 600 400 720 500 520 560 500 840 600 680 700 780 580 700 640 360 640 740 960 460 640 520 400 560 700 640 740 540 480 640 640 640 740 480 840 560 720 740 660 600 160 640 820 1040 760 700 660 780 680 620 160 580 600 900 560 500 320 700 780 620 820 620 520 740 840 760 300 620 560 920 640 540 560 680 600 860 580 640 900 580 440 780 760 380
0 520 700 440 0 480 500 440 800 480 560 420 420 520 500 480 560 840 500 740 580 520 640 420 760 480 440 720 760 360 360 340 220 480 540 600 60 520 600 660 640 620 440 520 700 400 660 400 360 440 420 160 300 560 240 500 460 600 340 520 900 500 540 380 560 420 400 580 340 600 620 480 500 420 340 520 440 460 400 500 540 560 760 400 340 620 340 620 540 20 660 580 740 320 280 240 620 520 740 700 640
0 860 1040 860 1000 0 840 960 1040 760 920 780 780 780 940 960 940 1040 800 1020 900 900 960 780 1040 820 800 980 1020 1040 940 720 700 840 960 1040 880 980 1040 940 540 900 900 1040 1040 760 1040 760 740 820 760 1040 660 960 860 920 920 1020 780 980 1040 1000 980 800 920 780 1040 1000 720 980 1040 900 600 820 940 880 860 980 800 1020 920 940 1040 840 720 1000 1040 880 640 740 1040 960 1040 680 980 960 1040 880 1040 1040 860
0 520 300 260 420 380 0 540 300 480 440 180 300 440 320 640 400 740 340 580 420 360 460 520 640 320 200 500 580 460 400 180 520 360 400 260 60 140 420 640 640 400 300 480 440 480 520 340 120 280 500 560 380 440 360 440 380 420 180 500 880 360 480 320 80 360 500 400 340 440 720 300 320 400 220 460 260 320 380 480 320 340 360 240 120 460 480 460 380 140 620 360 580 400 380 660 480 400 700 740 320
0 560 440 420 60 520 540 0 640 520 480 460 340 400 380 520 600 880 420 440 320 260 640 480 760 520 480 600 600 400 400 400 260 400 580 640 100 560 600 600 620 520 480 560 260 440 700 440 400 480 460 200 340 580 300 380 320 460 380 420 820 60 400 360 420 460 440 560 260 340 380 480 480 380 380 520 440 40 360 300 600 600 700 440 400 560 380 660 540 60 480 620 780 360 20 280 320 440 680 580 380
0 440 520 280 500 460 320 560 0 300 480 260 460 520 360 660 480 680 420 580 440 440 520 260 600 300 280 380 580 560 500 280 580 400 480 460 360 200 480 380 640 280 380 560 400 240 680 240 220 360 240 600 140 440 440 520 80 440 260 760 620 600 180 500 400 260 660 420 500 440 660 380 400 420 380 300 340 580 380 440 400 420 620 320 200 540 660 460 380 220 520 440 580 160 520 640 560 440 520 520 480
0 720 620 500 740 620 600 700 900 0 660 440 560 520 580 920 840 1020 240 280 340 360 480 420 860 600 500 500 600 380 680 660 860 580 660 860 260 740 440 200 800 640 560 540 600 740 840 520 500 720 740 740 640 700 580 720 800 660 640 700 1040 420 380 600 680 540 780 600 600 440 800 660 600 560 620 640 620 400 540 640 560 840 780 700 700 380 760 480 660 360 620 720 860 660 440 700 680 560 820 740 600
0 580 520 240 400 360 400 520 280 320 0 160 280 360 300 500 380 700 300 560 400 340 460 240 620 280 180 480 560 440 40 160 480 340 380 580 440 260 420 520 620 380 280 460 540 320 580 300 100 260 340 540 220 420 340 420 360 380 160 580 860 340 460 300 60 340 480 380 320 420 500 260 160 380 200 440 220 300 360 220 300 300 500 200 100 380 460 440 220 100 400 340 560 240 140 640 460 380 680 620 300
0 540 700 80 360 200 400 500 700 420 480 0 400 380 160 700 560 660 480 700 560 580 620 460 820 340 140 540 620 400 500 460 440 400 520 660 420 540 580 480 620 480 420 300 420 420 680 420 80 540 440 500 320 460 300 540 680 240 460 720 920 540 660 440 480 440 680 220 440 660 720 240 260 400 400 560 200 520 380 420 140 500 360 380 400 400 700 480 320 80 580 300 600 340 500 600 620 440 800 720 260
0 620 540 100 400 500 420 340 420 320 160 300 0 180 160 360 520 680 160 480 260 280 600 280 480 400 220 360 540 480 180 300 440 80 440 420 440 400 560 480 380 280 420 600 600 320 720 320 140 400 300 540 220 340 380 160 500 240 300 320 580 400 560 40 200 340 600 240 60 360 640 300 160 200 340 440 260 380 180 360 440 460 600 340 240 220 600 400 220 140 520 360 640 240 300 620 280 100 400 440 320
0 660 580 120 220 500 460 180 460 360 200 320 60 0 200 400 420 700 200 520 300 320 620 320 520 440 260 220 580 520 220 200 440 120 440 460 280 440 580 520 280 120 420 420 440 360 720 360 180 300 340 380 260 180 420 200 500 280 300 360 560 240 580 80 240 380 420 260 100 400 540 340 200 40 380 480 300 220 20 300 440 420 480 360 240 260 520 440 260 180 440 400 680 280 200 460 320 140 440 500 140
0 820 800 640 720 740 680 760 960 580 780 620 660 600 0 900 780 520 420 740 500 520 880 560 780 520 600 620 780 500 620 580 640 700 800 920 720 820 820 780 480 620 700 680 760 580 580 580 560 660 600 840 480 660 680 800 880 100 560 960 1040 820 820 680 740 600 560 780 700 600 920 600 420 260 780 700 540 800 600 460 740 760 700 620 540 480 940 660 480 560 620 760 780 500 580 840 880 360 1040 880 300
0 600 600 380 440 500 420 520 420 320 140 300 400 340 440 0 520 740 220 540 300 320 600 280 760 400 220 360 580 480 180 300 440 60 520 660 460 400 560 520 280 460 420 600 680 320 720 320 140 400 340 580 220 520 360 540 500 520 300 660 900 480 560 420 200 340 620 520 440 400 640 300 160 60 340 440 260 440 360 360 440 440 600 340 240 220 600 460 220 140 440 360 640 240 280 660 600 100 780 620 440
0 800 720 460 360 580 440 320 740 360 560 400 420 380 160 600 0 680 340 620 420 460 440 380 860 440 380 400 700 180 520 400 500 480 20 700 420 580 660 560 400 500 520 360 580 360 720 360 340 480 380 500 260 560 460 580 620 260 380 720 940 320 440 460 520 380 660 600 460 520 680 360 200 180 540 480 320 340 160 340 520 540 740 440 320 260 680 580 260 340 520 540 660 280 340 520 100 140 780 660 460
0 980 820 720 800 220 540 760 800 700 520 640 760 720 540 1020 860 0 720 700 200 820 940 300 980 520 580 720 540 700 560 640 840 440 540 780 580 680 900 680 740 700 440 880 780 700 520 440 520 720 720 940 600 640 740 900 740 640 640 720 1040 820 560 800 580 460 700 860 800 840 1020 680 540 620 720 580 640 780 600 680 780 800 780 680 580 580 620 400 600 520 480 740 780 620 660 1040 620 480 1040 1000 540
0 740 400 280 560 400 380 600 680 600 420 200 600 580 340 900 700 860 0 340 100 120 800 200 640 360 340 640 380 600 460 500 640 340 440 620 420 520 760 680 700 680 340 500 620 600 880 280 260 580 620 700 500 500 500 720 580 440 480 560 920 480 680 620 460 320 560 420 640 200 840 440 440 460 580 420 400 460 440 520 340 680 560 540 480 500 540 240 480 280 400 500 620 520 500 800 520 380 720 900 380
0 1000 580 600 660 620 760 620 760 800 680 680 540 500 460 880 880 980 500 0 400 360 740 700 880 740 680 700 700 960 700 680 700 600 880 920 720 760 680 860 700 600 780 920 360 780 840 660 620 760 780 800 680 680 840 480 640 540 660 860 920 160 720 560 580 680 800 740 580 440 520 560 640 480 700 800 520 120 440 400 800 820 800 720 600 700 840 740 680 620 560 840 1000 580 180 900 400 580 920 640 480
0 860 820 520 680 640 520 800 800 680 720 460 660 620 600 1000 660 1000 600 840 0 620 760 600 1020 580 400 760 680 740 760 460 820 640 680 760 560 620 700 600 880 660 560 740 680 580 860 660 400 540 600 820 580 700 620 800 880 680 440 900 1020 780 900 680 600 700 1000 660 620 700 1000 560 500 660 720 800 520 820 620 720 580 600 600 500 380 720 440 720 560 400 300 620 840 600 800 920 760 680 1040 820 700
0 940 740 320 620 840 780 760 820 940 800 700 660 620 400 940 600 900 520 220 620 0 680 680 520 500 720 820 780 780 840 380 680 720 600 880 580 860 640 720 840 740 820 820 520 660 780 700 640 480 660 760 800 640 760 600 840 480 380 620 1040 360 940 700 600 720 940 460 700 80 720 580 780 620 740 820 680 340 580 560 840 860 440 420 640 860 960 660 840 640 720 880 780 760 380 740 620 740 620 860 640
0 780 460 260 560 660 360 520 600 500 320 480 180 340 340 540 680 840 340 660 420 460 0 460 420 340 380 260 620 660 340 480 620 240 600 580 400 500 680 660 560 460 600 760 560 500 800 260 320 560 480 500 400 460 540 320 680 420 460 500 760 580 720 220 380 280 440 400 220 520 800 480 340 380 140 400 440 540 360 540 620 620 480 520 420 400 700 480 380 320 700 540 600 420 460 660 460 280 360 620 480
0 700 720 460 520 580 440 540 500 400 240 380 480 440 380 720 600 820 460 680 560 560 660 0 840 420 300 440 700 420 260 380 560 160 240 680 480 480 640 600 640 540 140 580 760 400 800 340 220 480 420 660 300 540 460 620 580 480 380 740 980 540 640 500 280 360 700 600 520 640 720 380 240 400 420 480 340 520 380 460 520 540 700 440 320 320 680 560 300 220 600 460 680 320 380 740 320 200 880 700 540
0 520 580 220 320 400 440 280 340 460 300 200 140 100 280 500 420 760 300 600 400 380 520 420 0 340 220 320 620 480 320 220 540 220 420 560 60 520 460 620 380 220 320 500 540 460 620 360 160 300 440 460 360 280 380 100 400 360 200 460 520 340 500 180 100 380 520 360 200 460 620 320 300 140 240 480 280 320 120 400 340 360 560 260 140 360 500 480 360 160 540 380 600 340 280 240 220 240 540 580 240
0 800 580 460 300 580 280 260 580 460 580 380 440 500 300 660 600 820 280 460 360 380 680 420 740 0 400 700 280 400 600 380 500 500 600 540 320 420 640 660 340 600 500 560 520 400 620 200 320 460 400 440 300 140 260 580 480 380 380 480 760 320 580 460 360 220 460 600 480 460 620 480 300 120 360 320 440 280 80 440 520 480 640 420 320 580 480 160 360 320 500 540 280 320 280 540 560 540 840 700 280
0 740 680 360 460 520 380 420 620 300 340 320 280 240 420 620 540 740 340 560 440 460 560 320 740 200 0 440 480 600 380 320 440 260 540 620 380 520 580 480 500 340 440 620 480 300 720 280 260 420 300 600 200 320 380 420 680 500 320 600 780 460 520 300 400 320 660 500 320 540 700 440 120 280 480 420 380 440 240 520 460 360 400 360 260 420 660 360 180 260 660 500 480 220 420 700 560 300 680 580 380
0 1020 920 660 840 800 660 920 940 580 720 600 580 740 700 920 820 1040 740 840 160 780 480 640 900 680 540 0 680 840 740 600 960 640 820 920 700 780 440 740 940 820 720 900 820 620 1020 620 540 680 620 240 520 820 720 720 880 780 600 900 780 920 840 600 740 640 900 740 620 860 1040 700 660 780 620 740 660 940 740 720 740 740 740 640 540 740 580 840 720 500 440 780 500 540 860 1040 860 680 820 740 860
0 840 820 640 740 740 680 780 880 600 600 620 660 620 20 780 740 540 420 700 520 540 780 380 720 540 620 640 0 520 640 580 660 520 620 580 560 820 740 500 500 640 520 680 520 600 580 600 580 620 600 860 500 680 700 640 200 100 580 980 720 840 300 700 660 620 580 780 700 560 940 600 440 280 780 420 560 800 620 460 760 780 720 620 560 500 920 660 480 580 620 760 800 520 600 700 700 380 640 880 320
0 900 780 520 680 740 740 640 940 760 760 540 620 600 600 760 760 640 600 920 280 720 540 660 920 680 560 800 780 0 460 540 880 680 760 840 720 880 500 820 820 720 660 180 620 760 960 640 480 640 760 820 660 620 440 600 940 680 540 580 1020 680 980 480 780 680 820 660 660 800 720 660 600 640 540 780 620 660 620 600 680 700 860 600 480 820 700 660 640 500 560 720 940 680 380 340 720 720 840 820 720
0 740 680 400 500 520 380 500 680 300 440 340 360 320 480 460 540 740 360 580 440 460 640 220 840 360 360 520 640 620 0 340 440 360 440 640 420 520 600 500 600 440 340 620 720 300 740 300 280 420 320 640 200 500 400 520 680 560 320 680 880 540 520 400 460 320 740 360 400 540 720 380 140 360 480 420 320 520 340 200 460 480 660 380 260 520 740 520 180 280 360 500 620 220 520 740 540 400 760 600 280
0 860 660 500 580 720 460 520 760 580 560 540 420 580 380 700 220 880 540 400 580 180 640 540 580 440 480 600 460 400 580 0 420 480 240 700 500 480 760 740 560 680 680 560 700 580 940 360 400 100 540 720 480 580 440 560 660 460 560 620 900 340 640 440 540 400 640 640 360 260 700 560 400 380 520 500 520 520 360 560 660 740 620 600 520 480 660 320 460 400 440 620 700 500 360 720 320 360 780 860 460
0 880 820 640 500 620 680 800 680 580 420 560 660 620 700 280 780 860 480 740 560 600 820 560 760 660 480 620 840 720 440 560 0 340 780 620 560 660 780 540 540 720 680 860 560 580 980 580 400 660 600 640 480 780 640 680 240 620 560 920 760 400 340 680 460 600 880 780 700 600 760 560 420 320 600 460 520 700 620 600 700 720 860 620 500 500 820 720 480 400 680 640 900 500 420 740 800 380 680 880 640
0 560 600 320 380 440 360 460 360 260 100 240 340 280 380 580 460 680 320 540 400 420 540 220 700 340 160 300 620 420 120 240 400 0 460 600 400 340 500 460 560 400 360 540 620 260 660 260 80 340 280 520 160 460 320 480 440 460 240 600 840 420 500 360 140 280 560 460 380 500 580 240 100 320 280 380 200 380 300 300 380 400 540 280 180 160 540 480 160 80 460 300 580 180 220 600 540 40 720 560 380
0 840 700 500 340 620 480 300 720 640 640 420 600 560 160 600 640 660 320 640 420 440 420 460 840 480 440 680 700 180 520 440 540 540 0 720 400 620 660 800 400 640 540 340 560 640 720 400 380 520 660 480 540 600 520 680 600 240 420 720 920 300 420 620 560 420 700 640 560 520 660 500 480 160 560 520 460 340 140 340 560 540 780 480 360 620 680 560 540 360 500 600 740 320 320 500 100 500 760 880 440
0 940 880 600 580 720 580 520 880 560 660 520 520 580 660 860 720 940 640 840 700 700 740 520 860 560 540 780 840 440 680 520 700 580 720 0 620 420 680 760 820 680 640 620 440 500 680 480 460 620 500 720 400 700 340 560 840 760 520 800 700 580 720 540 660 520 720 740 520 760 900 640 660 600 440 620 600 560 560 480 660 680 360 580 460 740 900 700 700 120 640 700 820 420 540 780 680 620 900 780 540
0 480 880 600 540 420 580 500 820 560 660 520 520 680 660 860 740 940 520 680 620 480 580 520 860 560 540 840 840 440 680 520 700 580 740 680 0 720 780 720 600 740 640 620 760 500 600 480 460 620 500 680 400 700 340 660 800 760 520 460 1040 560 720 540 660 520 720 740 560 540 860 440 660 360 440 620 400 520 340 800 660 680 860 580 460 720 560 700 700 120 760 700 820 420 520 780 780 600 900 780 780
0 1020 780 580 660 720 680 620 920 660 640 520 500 520 460 660 300 980 640 880 720 680 320 680 740 620 660 580 560 480 660 500 380 560 320 900 720 0 280 860 700 620 800 660 380 660 980 580 600 580 680 800 560 680 580 500 620 540 500 820 920 620 720 520 700 600 740 720 540 760 980 580 500 480 460 700 540 640 440 420 620 840 800 540 620 560 980 760 540 340 580 820 880 580 640 820 400 440 680 600 480
0 780 500 300 520 440 400 480 640 520 360 260 220 380 380 580 440 820 360 600 460 400 60 480 460 340 380 300 560 400 400 220 640 280 440 620 440 540 0 700 600 500 600 500 600 460 700 300 320 320 460 540 360 480 300 380 720 460 220 540 800 540 680 260 420 340 480 440 260 480 840 480 380 420 200 440 440 520 400 580 340 620 520 260 420 440 740 500 420 60 640 540 620 380 500 700 500 320 400 320 460
0 520 420 320 560 440 420 520 720 580 460 240 380 340 380 720 680 820 40 380 140 160 280 240 680 400 300 320 420 180 480 460 680 380 480 660 60 560 240 0 600 440 380 360 660 540 640 320 300 540 560 540 440 520 380 520 620 480 460 520 880 520 700 400 500 360 600 400 420 240 880 480 420 380 420 460 420 480 340 560 380 640 580 500 520 180 560 280 480 160 420 540 660 460 520 520 560 420 640 560 420
0 980 780 700 660 780 500 720 800 740 580 680 620 760 500 440 420 1020 640 600 720 380 820 700 780 480 640 780 500 600 600 200 160 500 440 740 540 500 760 700 0 820 780 760 720 720 1000 400 560 300 740 800 620 620 620 760 400 600 660 680 920 540 500 640 580 440 680 840 560 460 900 580 580 480 700 540 680 700 560 640 800 740 820 720 600 660 700 360 620 560 620 800 740 640 560 900 520 540 840 1020 500
0 900 620 20 560 760 500 500 800 540 620 560 500 560 80 640 320 600 400 480 260 280 560 400 680 480 560 100 540 480 660 100 380 540 320 740 460 560 520 400 560 0 540 660 560 380 640 460 480 180 380 340 440 620 520 620 600 180 420 720 880 420 700 540 580 440 640 160 440 360 800 540 380 340 620 580 500 540 340 520 700 720 720 300 500 440 420 420 420 500 520 600 580 460 440 780 400 320 800 660 380
0 940 800 600 440 720 580 400 820 740 720 520 700 680 260 700 740 760 420 740 520 540 520 560 940 580 540 780 560 280 620 540 660 640 120 820 500 720 760 900 500 740 0 440 660 740 820 500 480 620 760 580 640 700 620 780 700 340 520 820 1020 400 520 720 660 520 560 740 660 620 760 600 580 260 660 620 560 440 240 440 660 640 880 580 460 740 780 660 640 460 600 700 840 420 420 600 200 620 860 980 540
0 800 680 640 620 700 620 740 920 680 700 580 540 580 640 900 760 480 700 780 660 720 380 660 800 600 400 620 620 660 720 540 820 600 780 860 660 760 340 880 860 700 680 0 440 640 980 520 340 640 640 760 580 660 560 560 820 720 540 800 1000 800 820 580 700 560 800 640 600 800 1040 500 520 620 520 660 460 780 600 480 660 740 800 600 660 660 820 480 580 340 640 560 860 600 760 860 700 640 720 640 560
0 660 700 260 340 560 400 320 600 500 340 360 180 140 320 540 560 840 340 660 440 460 380 440 660 380 360 360 600 620 360 340 560 260 580 600 400 440 340 520 420 260 480 560 0 500 780 320 280 440 420 480 400 320 520 140 620 400 360 500 560 380 600 220 380 340 560 400 240 540 680 220 340 180 400 440 180 360 160 40 500 520 520 420 300 400 660 540 400 280 220 500 660 240 340 580 260 280 580 620 120
0 600 760 440 540 540 460 560 540 440 260 420 360 460 420 560 500 860 480 640 580 480 460 40 820 440 320 460 540 440 280 420 580 180 280 700 140 500 420 620 660 560 180 600 700 0 720 360 260 380 20 680 340 580 460 520 620 500 400 580 940 580 660 400 320 400 540 580 400 520 420 420 260 420 440 400 380 560 400 480 520 560 680 460 340 340 680 580 320 240 380 480 700 360 400 760 360 220 760 300 560
0 1040 780 200 740 740 680 700 840 720 720 680 700 760 280 820 500 520 560 680 440 460 720 600 860 540 720 300 740 680 760 280 560 640 520 820 640 760 660 600 760 200 720 840 720 560 0 640 660 380 580 520 620 660 540 800 800 360 400 900 1040 620 900 720 600 620 820 340 640 540 980 720 560 520 620 780 680 720 520 720 820 860 660 460 640 620 600 600 620 660 720 780 780 640 640 940 600 500 980 860 560
0 620 400 360 380 480 100 340 400 400 540 280 400 360 380 740 460 780 360 540 440 440 560 360 560 80 300 560 360 480 500 260 580 460 480 340 140 240 520 600 420 480 400 580 540 340 600 0 220 340 340 520 240 220 340 540 480 460 280 540 640 380 560 420 180 40 540 500 440 520 700 380 380 200 320 140 340 360 160 480 420 420 460 320 220 560 440 240 220 220 580 460 360 260 340 600 560 500 800 620 320
0 480 740 420 300 600 460 420 700 360 420 400 340 320 500 680 500 620 420 640 520 540 580 400 760 280 80 460 560 340 440 400 500 340 460 600 360 600 660 560 580 420 360 520 540 360 800 360 0 480 380 440 260 400 240 480 740 480 400 660 860 480 600 360 480 380 620 560 380 620 780 180 200 340 340 480 140 460 320 580 400 420 480 440 340 340 620 420 260 20 720 240 540 280 440 540 540 380 740 660 460
0 860 560 420 480 640 380 440 680 480 480 440 340 500 280 640 140 800 460 300 500 100 560 460 620 360 500 520 380 320 500 480 360 400 140 620 420 400 660 640 460 600 600 480 620 480 860 280 440 0 440 620 380 480 340 480 560 380 460 540 820 260 560 360 440 300 540 560 260 180 620 500 320 300 440 400 440 420 280 480 580 640 540 520 440 380 560 240 380 440 340 660 620 400 260 640 240 260 680 780 360
0 680 740 480 540 600 440 560 520 420 240 400 500 440 400 560 620 840 480 640 560 580 680 20 860 440 320 460 700 420 280 400 560 160 260 700 500 500 660 620 640 560 160 600 780 420 820 360 240 500 0 680 320 560 460 640 600 480 400 760 1000 560 660 520 300 380 720 620 540 500 740 400 260 420 440 380 360 540 380 460 540 540 700 440 340 320 700 580 320 240 620 460 700 340 380 760 340 200 880 720 540
0 960 1040 780 640 1040 780 800 1040 900 840 940 700 860 840 1040 1040 1040 840 820 780 960 840 940 1040 620 620 640 900 1000 860 940 860 760 1040 1020 700 920 1040 1040 960 960 1040 1000 1040 900 1040 680 760 1020 920 0 800 740 620 840 920 920 940 1000 1040 860 1020 720 860 720 1000 920 740 1040 1040 520 740 720 700 820 480 820 700 1040 900 960 1020 860 880 500 980 760 800 660 1000 1000 880 820 820 880 960 780 1040 1040 880
0 560 500 220 380 340 200 420 500 180 360 140 420 380 280 660 360 540 280 440 320 320 440 140 640 180 160 460 460 420 380 140 560 280 360 440 240 340 400 360 520 360 260 440 540 100 560 100 80 240 120 520 0 320 320 560 580 360 140 640 740 480 340 440 280 140 640 360 460 400 520 240 280 280 400 240 200 460 260 540 280 280 480 180 80 420 540 320 320 80 480 320 440 20 440 620 440 320 780 400 400
0 1040 900 580 860 900 620 820 820 800 620 700 480 660 640 840 560 1040 620 740 700 520 940 760 820 600 660 840 800 740 660 700 800 540 580 860 660 760 900 660 860 760 820 900 1040 800 1040 520 580 440 780 1020 700 0 780 640 900 720 700 800 1040 680 980 520 600 560 700 720 520 600 1040 740 640 680 420 660 700 840 660 620 780 860 960 740 640 700 960 660 700 580 740 800 780 720 700 1040 660 580 880 920 800
0 760 600 260 240 660 300 200 600 500 320 480 180 340 340 540 680 840 300 620 400 420 700 460 520 300 380 540 560 580 340 460 440 240 600 560 300 440 640 660 500 460 600 700 460 500 820 220 320 560 480 380 400 420 0 320 500 420 480 500 760 260 600 220 380 240 380 400 220 500 560 480 340 260 100 340 440 220 240 500 620 620 660 440 420 400 560 440 380 260 660 540 560 420 220 480 460 280 580 620 480
0 660 600 140 240 520 460 200 480 380 200 320 60 20 200 420 440 720 220 540 320 340 640 340 540 460 280 220 600 540 240 220 440 120 440 460 300 460 580 540 300 140 440 440 460 380 740 380 200 320 360 380 280 200 420 0 500 280 320 380 440 260 460 100 260 400 440 280 100 420 560 360 220 60 400 500 320 240 40 320 460 440 500 380 260 280 540 460 280 200 460 420 700 300 220 480 140 160 460 500 160
0 820 720 520 540 640 500 620 800 480 620 460 480 440 600 580 560 620 340 500 440 460 580 440 520 500 480 600 700 480 660 460 740 540 560 380 360 640 540 300 720 560 580 640 320 420 740 420 400 420 440 680 320 600 520 440 0 380 440 800 540 640 100 520 580 440 860 660 520 380 800 520 580 480 600 220 480 620 460 360 580 600 720 500 380 480 720 580 320 400 440 620 680 340 440 560 580 580 440 720 400
0 740 720 600 640 660 580 700 880 500 700 520 560 520 660 820 740 440 320 660 420 440 840 480 700 560 520 540 700 820 540 540 560 620 720 840 620 720 800 700 400 640 620 820 920 500 480 500 480 620 500 760 400 700 600 720 800 0 520 880 1040 740 720 600 660 520 800 740 600 520 840 500 340 180 680 620 460 720 540 720 660 680 860 580 460 400 860 560 380 480 560 680 820 420 500 860 800 280 960 800 660
0 880 380 440 420 560 420 380 720 580 560 360 420 600 380 700 220 880 160 400 260 200 320 360 600 140 480 520 420 400 600 20 440 480 240 660 460 480 280 700 480 680 500 580 640 540 500 320 400 100 540 580 440 280 400 580 620 480 0 600 900 340 660 460 500 360 600 240 360 280 700 340 420 240 460 460 520 420 220 560 500 620 640 60 440 480 620 280 480 340 440 640 400 440 360 660 320 360 660 580 420
0 340 480 500 540 660 520 500 380 460 680 460 540 600 480 800 340 980 260 500 360 300 420 460 700 240 560 560 520 440 700 120 540 600 340 760 320 580 380 260 580 640 600 620 700 600 600 420 520 200 600 680 500 380 500 600 400 580 120 0 920 460 480 560 600 460 700 340 460 380 820 440 520 360 560 560 640 520 320 680 600 720 740 160 540 440 720 400 580 420 540 740 500 520 460 760 440 460 760 700 520
0 720 520 340 340 600 220 300 520 520 420 400 280 240 400 480 580 900 420 660 500 520 680 480 620 200 420 420 480 600 460 380 540 340 600 460 260 360 640 640 520 320 520 620 320 460 560 120 340 460 460 480 360 340 120 440 600 500 400 600 0 360 680 320 300 160 480 480 320 600 660 340 440 280 200 260 300 320 260 180 540 540 240 440 340 500 560 360 340 340 340 560 460 380 320 580 560 380 680 720 380
0 840 440 460 540 720 720 500 600 660 700 520 560 520 540 920 740 880 520 420 260 220 820 660 720 660 540 700 540 800 600 520 760 620 740 780 600 620 780 780 600 640 640 820 720 640 940 640 460 620 640 700 540 700 700 500 680 620 520 820 940 0 620 400 420 660 660 600 600 300 380 640 500 360 560 760 580 540 340 700 660 680 660 580 460 560 680 740 520 480 540 700 920 560 20 780 640 440 780 920 660
0 800 740 460 560 580 440 540 740 420 540 400 400 360 540 760 460 800 540 400 580 420 600 360 720 440 420 520 700 640 560 400 700 460 480 700 500 580 560 620 620 480 500 680 220 360 660 360 340 340 380 700 260 540 520 340 820 620 380 720 780 560 0 440 520 380 780 600 440 280 780 440 520 400 600 480 400 520 380 260 520 540 720 440 320 380 800 560 580 340 420 560 700 280 560 800 480 500 800 660 340
0 640 520 60 360 520 500 320 600 500 320 340 180 140 140 540 520 640 140 460 220 240 620 320 460 440 240 340 500 520 360 340 420 240 540 380 420 580 560 460 360 260 460 560 580 500 700 420 180 420 480 500 400 320 400 120 620 220 440 500 560 380 580 0 380 440 560 200 220 320 680 340 340 180 500 540 300 340 160 440 460 560 620 360 380 400 660 380 380 180 520 400 700 420 340 600 260 280 380 620 280
0 520 480 180 340 300 340 480 240 400 360 100 220 360 260 580 320 660 260 500 360 280 420 440 560 240 120 420 520 400 380 120 540 280 320 600 380 420 380 580 580 320 220 400 480 400 520 260 60 200 420 480 300 360 280 360 320 340 100 540 800 280 400 240 0 280 420 320 260 360 640 220 240 340 140 380 180 240 320 520 240 260 460 160 40 380 400 380 300 60 540 280 500 320 300 580 420 320 620 660 360
0 580 360 320 340 440 80 300 380 520 500 260 360 500 340 720 440 800 320 500 420 400 540 460 700 60 260 560 340 440 460 220 540 420 460 320 120 220 480 700 400 460 360 540 500 440 580 240 200 320 460 480 340 200 300 500 460 440 240 520 820 360 540 400 160 0 520 460 400 480 660 360 360 160 280 380 320 320 140 480 380 400 440 300 180 520 420 200 400 200 540 420 320 360 320 580 540 460 760 740 340
0 940 460 360 660 820 780 620 900 800 620 620 480 440 420 820 720 680 420 760 520 540 840 480 740 740 540 640 800 800 640 640 720 540 720 680 580 780 840 740 640 540 600 860 880 440 900 680 460 600 460 800 700 160 700 420 920 420 740 800 860 660 880 300 680 700 0 300 520 620 860 640 620 480 560 820 580 640 440 720 760 840 900 640 680 700 940 660 680 460 800 700 940 720 620 900 560 580 680 740 580
0 920 660 560 680 860 780 640 860 760 580 740 680 640 500 880 800 920 640 740 720 740 560 360 960 760 640 800 860 760 600 740 740 500 600 880 460 500 740 940 580 760 500 920 860 340 1040 680 580 700 340 840 660 820 800 620 940 580 720 920 1040 660 760 520 640 720 860 0 720 620 760 740 600 500 700 720 700 680 480 800 760 880 1000 780 660 660 1000 880 640 560 700 460 1000 660 660 920 440 540 880 620 780
0 600 620 160 460 560 480 420 500 400 220 360 80 240 220 420 580 740 220 560 320 340 660 280 500 460 280 420 600 540 240 380 520 140 500 480 520 460 620 540 440 340 420 660 680 400 780 380 200 460 260 600 300 420 440 220 560 320 360 280 560 480 620 100 260 420 660 300 0 420 700 380 220 280 400 520 320 440 240 440 500 520 680 420 300 300 660 460 280 220 580 440 700 320 360 700 360 180 420 520 380
0 860 660 240 620 760 700 680 740 860 720 620 580 540 320 860 520 820 440 140 540 480 600 640 440 420 640 740 700 700 760 300 600 640 520 960 500 780 560 640 760 660 740 860 480 720 780 620 560 400 720 780 720 560 680 520 780 400 300 540 960 280 860 620 520 640 860 380 620 0 660 500 700 540 660 740 660 260 500 520 760 780 920 340 560 780 900 580 760 580 700 800 700 720 300 660 540 660 960 780 600
0 980 800 640 740 760 520 740 820 540 680 560 600 560 520 700 700 920 580 680 620 580 860 440 960 500 580 760 520 840 240 560 680 580 680 760 560 660 820 720 820 660 580 860 580 540 980 420 500 660 540 880 440 620 620 700 700 500 560 700 1040 380 760 620 580 440 680 600 640 660 0 600 360 600 720 540 560 340 560 440 700 720 880 620 500 640 700 380 420 520 600 740 760 460 400 960 620 520 1000 820 500
0 660 780 560 140 600 480 560 780 600 660 540 540 560 480 600 680 860 420 740 520 540 760 560 880 520 340 720 800 480 500 480 340 580 660 720 180 620 740 780 780 660 560 660 800 520 780 520 260 560 540 280 440 640 380 620 580 560 460 640 1020 620 660 500 560 560 520 700 480 620 760 0 440 540 460 660 380 600 520 620 640 680 720 520 480 580 460 660 500 140 780 480 800 440 400 380 740 620 880 620 700
0 620 560 280 420 400 260 380 560 180 380 200 240 200 340 580 420 620 220 440 320 340 500 200 700 240 220 400 520 480 400 200 320 300 420 500 300 400 460 360 460 300 320 500 600 180 620 160 140 300 180 560 80 380 260 380 560 440 200 560 740 420 400 260 340 200 620 420 280 420 600 320 0 240 360 300 260 400 200 500 340 360 540 260 140 460 600 380 60 160 540 380 500 100 400 660 500 340 640 460 340
0 820 540 440 640 560 540 760 820 700 540 360 680 660 500 660 620 960 160 500 260 280 720 320 800 520 420 720 540 680 560 420 400 460 540 780 580 680 660 700 240 620 440 660 780 700 740 440 360 500 720 780 600 660 580 820 640 600 400 720 1040 640 720 720 580 480 720 580 720 360 1000 520 540 0 680 580 480 600 600 560 500 560 700 460 340 620 700 400 600 360 400 580 780 620 660 880 640 500 880 980 540
0 680 500 180 480 580 220 420 500 400 220 380 80 260 240 440 580 760 220 540 300 340 680 360 420 200 300 440 480 560 260 360 520 140 500 460 260 360 620 560 460 360 500 680 640 400 720 120 220 460 380 600 300 340 440 240 580 320 380 400 660 480 640 120 280 160 300 320 120 400 720 380 240 280 0 260 340 460 260 440 520 520 580 420 320 300 560 340 300 220 600 440 460 320 360 660 360 180 480 520 400
0 660 580 300 320 440 300 400 600 280 420 240 280 240 380 620 460 640 380 540 420 420 540 240 740 280 260 440 560 520 440 240 540 340 460 540 340 440 500 460 500 340 360 540 640 200 660 200 180 320 220 460 100 400 300 420 680 460 240 580 780 460 440 300 380 220 660 440 320 500 580 340 380 260 400 0 300 440 240 340 380 380 580 280 180 500 640 420 100 180 500 400 460 120 240 560 540 380 680 500 200
0 480 740 300 180 640 440 560 640 540 360 500 220 380 380 560 720 880 380 700 460 480 600 500 660 420 380 580 700 520 380 500 380 280 640 620 240 580 760 700 580 500 600 520 820 540 820 360 300 600 520 320 440 560 420 360 620 460 500 540 800 620 720 240 420 380 520 440 260 560 800 60 380 420 240 480 0 580 400 580 640 640 760 540 440 440 500 580 420 200 720 520 700 460 460 420 500 320 620 660 520
0 880 460 500 540 760 640 500 640 680 560 560 420 380 340 760 760 860 380 400 280 240 620 580 760 620 580 580 580 840 580 560 580 480 780 800 600 640 580 740 580 480 680 800 240 660 720 540 500 640 660 680 560 560 720 360 520 440 540 740 800 40 620 440 460 580 680 640 460 320 400 460 520 360 580 680 400 0 340 280 700 700 680 600 480 580 720 620 560 500 440 720 880 480 60 780 280 460 800 860 360
0 720 580 380 220 500 560 180 820 600 560 300 480 440 440 680 520 840 200 520 280 300 600 340 820 420 320 620 560 560 580 300 420 480 520 800 280 700 560 720 260 520 420 600 440 600 720 480 240 400 600 360 500 560 460 560 480 520 300 580 980 240 580 520 600 500 620 520 440 380 540 400 440 40 560 600 360 200 0 480 440 400 640 340 240 580 540 440 480 240 420 480 700 520 200 460 480 520 860 740 560
0 620 700 400 300 520 580 620 760 600 480 320 340 440 480 700 540 840 480 720 580 500 640 400 780 460 320 640 560 580 520 340 520 400 540 740 360 720 580 480 700 540 440 620 540 600 740 480 240 420 400 460 500 420 480 420 740 560 320 660 860 660 820 380 540 500 660 540 380 580 920 180 440 480 360 620 140 640 460 0 460 480 480 380 260 560 640 600 480 240 180 460 720 520 580 540 560 440 740 780 580
0 880 820 460 580 580 780 880 780 680 760 600 620 720 540 900 760 640 660 940 700 720 540 580 960 720 560 540 780 800 780 540 640 680 760 1020 640 900 500 620 980 460 720 160 600 580 1000 680 480 640 600 660 660 500 720 700 860 620 600 940 1040 820 860 640 560 700 920 600 660 800 860 460 680 740 640 780 400 800 720 280 0 740 740 640 540 800 860 640 640 500 440 720 980 660 840 820 820 720 880 740 120
0 920 660 480 720 800 560 740 720 580 460 600 400 560 540 740 820 900 540 860 620 660 220 600 640 540 520 480 820 780 480 600 680 380 820 800 600 700 760 780 760 660 720 440 760 580 1020 460 440 700 600 700 480 680 580 540 680 640 600 700 980 780 780 420 500 500 640 620 440 740 940 600 420 600 360 600 540 740 560 680 740 0 680 660 540 480 900 680 480 440 780 680 800 500 600 860 680 360 560 840 700
0 720 740 340 420 640 480 400 680 580 400 440 260 220 400 620 620 840 420 740 500 520 460 520 740 460 420 420 680 700 420 420 620 320 640 660 480 520 420 540 480 320 560 400 80 580 340 380 360 500 500 560 480 400 580 200 700 480 440 580 640 460 660 300 460 420 640 480 300 600 760 300 420 260 480 520 240 420 240 120 580 460 0 480 380 480 740 600 460 360 280 580 720 320 420 660 340 360 660 700 200
0 840 340 380 400 500 480 700 780 700 520 300 440 600 460 780 640 840 120 440 200 220 260 300 680 460 440 520 480 620 560 440 600 440 540 720 460 580 220 780 660 620 440 560 720 660 440 380 380 520 680 540 560 600 500 580 680 540 420 540 1020 580 780 460 560 420 660 520 480 300 940 280 540 420 400 520 500 560 540 640 440 780 660 0 580 600 640 340 600 280 500 600 720 580 600 640 620 480 620 540 480
0 480 440 140 300 280 460 440 700 380 440 80 340 320 220 700 280 620 220 460 320 260 380 400 660 200 100 380 480 360 460 80 500 360 300 600 360 540 340 540 540 300 200 360 500 380 480 360 20 160 380 460 280 340 240 500 680 300 60 660 880 400 600 380 480 400 620 280 400 340 760 180 220 300 340 500 140 460 280 480 220 220 420 120 0 340 640 340 260 20 500 240 460 300 420 540 380 380 720 640 320
0 860 800 380 580 640 500 540 720 420 440 440 300 360 460 640 660 840 460 680 300 560 620 440 760 320 120 140 600 720 460 440 560 360 660 700 500 640 560 600 620 460 560 740 560 420 840 400 380 540 420 380 320 440 500 440 800 540 440 620 880 580 640 320 500 440 660 520 340 640 820 540 240 400 380 540 500 560 360 600 580 480 520 480 380 0 720 480 300 380 500 620 600 340 540 820 580 400 700 700 500
0 760 380 440 440 560 420 380 720 580 580 360 420 580 380 700 240 880 160 400 260 200 320 360 600 140 360 520 420 400 600 20 440 500 240 660 460 200 280 620 480 680 500 580 560 540 500 320 280 100 540 580 440 280 400 580 620 480 20 600 580 340 660 460 500 360 600 240 360 280 720 340 420 260 460 460 400 420 220 560 500 620 640 60 440 480 0 280 480 280 440 520 400 440 360 660 320 360 660 580 420
0 640 440 380 420 520 140 380 440 440 580 320 440 400 160 780 500 660 380 320 480 480 600 400 600 120 340 560 140 520 540 300 620 500 520 380 180 280 560 580 460 460 440 620 580 380 640 40 260 380 380 560 280 260 380 580 340 240 320 320 680 420 440 460 220 80 320 540 480 560 700 420 420 240 360 180 380 400 200 300 460 460 500 360 260 580 340 0 260 260 460 480 380 300 380 640 600 520 780 660 140
0 560 500 220 360 340 200 320 500 180 320 160 180 140 300 540 360 560 300 460 340 340 460 140 660 200 180 340 460 440 360 160 560 240 380 460 260 340 420 380 420 260 280 440 540 120 560 120 100 240 140 500 20 320 220 340 580 380 140 500 700 380 360 220 280 140 560 360 220 420 540 260 280 180 300 240 220 340 160 440 280 300 500 200 80 400 560 340 0 100 480 320 440 40 340 600 460 280 580 420 280
0 840 780 500 460 620 480 420 780 460 540 420 400 580 560 760 640 840 540 720 600 600 720 420 740 460 440 740 740 340 580 420 580 460 640 580 520 620 680 640 720 640 540 520 680 400 840 380 360 520 400 600 300 600 240 560 720 640 420 720 980 480 620 440 560 420 620 640 440 680 780 540 560 500 320 520 480 460 460 720 560 580 760 460 360 620 800 600 600 0 760 600 720 320 440 680 680 500 800 680 680
0 580 540 240 400 360 560 520 800 460 520 160 440 400 300 780 380 720 320 560 400 340 460 480 740 300 180 480 400 440 540 160 580 440 380 680 360 640 420 300 620 380 280 460 380 460 580 460 100 260 480 540 360 420 340 500 600 400 160 740 940 500 680 460 580 480 720 380 480 420 860 280 300 400 440 580 220 560 380 420 300 320 320 220 100 440 720 440 360 120 0 340 560 380 520 640 460 480 820 740 420
0 980 940 680 580 680 720 540 960 740 840 660 820 760 380 820 880 460 560 840 500 660 660 680 940 700 680 780 680 400 740 660 780 760 240 940 620 860 800 940 620 680 140 480 800 740 740 620 600 740 760 720 640 820 740 880 840 260 660 940 1040 540 640 840 800 660 700 820 800 740 900 640 580 400 800 760 700 560 360 560 320 760 1000 700 600 640 880 780 640 580 720 0 960 560 540 740 320 520 1000 1040 440
0 580 520 240 400 360 220 460 520 200 380 160 440 420 200 700 380 580 320 480 340 320 480 160 680 200 180 440 200 440 420 180 580 300 340 460 260 360 420 400 540 380 240 460 560 140 580 120 120 260 140 540 40 340 340 580 400 300 160 660 760 500 360 460 300 160 660 380 480 400 560 280 300 320 440 260 240 480 280 560 300 320 520 220 100 320 560 340 340 120 500 340 0 60 460 640 420 340 820 420 420
0 680 480 420 440 540 180 400 480 480 420 360 460 440 460 820 540 860 420 600 300 500 640 440 620 160 380 620 440 540 440 340 660 340 560 420 220 320 600 660 500 540 480 640 600 420 680 80 300 420 420 580 320 300 420 620 560 540 340 620 720 460 640 500 260 120 620 560 500 580 760 460 420 260 380 220 420 440 240 540 480 500 540 400 280 500 520 300 300 300 580 520 420 0 420 680 640 380 860 700 400
0 920 420 440 740 700 720 700 640 640 700 500 560 520 520 920 720 860 520 840 600 620 820 660 820 640 520 680 860 780 580 520 780 620 720 760 760 700 760 760 740 640 620 800 880 640 920 640 460 600 640 880 540 700 680 500 700 600 500 880 940 680 800 380 400 660 640 580 600 700 360 620 480 560 540 760 580 640 540 780 640 660 860 560 440 540 800 720 520 460 840 680 900 560 0 980 640 420 760 940 660
0 780 460 200 500 640 520 460 660 420 460 460 320 280 260 600 660 780 260 600 360 380 740 340 580 500 380 480 640 640 140 460 560 380 580 500 440 640 700 600 480 380 480 700 720 420 840 420 300 540 440 640 320 460 520 260 740 360 440 640 700 520 660 140 440 440 680 340 360 460 400 440 260 320 580 540 400 480 280 260 580 600 720 480 380 540 780 500 320 320 420 540 740 340 40 0 400 420 520 720 400
0 760 620 420 260 540 400 220 700 640 600 340 520 480 60 740 560 580 240 560 340 360 640 380 840 380 360 660 600 560 440 340 460 520 560 620 320 540 600 760 320 560 460 640 480 640 640 320 280 440 640 400 540 520 440 600 520 160 340 640 840 220 340 560 480 340 620 560 480 440 580 460 480 80 540 440 400 240 60 400 480 460 680 400 280 540 600 480 520 280 460 520 660 240 240 500 0 420 900 780 360
0 660 600 320 360 460 320 420 620 220 440 260 300 260 400 640 480 660 280 500 380 400 560 260 760 300 240 260 580 540 460 260 380 360 480 560 360 460 520 420 520 360 380 540 660 220 680 220 200 340 240 500 120 420 320 440 600 480 260 600 800 480 460 320 400 240 520 460 340 480 640 240 60 280 420 360 200 460 260 540 400 400 600 300 200 140 660 440 120 200 420 400 540 140 440 600 560 0 700 520 400
0 600 640 300 400 480 520 360 400 540 360 280 220 180 360 580 500 640 380 660 460 460 580 500 80 400 300 380 680 560 380 280 540 280 500 620 140 600 540 680 380 280 400 580 620 540 700 420 220 360 520 540 440 160 460 160 480 440 280 540 600 420 580 240 180 460 600 440 260 540 660 320 380 220 320 560 280 380 200 480 420 420 620 320 220 440 560 540 420 220 600 440 660 400 360 320 300 320 0 660 320
0 600 600 380 420 520 380 560 680 360 480 320 340 440 260 680 540 720 460 620 500 500 160 320 580 360 220 420 260 480 500 320 640 400 540 620 420 520 120 540 700 540 440 400 400 280 720 280 140 400 300 560 180 480 360 480 440 360 320 660 760 620 520 360 440 300 400 520 380 580 700 300 320 460 300 400 260 580 440 440 240 460 600 360 260 460 720 500 380 140 620 360 620 200 580 660 620 440 500 0 360
0 760 840 340 460 680 700 780 660 560 640 480 500 600 420 840 640 920 540 820 580 600 780 560 840 600 480 440 720 680 660 420 660 560 660 900 520 840 740 500 860 340 600 780 700 640 900 620 400 520 540 560 540 380 620 580 740 500 480 820 1020 720 840 520 440 640 800 480 540 680 740 340 580 640 520 660 300 680 600 160 620 620 620 520 420 680 740 740 520 400 320 620 880 540 720 700 720 600 760 920 0
