100 4
2136 19920 8 4
1800 9300 2 3
960 16440 8 10
912 15580 2 7
1547 11934 7 6
1050 16485 10 7
15 8340 2 4
792 11528 2 8
2125 11650 9 2
80 22580 7 10
1584 21318 6 7
672 9240 9 8
782 26013 4 8
1178 15713 2 2
390 8415 6 1
247 19209 1 1
1260 21980 2 8
1225 24650 8 8
198 9636 8 9
260 9900 4 7
756 8757 5 5
500 16080 9 4
816 11509 8 2
1320 15026 4 2
345 25047 4 9
1760 11340 6 9
2000 12350 3 3
1748 12084 1 10
38 21565 5 2
225 26000 5 7
1679 25484 9 4
1309 11577 2 10
1743 13272 7 5
792 19818 6 7
1782 12386 2 5
1750 10500 6 3
1134 19872 10 5
1900 20300 10 3
361 17233 8 7
816 13632 9 3
1166 9262 9 7
585 16545 8 10
1302 15309 3 5
1025 24200 10 1
1533 20664 2 9
1104 15456 4 9
2160 14544 9 2
483 23142 2 8
768 6288 2 1
1430 16126 10 10
989 13685 1 1
1125 28125 2 10
400 15216 1 3
990 13650 8 6
1290 8115 7 6
1776 12960 6 10
1078 13596 8 4
992 15808 5 3
1495 24978 10 8
1536 15392 5 10
198 20196 6 7
880 12520 3 7
612 7074 6 10
204 10064 1 8
84 17556 6 4
690 14235 3 10
1666 18615 10 7
1054 8585 8 9
1368 26496 7 4
1056 7968 2 10
288 17532 9 9
684 9747 3 3
1095 13920 6 1
777 16380 9 3
1794 24817 2 8
819 19971 6 4
1702 25737 5 10
288 11502 2 7
1587 14628 9 10
209 10165 8 3
220 17460 8 7
800 18075 10 5
1850 13525 1 2
51 16337 7 8
1620 20196 9 9
1376 8432 4 6
935 6494 7 9
440 17180 10 6
840 20349 8 4
198 19272 6 10
720 17856 3 9
1152 21456 3 8
456 25632 7 8
944 14032 10 5
1656 11268 10 4
1520 10944 2 10
833 15368 9 1
1656 16859 10 1
1272 13752 2 4
672 12512 7 8
SETUP
0 500 60 380 440 440 360 500 400 560 460 500 340 680 240 480 280 440 540 420 260 360 680 200 500 560 500 620 660 560 340 420 480 400 720 200 320 460 360 500 600 400 600 520 80 640 540 540 480 620 460 460 640 260 340 560 680 420 480 680 540 280 160 340 680 440 300 440 380 620 560 480 460 600 120 300 560 180 280 560 140 340 480 460 380 660 480 420 760 500 540 340 580 480 520 340 540 560 160 360 480
0 0 600 660 560 620 440 640 640 340 640 680 820 440 520 500 620 460 640 560 340 760 520 600 840 640 580 500 780 700 700 480 460 480 700 320 500 220 620 820 400 580 620 620 680 620 720 680 560 540 220 540 920 440 540 440 540 200 500 560 380 420 500 660 480 200 540 460 460 480 500 640 600 540 580 380 580 560 560 340 520 660 480 500 360 740 560 720 620 280 700 480 620 500 660 440 400 340 560 420 620
0 720 0 520 400 480 600 440 680 640 600 580 780 740 180 640 560 560 480 360 500 580 620 140 620 700 500 580 860 500 280 560 560 600 700 140 360 540 440 460 600 620 620 560 600 760 720 660 540 560 540 560 800 580 560 520 620 500 640 640 500 220 540 300 640 520 440 480 320 560 500 560 620 540 560 540 500 140 440 580 340 640 420 400 620 900 420 380 700 580 540 300 520 640 480 280 500 660 400 320 500
0 840 440 0 380 360 480 440 600 320 600 520 880 700 180 580 520 560 580 460 380 660 420 440 760 640 300 700 800 460 440 540 700 460 620 300 500 480 380 720 640 560 700 600 660 280 540 760 420 680 460 500 780 240 680 400 620 440 580 600 300 320 160 480 620 460 520 200 480 560 700 580 720 340 560 420 540 280 500 700 420 560 380 560 380 800 580 340 520 400 660 100 340 580 740 440 300 580 520 460 400
0 740 320 480 0 600 580 500 760 560 640 500 860 600 40 560 680 460 680 320 480 520 580 60 660 600 460 640 820 380 480 520 740 560 780 340 400 440 360 580 280 520 620 640 560 760 720 760 440 740 440 480 740 540 560 540 620 400 560 500 440 180 540 360 540 420 400 620 600 620 320 480 680 500 460 520 580 340 380 660 300 700 540 520 580 800 580 240 680 500 620 260 560 560 620 580 460 560 300 520 460
0 600 520 460 600 0 360 420 560 260 560 620 760 380 460 420 520 400 460 340 260 540 440 580 600 460 480 420 840 620 260 420 640 400 660 120 420 160 560 640 320 520 540 480 540 540 520 620 480 540 160 460 420 360 540 600 480 120 420 500 320 200 420 580 420 140 420 20 400 420 440 480 540 440 440 300 420 120 360 560 320 580 400 380 300 680 420 500 540 200 500 280 520 420 600 360 280 260 480 280 220
0 760 320 760 560 540 0 720 800 640 640 660 840 800 480 520 360 520 800 540 440 540 620 240 760 740 680 480 820 660 580 500 660 560 820 60 480 580 540 520 740 660 500 680 260 900 440 680 660 860 580 620 820 540 600 720 620 540 640 920 480 540 500 600 780 560 480 560 560 560 600 640 600 640 280 460 720 440 680 620 300 440 580 400 580 320 460 680 720 620 720 500 720 520 560 520 480 700 480 320 540
0 760 240 400 580 460 240 0 680 320 180 660 480 540 420 500 540 460 600 480 480 580 680 380 760 720 200 600 600 520 440 140 660 560 600 180 260 580 520 600 460 400 600 440 360 680 480 400 440 800 560 460 660 200 580 500 200 580 540 660 540 340 100 520 580 560 480 480 220 140 340 300 320 160 340 460 400 360 320 600 360 540 640 500 320 560 320 580 660 340 660 360 420 500 380 180 540 620 480 420 380
0 720 780 600 660 380 740 780 0 640 740 900 920 760 680 780 860 620 840 720 640 660 760 700 960 840 680 580 920 540 640 620 600 780 840 160 740 540 740 360 700 720 780 520 720 880 620 780 600 920 540 840 800 660 760 800 820 500 760 740 640 580 640 800 800 520 760 400 700 760 720 520 700 680 620 680 800 480 740 480 580 740 740 520 680 880 580 840 880 580 840 600 720 780 400 660 640 640 840 660 600
0 660 500 380 700 700 560 400 520 0 560 580 660 540 560 520 580 300 500 220 600 440 480 420 740 420 360 600 720 520 600 320 680 240 700 240 300 540 440 680 460 620 440 300 680 660 560 680 400 720 540 560 660 420 480 600 580 500 560 660 360 80 340 540 500 520 300 580 400 520 520 300 600 400 620 140 240 620 300 560 200 620 440 360 560 760 400 400 580 460 620 160 520 580 580 360 360 400 580 500 460
0 740 180 520 540 640 540 540 520 160 0 700 720 580 320 520 720 440 640 380 460 580 620 320 700 560 500 620 780 340 460 460 500 400 620 320 360 480 560 620 300 500 580 320 600 800 700 220 400 740 480 440 800 540 620 600 720 440 520 680 500 240 480 460 560 460 340 660 500 660 460 340 140 480 500 300 380 300 440 520 340 380 580 320 160 780 380 520 720 520 620 300 520 520 200 460 500 460 460 240 440
0 580 640 620 580 620 500 740 380 580 500 0 660 500 620 720 700 480 300 640 580 700 580 620 480 760 420 560 880 500 660 520 480 640 720 420 480 460 540 600 400 700 260 260 720 680 380 480 580 680 440 660 640 460 700 120 580 420 720 620 620 660 520 780 540 440 600 640 440 520 460 260 580 420 680 540 580 720 580 700 460 560 580 260 480 620 320 800 840 500 680 560 640 720 640 400 620 560 600 180 380
0 600 280 340 300 540 340 420 540 260 120 200 0 360 340 260 520 380 480 340 260 480 440 340 540 540 360 420 680 440 380 380 600 400 640 240 180 140 40 580 320 220 320 180 320 540 440 340 480 620 140 180 600 360 620 300 360 100 260 480 300 320 400 560 400 120 420 380 380 400 420 200 260 360 220 300 440 240 240 520 240 460 400 240 280 500 300 520 540 200 580 400 540 260 320 340 300 260 200 340 360
0 440 380 340 300 580 460 540 200 520 440 620 720 0 340 260 520 460 540 160 380 480 520 340 560 680 400 60 700 380 380 380 340 500 580 180 340 300 480 560 480 240 280 360 320 620 400 260 440 660 300 180 600 80 480 620 580 380 260 120 400 340 400 640 60 300 380 520 300 520 220 360 180 520 240 420 440 240 260 520 240 260 500 500 460 500 360 540 640 360 580 400 560 260 240 440 400 420 200 420 440
0 700 280 440 220 560 540 460 720 560 620 640 820 560 0 560 640 420 640 280 440 480 540 260 800 680 420 600 780 340 560 480 700 520 740 300 360 600 500 540 500 680 580 700 700 720 680 720 400 700 600 620 700 500 540 580 640 560 560 460 420 140 500 320 560 580 360 580 560 580 520 540 640 460 600 480 680 400 340 620 260 680 500 480 720 820 540 200 640 520 660 220 520 560 580 540 420 700 500 580 620
0 840 360 700 720 480 580 660 700 340 180 740 900 760 500 0 840 460 820 560 500 560 800 500 880 700 680 760 960 380 640 640 680 580 800 500 540 620 580 460 480 680 620 500 720 980 720 400 440 920 500 620 900 560 680 640 840 580 620 860 680 420 660 640 740 600 520 480 500 780 640 500 320 660 680 460 560 480 620 700 520 560 700 500 340 260 560 700 900 640 660 480 560 620 380 460 680 620 640 420 560
0 660 360 420 400 660 540 620 680 300 520 580 820 720 440 340 0 520 600 440 460 280 620 440 640 700 480 760 780 640 460 480 700 540 740 340 520 500 440 680 660 320 680 520 420 700 780 680 600 760 500 260 700 280 480 700 540 460 340 600 500 380 480 400 700 480 500 620 520 480 620 520 600 540 320 440 480 320 340 620 340 100 420 580 620 600 620 620 720 540 460 440 720 340 660 480 380 620 280 500 640
0 680 480 340 500 440 520 440 580 440 300 400 700 560 440 240 600 0 540 540 440 580 640 540 540 580 460 600 780 320 560 380 660 460 640 440 300 340 260 420 440 420 160 440 520 560 280 520 380 840 340 380 620 500 520 400 460 320 460 660 520 520 400 580 580 340 520 440 260 400 280 300 440 580 420 360 400 440 260 520 360 660 460 80 300 480 140 620 740 400 500 420 340 460 460 220 520 460 400 360 200
0 660 580 540 300 700 640 560 660 540 660 780 920 660 340 480 460 580 0 480 540 640 720 340 560 680 340 440 740 660 400 580 200 660 440 480 320 440 640 680 120 460 740 580 520 780 700 180 600 800 440 400 660 640 480 560 720 400 480 640 600 460 600 640 360 420 300 680 660 660 520 580 560 280 460 580 520 460 440 720 400 460 640 640 580 740 680 520 780 460 460 480 720 480 620 640 600 540 420 600 620
0 900 280 580 540 740 340 700 800 660 660 840 760 620 440 480 680 620 740 0 600 540 760 400 780 860 540 440 800 520 540 620 840 740 880 40 620 560 700 720 720 460 760 720 560 700 760 640 580 820 540 400 840 540 740 780 860 520 480 740 640 500 620 560 280 540 640 740 580 800 760 380 560 680 460 640 660 400 480 760 480 500 680 660 700 660 680 640 860 600 720 480 700 480 620 540 520 660 420 580 560
0 780 400 380 340 540 100 420 620 560 420 520 560 580 380 280 440 200 560 380 0 520 560 320 580 320 260 540 720 500 420 220 640 140 520 160 180 440 380 520 360 260 360 360 340 640 460 540 220 700 440 200 640 320 620 400 600 400 280 700 440 360 240 440 440 420 400 520 140 540 380 380 540 520 260 40 320 260 280 560 280 500 520 260 460 420 240 560 660 500 600 380 340 280 480 100 440 560 220 420 300
0 380 320 540 520 440 280 540 700 560 420 580 640 500 440 440 460 260 460 560 180 0 740 460 760 500 420 560 840 560 380 400 640 320 700 320 360 540 440 420 520 440 400 260 260 660 520 620 320 540 540 380 460 20 220 520 720 500 440 620 600 540 400 540 540 520 480 440 300 660 500 260 520 420 300 220 200 440 460 560 300 520 700 320 540 600 360 620 840 480 180 440 440 440 460 280 400 560 400 460 360
0 660 420 400 400 480 440 240 540 40 400 300 540 460 440 340 360 320 400 260 360 460 0 440 640 440 380 520 680 560 480 340 580 280 540 280 280 240 140 680 400 320 460 320 380 640 580 560 220 740 240 280 680 420 480 200 420 200 340 580 380 120 340 440 420 220 320 320 420 360 520 320 540 380 320 160 260 320 320 600 220 160 460 360 380 600 420 420 600 280 460 180 140 340 600 380 380 360 280 280 480
0 840 580 600 560 640 600 600 800 520 680 460 820 620 600 520 700 480 640 520 520 660 700 0 600 560 600 680 780 780 440 640 780 660 900 300 440 400 300 860 560 480 640 680 520 800 740 820 700 720 400 440 860 620 720 500 580 360 500 740 560 380 640 660 540 380 600 640 600 660 680 440 760 700 420 560 620 280 500 740 440 640 580 540 540 760 600 680 800 460 680 460 800 520 760 600 560 520 260 460 660
0 500 660 640 440 340 520 600 500 600 500 600 800 300 480 520 800 300 660 440 420 780 780 500 0 720 620 360 980 300 600 460 360 560 600 460 580 500 440 700 200 520 440 440 600 860 560 560 380 860 480 480 760 100 540 560 760 460 540 420 660 540 480 580 340 480 680 360 540 700 300 460 480 600 520 460 660 440 540 520 540 560 720 360 580 560 420 680 880 540 520 600 500 540 540 500 480 160 420 620 480
0 760 700 740 720 760 660 580 680 480 760 740 820 780 560 680 800 460 440 700 560 400 460 780 1000 0 640 840 680 580 520 480 640 420 880 640 340 580 580 740 560 620 620 560 640 940 720 620 660 580 360 720 600 400 600 640 760 640 720 700 620 560 500 860 720 560 320 760 560 700 640 560 620 720 680 600 500 620 640 600 160 600 720 540 720 940 580 740 840 500 580 620 580 720 660 540 620 480 720 640 300
0 780 500 660 680 660 640 400 660 500 580 520 680 740 680 640 540 620 460 520 640 800 480 640 940 700 0 800 860 520 240 540 640 520 680 380 540 540 440 900 560 620 660 640 720 800 760 620 580 660 440 560 620 600 840 620 600 500 640 500 340 580 500 760 500 520 740 500 500 540 600 520 680 400 620 620 600 580 560 680 620 620 440 680 680 880 600 380 460 460 900 160 580 640 740 460 360 540 580 600 680
0 720 640 580 560 620 540 580 740 580 480 680 700 560 600 480 580 420 760 600 440 680 760 600 800 700 480 0 920 320 640 640 640 580 820 480 340 460 540 600 620 480 560 300 580 860 680 220 380 720 460 420 860 520 700 580 760 420 500 680 620 580 640 600 600 440 340 640 440 720 460 320 140 460 480 480 580 480 500 740 460 360 440 480 600 720 320 700 840 520 680 460 500 500 200 400 620 580 440 500 380
0 760 480 100 360 440 480 500 620 120 460 580 580 440 260 400 600 180 400 340 480 540 500 400 720 520 360 500 0 500 460 380 260 360 500 360 420 520 440 580 500 600 340 180 580 380 460 520 520 620 520 560 760 340 600 500 420 480 640 560 380 200 240 580 480 500 400 280 400 360 420 200 600 360 580 260 140 380 400 580 300 640 480 260 460 660 280 420 600 500 640 180 420 640 600 380 380 500 580 380 360
0 700 520 400 440 540 220 300 600 420 360 360 680 420 440 240 560 100 440 500 120 620 600 440 640 440 380 380 680 0 520 340 640 260 600 260 300 320 220 500 460 380 260 480 460 660 360 580 80 660 320 320 680 440 540 260 480 280 240 540 480 480 340 280 460 300 440 360 240 420 360 400 500 440 380 160 440 380 320 600 380 600 560 160 400 500 220 620 700 360 520 500 200 240 540 220 480 420 340 340 280
0 860 400 560 500 620 400 160 780 480 340 820 640 600 540 660 680 620 220 640 640 740 840 540 760 880 360 640 760 680 0 300 400 720 640 340 420 380 680 760 320 560 760 600 520 840 620 400 580 900 640 600 820 360 700 660 360 600 640 720 700 500 260 520 560 620 520 620 380 300 500 460 480 320 500 620 560 520 480 760 520 660 800 660 480 720 480 720 820 420 660 520 580 660 540 340 700 760 620 580 540
0 740 520 500 460 500 540 380 560 520 360 540 360 580 400 420 680 320 520 400 520 600 640 500 700 640 460 580 660 580 540 0 680 520 480 400 140 480 400 480 640 380 480 320 480 720 400 500 380 740 480 340 760 120 580 360 560 440 400 680 520 260 20 580 560 460 360 460 100 500 340 340 500 480 380 420 280 380 400 680 360 620 620 380 240 660 200 560 740 460 560 320 300 400 460 60 500 520 340 440 260
0 540 420 580 100 700 600 600 460 640 480 600 840 700 140 320 600 560 560 300 580 440 640 140 740 640 540 260 740 460 580 500 0 480 240 320 400 540 440 680 380 620 620 560 660 840 720 460 540 820 540 580 840 460 660 380 560 500 520 460 520 280 520 460 560 520 380 720 580 500 420 560 380 560 560 620 640 420 480 760 220 620 460 520 640 560 560 340 740 300 620 320 660 520 440 560 520 660 400 440 560
0 820 500 520 540 580 600 440 640 580 440 600 420 640 480 360 680 400 600 460 600 560 580 580 780 180 460 640 740 620 600 80 740 0 540 480 200 560 460 560 720 460 540 400 560 780 480 580 460 760 540 400 600 180 660 440 640 520 360 760 440 320 100 600 300 540 420 540 160 580 400 400 580 500 460 500 340 460 420 700 320 520 540 460 320 600 260 480 680 520 620 240 360 360 520 120 440 600 420 500 340
0 800 380 520 620 540 360 500 580 400 240 520 600 640 560 80 460 520 560 440 560 620 400 520 680 600 300 640 780 440 340 260 740 460 0 220 400 460 360 520 540 520 680 560 480 780 660 460 500 620 460 500 780 380 620 580 320 420 560 580 280 300 280 660 680 440 500 540 340 260 460 580 380 320 460 540 520 200 420 640 400 540 380 460 400 320 460 320 500 400 600 80 500 560 440 320 280 580 500 380 520
0 880 640 860 520 860 720 920 860 640 880 860 1000 740 560 700 760 620 960 840 620 520 780 560 1000 920 660 440 780 760 800 740 860 760 1000 0 680 540 720 920 700 840 780 740 580 920 880 640 820 1000 520 820 960 520 720 940 840 500 700 860 660 700 760 860 800 520 660 760 740 780 800 740 560 700 480 660 700 660 780 1000 500 580 740 700 680 920 740 700 880 580 700 460 880 700 620 700 560 640 800 720 540
0 680 480 660 660 720 480 260 760 560 420 820 720 700 460 540 740 560 660 540 580 760 800 620 920 780 460 760 860 460 640 380 840 720 860 440 0 760 680 700 720 640 700 440 540 600 740 640 520 820 760 700 760 440 500 480 440 740 540 820 680 400 360 700 740 760 620 720 460 380 580 460 560 400 580 620 640 620 560 840 520 800 760 560 560 800 560 640 900 320 480 480 640 540 340 440 680 860 720 460 640
0 660 380 440 460 420 360 620 420 560 420 760 600 220 320 280 400 500 640 380 600 680 580 500 660 760 440 280 720 520 480 260 560 660 680 320 400 0 600 620 620 420 500 580 480 720 600 480 460 760 520 400 720 220 700 620 320 520 280 340 620 440 280 440 280 500 600 240 340 260 440 540 400 400 440 560 520 340 360 620 460 480 620 280 160 540 340 500 840 60 700 500 560 280 460 320 620 440 420 200 400
0 560 340 300 260 500 300 380 500 220 400 160 680 320 300 220 480 340 440 300 220 440 400 300 500 520 360 380 640 580 340 340 560 360 600 200 140 100 0 660 280 180 420 400 280 500 520 580 440 620 100 140 560 320 580 260 420 60 220 440 260 280 360 520 360 80 380 340 340 360 380 400 500 420 180 260 400 200 200 480 200 420 360 380 240 460 440 480 500 160 540 360 500 220 460 300 260 220 160 300 500
0 560 560 480 600 40 380 440 580 300 520 540 560 400 480 420 540 280 480 360 300 560 460 600 620 480 340 440 780 180 280 260 660 440 680 140 380 180 400 0 340 520 420 160 560 560 440 660 240 560 180 480 440 360 400 440 500 140 420 520 340 220 280 460 440 160 440 40 340 440 460 180 560 320 460 320 440 140 380 580 340 600 420 340 320 660 400 540 560 220 520 300 360 420 40 320 300 300 480 320 240
0 540 460 560 520 600 580 600 920 740 660 740 940 740 560 480 600 680 640 560 480 600 740 380 440 800 620 780 900 740 440 600 720 620 800 460 540 620 600 580 0 440 840 700 420 660 580 740 480 700 620 400 620 540 380 660 780 600 480 820 620 540 620 680 260 620 540 600 620 720 420 660 700 660 340 520 660 460 460 700 360 480 700 720 640 720 720 660 840 640 340 420 600 480 600 580 620 600 420 640 520
0 520 500 120 500 360 540 320 640 420 500 600 500 460 280 560 440 480 320 240 500 460 500 540 480 640 380 460 740 520 160 160 440 480 640 20 300 420 460 520 440 0 640 440 440 400 560 500 420 440 420 480 380 280 400 520 500 460 560 560 380 100 180 560 500 400 320 300 240 440 480 220 500 420 460 540 420 20 20 300 220 520 300 280 400 720 340 420 600 400 360 180 440 560 560 220 380 540 500 200 400
0 820 380 640 700 640 360 560 580 620 520 660 540 400 540 560 460 520 600 480 580 440 600 520 660 640 320 460 640 520 400 260 720 460 500 300 380 640 580 640 720 520 0 500 480 420 120 400 560 920 620 580 900 360 660 540 320 620 640 520 600 500 280 660 440 640 380 480 340 260 460 160 320 660 420 580 520 500 540 820 200 540 320 300 500 680 340 700 760 540 620 460 460 620 380 300 600 720 580 200 420
0 700 640 440 560 660 640 580 440 600 520 600 400 260 500 520 680 520 620 400 620 680 580 600 680 800 180 320 640 540 420 480 580 640 740 180 520 520 440 640 700 480 540 0 580 700 640 520 580 440 540 440 680 220 700 700 620 500 500 380 460 580 480 740 300 520 640 620 480 560 480 20 440 180 480 580 620 480 340 460 500 520 540 300 520 760 360 560 620 360 680 320 680 520 500 440 460 660 440 220 420
0 660 60 540 460 360 280 480 740 500 580 440 740 600 240 400 200 380 540 420 180 300 600 200 520 480 440 540 580 560 340 400 420 320 660 200 240 380 280 500 540 440 520 540 0 780 640 480 400 620 380 380 560 300 500 540 660 340 400 700 480 280 400 340 620 360 240 360 320 600 560 540 380 520 40 220 480 200 460 640 60 280 480 440 340 580 420 420 700 420 480 280 520 400 460 280 480 500 400 380 480
0 580 400 400 540 400 400 160 640 480 340 260 640 500 520 320 640 500 320 520 500 420 600 540 660 780 360 460 600 520 440 300 500 640 480 300 420 400 300 620 420 280 520 500 460 0 620 500 160 720 380 420 660 360 420 140 360 360 320 620 560 380 260 360 340 380 520 240 380 300 480 460 480 300 480 540 540 300 300 580 480 560 580 280 480 580 340 700 780 440 380 460 60 320 540 340 560 500 440 200 400
0 740 260 520 600 640 240 520 640 640 500 680 480 460 440 500 560 460 660 380 460 360 780 400 820 760 380 520 800 660 540 140 680 600 620 200 280 620 520 620 780 400 620 460 360 800 0 460 440 820 560 480 780 260 580 500 200 580 540 560 660 400 160 540 500 600 500 600 220 140 340 220 460 620 320 500 400 380 420 700 340 540 680 520 380 560 340 620 820 580 540 460 440 500 520 200 640 660 480 560 400
0 700 440 380 360 620 460 380 660 380 480 660 780 480 400 300 560 500 580 400 380 520 540 400 600 500 440 540 740 600 420 440 580 520 700 300 140 260 520 760 420 280 640 540 380 660 720 0 600 720 260 220 660 480 640 600 560 220 300 600 420 380 440 680 520 240 120 500 500 500 540 480 420 520 280 420 480 280 300 580 300 500 520 540 400 560 600 580 640 300 600 440 640 300 460 460 420 380 240 460 660
0 640 460 340 400 460 460 220 540 360 360 300 700 360 360 180 620 440 380 440 360 580 540 440 660 660 420 320 620 540 480 360 560 500 540 340 280 240 160 620 420 320 540 440 420 620 640 520 0 600 240 280 620 420 480 200 420 220 180 480 420 420 320 220 400 240 380 300 440 360 420 440 440 380 340 400 380 320 260 520 340 560 500 340 400 440 400 560 640 300 440 420 120 180 500 400 420 360 300 260 480
0 280 340 500 260 620 440 340 500 340 500 440 640 500 60 320 420 360 520 160 380 320 320 300 720 500 420 400 480 260 440 340 160 340 400 180 260 320 300 600 480 420 280 240 520 700 400 140 160 0 320 360 720 320 480 340 380 360 320 140 200 200 340 360 440 300 260 460 300 320 240 260 60 360 420 420 500 300 400 20 80 300 300 420 460 440 400 260 420 360 500 260 280 320 120 360 200 380 380 400 460
0 460 680 500 660 620 700 640 840 620 640 560 620 660 660 620 800 600 700 660 620 760 800 700 760 900 580 720 920 820 700 280 760 760 740 560 400 500 400 740 680 580 740 400 620 780 680 760 640 840 0 540 780 380 540 640 820 460 620 780 660 520 280 860 600 480 620 460 360 760 300 420 780 580 520 660 540 540 420 680 540 580 760 580 500 860 460 820 900 560 760 580 560 620 720 320 660 120 560 620 520
0 580 220 180 140 400 300 380 540 360 260 440 560 460 180 80 360 320 360 180 200 320 360 180 380 500 220 500 520 460 220 220 440 340 480 80 260 240 300 540 400 60 460 320 160 440 580 480 420 500 240 0 440 320 440 520 560 200 80 580 240 160 220 480 440 220 240 360 300 500 440 280 400 380 60 240 260 60 80 360 80 300 320 320 360 340 380 360 460 300 420 220 460 80 460 260 240 360 20 240 440
0 740 360 420 440 620 340 600 740 580 440 480 580 540 440 260 660 480 620 600 580 480 560 480 640 680 620 560 700 500 540 240 420 500 640 280 360 320 520 600 620 400 640 560 460 700 240 660 440 780 620 560 0 340 660 580 300 580 260 660 700 480 260 400 580 600 420 460 320 240 440 460 580 720 440 540 500 400 320 600 240 640 680 260 480 500 320 620 420 40 640 500 520 260 640 280 700 720 580 180 380
0 880 580 820 860 660 440 880 700 560 420 780 1000 940 700 720 780 500 580 780 720 840 1000 660 1000 960 600 900 1000 740 740 860 760 800 960 480 620 740 640 900 700 800 640 720 680 1000 760 640 820 940 720 760 980 0 740 860 880 700 820 1000 900 640 860 860 920 720 760 500 580 880 760 740 560 560 580 700 760 600 720 920 600 780 760 560 580 760 620 880 960 720 700 700 780 820 620 540 400 540 760 640 680
0 180 540 520 480 600 540 340 740 440 360 380 780 540 380 440 660 400 380 480 440 560 560 520 740 540 440 600 800 580 180 440 480 460 720 420 360 320 240 580 500 420 540 400 500 720 660 460 480 320 320 360 780 520 0 480 520 300 440 460 420 340 440 680 580 320 500 560 520 460 560 400 380 480 400 480 360 420 420 340 340 620 520 460 480 580 500 460 660 380 720 240 600 440 440 480 420 440 380 520 160
0 480 560 520 480 520 400 620 660 460 380 740 800 580 520 600 660 380 200 660 460 660 460 520 540 660 520 460 920 400 580 620 380 540 620 440 380 360 600 500 300 640 540 520 620 740 640 360 460 740 360 580 540 560 600 0 660 320 620 620 520 540 620 680 540 340 480 540 340 600 360 540 520 460 620 440 480 620 620 760 580 460 600 160 380 720 220 700 740 400 580 600 540 620 540 300 520 460 600 80 280
0 780 300 560 560 580 60 480 660 600 480 540 620 680 480 320 400 420 620 580 300 400 660 280 760 600 540 520 700 680 580 500 520 420 580 100 240 480 400 560 640 460 540 420 240 820 480 580 480 620 480 440 800 400 600 460 0 460 520 700 520 520 440 580 580 480 340 580 200 600 440 440 500 580 160 340 380 440 480 640 160 380 620 460 440 380 300 660 760 540 580 520 400 320 560 160 520 600 460 360 360
0 500 420 480 480 440 260 540 460 160 460 500 640 260 340 320 440 280 640 380 160 580 340 480 660 460 400 320 760 520 520 300 580 300 540 300 320 40 440 640 220 400 440 440 500 440 540 520 380 800 40 360 740 260 540 500 360 0 320 380 200 240 320 480 300 20 460 280 280 300 320 460 440 360 400 200 400 380 380 660 340 480 300 320 180 560 380 540 440 100 520 300 440 320 500 260 220 160 380 240 440
0 620 360 180 420 480 580 360 700 340 200 700 560 520 200 20 580 460 380 400 500 560 580 460 520 700 440 580 440 380 300 220 480 580 400 180 340 560 540 460 380 160 620 360 500 440 620 400 440 580 500 540 440 320 460 560 540 600 0 640 460 260 240 420 560 560 460 360 300 480 540 280 320 500 520 480 480 160 80 360 360 560 440 420 360 260 400 380 680 460 420 260 480 20 380 260 460 540 560 340 480
0 520 300 580 540 580 360 460 440 600 460 680 700 420 480 460 580 420 720 40 300 560 640 440 580 620 480 460 800 560 520 420 580 440 640 60 220 200 580 560 360 460 160 520 560 560 280 560 520 580 200 420 600 400 360 520 480 440 460 0 520 520 420 580 300 180 440 440 180 420 120 320 480 520 460 340 460 420 480 600 360 520 480 440 340 680 280 660 620 240 640 500 600 460 540 360 520 300 440 360 340
0 560 300 420 520 440 540 340 320 160 480 300 600 540 460 400 240 420 460 380 440 500 140 420 760 360 220 560 620 320 460 260 520 180 340 380 240 360 280 580 520 440 560 420 420 580 540 600 320 800 360 400 660 360 580 300 520 320 480 660 0 240 260 540 480 340 440 280 200 460 440 300 600 160 320 280 380 380 320 560 340 280 100 400 480 660 300 540 240 340 560 300 240 480 560 160 20 480 420 320 360
0 580 420 300 620 660 480 320 580 420 480 500 700 640 480 500 500 540 500 140 520 360 400 540 660 540 280 580 640 460 520 340 620 380 620 180 220 460 360 760 620 540 700 600 600 580 740 600 320 660 460 480 580 360 400 520 500 420 480 580 280 0 360 460 420 440 220 500 440 440 640 400 520 320 540 540 540 540 220 480 120 540 360 540 580 740 540 320 500 380 540 80 440 500 560 400 280 560 500 520 540
0 800 640 540 600 760 520 560 800 660 500 740 880 840 380 440 740 580 600 380 760 580 640 640 880 780 520 560 880 680 760 520 660 620 840 400 460 660 600 880 680 780 740 800 740 820 400 720 560 900 660 720 800 100 640 740 580 620 720 820 500 240 0 600 660 640 460 600 620 520 720 600 640 560 680 780 780 680 440 720 360 780 600 540 220 700 600 540 740 620 760 320 680 720 700 580 500 520 740 740 660
0 640 440 800 620 600 520 420 400 720 600 680 880 720 440 540 580 620 700 540 420 540 700 480 700 720 620 780 840 640 500 560 520 560 480 540 180 620 540 740 780 680 340 620 380 740 440 520 540 380 620 620 840 540 460 660 620 580 700 500 580 580 520 0 520 600 180 440 440 560 220 480 440 580 280 460 580 540 700 400 300 520 640 620 580 800 540 620 800 500 560 560 640 700 500 400 580 520 640 540 600
0 700 340 300 260 540 420 500 660 480 400 580 680 600 300 220 480 440 500 300 340 440 480 300 520 640 360 640 660 580 340 340 560 460 600 200 380 380 440 660 540 200 600 440 280 580 720 620 560 620 380 140 560 440 580 660 660 340 220 700 360 280 360 620 0 360 380 480 420 600 580 400 540 520 180 360 400 200 200 480 200 220 460 460 480 460 520 500 580 420 540 360 580 220 600 400 360 480 160 380 580
0 480 400 460 460 420 240 520 440 580 440 580 620 240 320 300 420 260 660 380 140 640 600 460 640 440 400 300 740 540 500 280 560 280 660 280 300 20 420 620 200 380 420 420 480 740 520 500 360 780 20 340 720 240 560 540 340 480 300 360 560 460 300 460 280 0 520 260 260 280 300 440 420 400 380 180 440 360 360 640 400 500 640 300 160 540 360 520 780 80 520 520 460 300 480 240 560 140 360 220 420
0 680 500 660 560 720 500 260 780 580 440 780 740 700 460 560 620 560 680 560 580 760 800 600 940 800 460 700 860 480 520 400 460 720 700 440 20 640 640 720 720 660 720 460 560 620 680 380 540 840 640 600 760 460 520 480 440 600 560 820 680 420 360 720 740 620 0 740 480 380 600 460 300 400 580 620 660 620 560 840 520 540 480 560 580 800 580 660 760 340 480 480 660 560 340 440 680 360 620 480 640
0 700 560 460 620 180 520 400 720 440 580 700 780 540 460 440 520 460 460 340 440 540 580 660 580 600 480 540 840 600 240 440 620 520 800 120 420 320 540 640 480 600 600 460 520 700 500 620 500 520 320 640 580 540 520 580 500 280 440 660 460 200 440 600 580 300 400 0 520 440 560 480 540 500 420 460 420 100 360 540 300 600 380 360 340 700 420 500 680 220 500 260 520 440 600 480 440 440 640 280 220
0 660 460 420 380 420 520 300 560 440 280 700 700 600 420 320 600 420 540 420 440 560 600 420 620 560 480 660 760 500 460 420 680 440 580 320 60 480 540 400 580 300 560 360 400 660 680 500 520 740 480 260 680 480 500 360 480 440 320 720 480 400 400 720 560 460 280 440 0 420 260 360 420 440 300 340 380 300 320 600 320 540 560 500 440 580 120 600 700 380 480 460 440 320 380 200 480 600 260 440 180
0 620 120 380 460 500 120 380 560 520 380 540 360 580 300 380 420 320 520 400 360 460 640 260 680 640 460 480 660 600 400 20 580 480 480 60 140 480 400 480 640 280 480 320 220 660 400 440 300 680 420 340 660 120 460 360 60 440 420 700 520 260 20 400 520 460 360 480 100 0 220 340 500 480 220 380 280 260 300 560 220 440 540 400 240 440 200 480 740 460 560 320 300 380 460 60 500 520 360 420 260
0 420 560 600 580 560 740 580 840 520 380 620 780 660 600 520 720 420 620 460 640 740 800 620 480 780 580 720 960 720 420 440 480 660 720 480 560 580 480 540 660 500 560 420 600 820 680 600 720 580 580 440 880 540 260 740 780 540 520 700 660 600 440 700 320 560 680 580 520 720 0 420 520 580 500 660 360 500 520 600 520 520 760 480 540 780 520 720 900 620 860 480 720 520 580 480 660 640 460 620 400
0 680 640 580 560 820 720 560 440 600 500 580 400 260 580 500 680 680 620 400 620 720 580 600 800 780 180 300 940 620 400 640 580 620 780 420 560 500 440 800 700 480 520 580 580 860 640 500 680 820 520 420 780 320 720 680 760 500 500 360 440 580 640 900 300 520 620 660 540 700 460 0 420 560 480 660 680 480 500 720 500 500 540 640 640 760 620 560 620 560 840 320 680 500 480 600 440 640 440 660 680
0 600 520 460 440 680 420 460 620 460 560 560 580 440 480 380 640 300 640 480 320 600 620 480 680 580 360 480 800 200 500 520 520 460 760 360 220 340 420 700 500 360 440 180 460 740 560 100 260 600 340 300 740 400 720 460 640 300 380 560 500 460 520 480 480 320 220 560 440 580 560 200 0 340 360 360 560 360 380 620 380 240 600 360 480 640 420 660 740 380 680 500 380 380 80 420 500 460 320 380 480
0 660 520 260 600 620 500 460 720 540 400 580 660 600 440 420 580 620 460 580 560 840 540 640 620 740 60 660 460 580 300 320 580 580 580 440 440 440 500 740 580 560 700 620 580 540 700 620 580 720 440 620 520 420 540 660 460 560 400 560 400 560 320 560 560 420 660 460 400 400 600 360 540 0 600 600 580 540 180 460 620 660 500 420 540 660 480 440 500 180 520 200 600 420 600 360 400 560 640 340 540
0 640 160 520 480 460 240 460 760 460 560 400 700 560 340 440 300 340 640 520 160 260 620 300 620 460 400 620 560 540 440 360 380 280 620 300 200 340 260 600 500 400 500 500 100 740 600 440 380 720 340 360 660 260 460 500 640 320 420 680 480 380 360 440 580 340 200 460 280 580 520 520 360 600 0 180 460 300 420 700 20 240 580 400 300 560 380 520 720 400 440 380 480 420 420 240 500 460 360 480 440
0 820 600 620 640 680 720 560 740 680 540 720 520 740 580 460 680 500 700 560 680 660 680 280 760 280 560 640 840 580 700 180 800 120 660 580 300 660 560 660 320 560 640 500 660 880 580 680 560 660 640 500 720 280 640 540 740 620 460 780 540 420 200 700 400 640 520 640 260 680 400 500 680 600 560 0 440 560 520 680 420 620 640 560 420 700 380 580 780 620 640 360 460 460 440 240 560 700 520 600 440
0 720 500 400 540 460 560 480 500 480 340 460 460 320 460 280 660 60 260 460 480 600 640 600 600 600 240 360 680 380 460 440 460 480 660 240 320 400 300 440 380 480 220 60 580 460 320 440 440 480 400 440 660 280 540 460 520 360 500 420 500 560 460 640 360 380 540 480 280 460 300 60 460 220 480 380 0 480 300 500 420 560 520 120 360 540 160 560 680 400 520 380 380 500 480 240 500 520 440 260 220
0 600 500 400 520 360 540 320 680 520 480 600 720 640 500 580 420 500 360 240 540 440 500 580 500 640 380 460 740 520 160 440 540 480 700 20 320 420 460 580 480 640 640 600 480 620 760 540 420 440 420 580 660 460 440 600 500 460 580 560 360 100 420 560 520 400 320 360 440 440 460 500 500 420 500 560 580 0 300 460 220 500 300 280 500 840 320 400 600 460 400 180 540 580 560 420 360 540 600 180 400
0 540 480 100 480 460 540 520 640 400 500 620 480 440 260 540 600 460 300 540 480 700 500 520 460 720 360 500 740 560 520 140 420 560 620 400 280 560 480 580 420 520 620 460 420 380 540 480 480 700 560 480 360 260 380 500 500 520 540 560 380 400 160 580 480 540 500 280 220 580 480 200 620 440 460 520 400 380 0 280 460 660 480 520 380 700 340 420 620 400 340 180 420 540 600 200 380 600 480 540 400
0 260 420 560 240 620 420 320 480 320 480 480 660 580 280 440 400 580 620 420 600 580 300 280 760 520 400 380 460 500 420 320 140 360 380 300 400 360 440 620 500 580 740 580 520 740 700 580 500 700 480 560 840 420 700 480 380 440 620 580 180 380 320 580 620 460 500 460 360 320 520 480 500 340 500 460 540 280 500 0 340 460 280 540 500 420 480 460 400 400 680 440 400 620 560 340 180 360 520 460 540
0 620 560 640 720 680 520 440 780 520 600 760 680 740 640 620 680 500 700 720 420 240 600 680 1000 440 640 800 540 640 620 340 640 280 820 560 200 580 680 660 740 680 640 480 500 780 740 560 560 780 560 620 700 260 460 620 620 540 620 860 480 580 360 760 560 560 180 680 420 560 620 500 480 580 520 460 440 680 680 800 0 720 560 420 580 840 480 740 700 500 420 520 620 620 520 380 480 520 640 640 540
0 1000 280 700 680 740 500 720 600 540 760 860 740 940 460 760 800 700 520 640 740 840 900 420 900 940 500 860 900 700 560 400 720 780 860 420 520 740 720 720 640 660 860 680 620 980 780 600 680 840 800 720 940 500 840 740 460 780 800 800 760 500 400 560 860 800 520 760 480 400 600 700 520 440 600 660 660 420 620 860 600 0 700 680 620 820 580 640 940 620 800 580 680 760 580 440 300 760 660 580 640
0 760 500 560 520 660 440 520 820 440 560 580 900 640 560 380 140 320 660 560 340 420 720 400 780 660 600 600 820 240 600 560 820 480 780 460 300 540 440 740 700 460 480 660 540 840 580 780 300 740 320 400 660 420 620 480 660 500 460 740 620 520 560 500 680 520 640 600 480 600 580 620 700 660 460 380 600 460 480 740 460 220 0 380 620 640 440 760 860 580 600 580 420 380 620 440 520 420 420 560 520
0 620 400 580 560 380 460 480 500 380 240 600 660 620 380 480 680 340 580 600 360 500 780 540 680 520 460 620 900 260 620 460 660 400 580 480 240 520 460 360 520 480 500 380 500 780 600 460 320 780 520 420 700 520 460 460 660 480 480 740 660 460 480 520 500 500 440 380 180 600 200 380 380 540 480 300 320 480 500 740 500 600 740 0 240 740 60 560 880 500 420 520 380 480 400 160 640 520 440 480 140
0 640 440 600 380 720 680 620 880 580 780 720 980 680 160 720 800 580 800 440 580 640 700 420 900 840 580 740 940 500 720 640 860 680 900 460 520 460 580 700 460 600 740 580 740 860 840 880 560 860 460 700 860 660 700 740 780 420 720 620 580 300 660 480 580 440 520 700 620 720 680 580 800 620 760 620 760 560 500 780 420 800 660 640 0 980 700 360 800 520 800 380 680 720 740 680 580 300 660 660 580
0 600 540 540 700 220 580 640 780 480 500 600 760 600 640 440 660 200 680 560 480 760 660 660 740 680 540 640 980 380 480 460 860 620 840 340 500 380 460 200 540 620 360 360 480 760 480 720 440 760 380 580 640 560 440 540 660 340 600 700 540 420 480 640 640 360 640 240 460 600 480 360 640 520 500 520 600 320 460 720 520 740 620 280 500 0 340 720 720 420 400 500 540 620 240 420 500 480 600 500 400
0 560 360 540 500 320 640 420 460 320 180 720 600 580 320 440 640 320 520 540 560 460 720 480 620 460 400 620 840 460 560 400 620 340 520 420 180 460 560 300 460 420 460 320 440 720 580 400 420 720 460 380 640 460 400 400 600 420 440 680 600 400 420 620 460 440 400 320 140 540 140 320 320 480 420 240 260 420 440 680 440 560 680 380 340 700 0 500 820 500 380 480 340 440 340 100 580 580 380 420 80
0 720 560 500 580 660 360 420 700 560 500 500 820 560 560 380 700 240 580 300 260 760 740 580 760 560 520 460 820 140 660 480 760 400 740 320 420 440 360 640 600 520 380 620 600 780 500 540 200 800 440 460 800 580 540 400 620 420 380 280 620 440 480 420 580 440 580 500 380 560 380 540 460 580 500 300 560 520 460 720 520 700 700 300 520 620 360 0 840 500 640 520 320 380 520 360 620 560 480 460 420
0 340 60 500 460 220 420 460 440 480 560 80 460 320 240 460 560 320 360 380 340 580 640 200 560 600 240 380 680 220 300 480 540 440 760 160 420 360 440 500 480 540 340 320 580 340 440 540 280 580 360 500 640 380 580 180 540 320 460 440 500 240 500 340 360 340 460 60 380 480 520 80 500 480 480 380 460 140 400 600 340 580 420 320 400 680 380 420 0 280 540 300 400 460 540 340 480 480 440 240 260
0 840 340 400 420 600 320 580 740 560 420 700 560 740 420 240 620 460 600 600 560 660 540 460 620 740 660 540 660 480 520 220 700 620 620 260 340 640 560 580 600 380 620 540 440 660 620 620 420 760 640 540 660 320 660 580 280 620 240 860 680 460 240 380 640 640 560 580 300 220 420 500 540 700 420 520 480 380 300 580 440 660 660 240 460 480 300 600 860 0 640 480 500 240 620 260 680 740 560 160 360
0 200 140 440 520 260 340 360 680 480 400 420 780 500 320 260 280 440 420 500 260 360 580 280 580 560 480 460 660 400 220 460 480 380 660 280 300 360 260 240 520 420 580 400 80 700 520 500 140 360 360 400 280 380 40 340 540 320 260 480 460 360 460 360 540 340 300 260 380 480 560 400 420 500 120 300 380 260 340 380 120 340 540 480 400 520 480 500 680 300 0 260 260 260 280 340 460 480 400 400 180
0 760 480 520 540 640 580 540 520 360 640 440 800 600 580 500 440 480 500 540 500 700 340 580 800 540 220 660 720 380 460 460 700 380 540 240 420 380 300 780 560 480 620 620 560 740 740 680 440 600 380 420 760 560 780 500 580 360 500 520 200 440 460 660 640 380 640 480 400 520 620 500 660 260 460 480 580 480 420 620 480 480 300 540 540 740 500 240 440 320 760 0 440 500 720 360 200 500 440 460 560
0 520 340 440 500 340 340 120 640 420 280 400 580 440 460 260 600 460 260 520 460 680 540 480 600 740 300 400 560 480 420 240 440 600 420 280 360 340 240 560 380 420 600 520 400 700 580 440 100 680 320 360 600 300 360 80 300 300 260 560 500 380 200 300 280 320 480 180 320 240 420 400 420 260 420 480 480 280 340 620 440 500 560 240 420 520 280 640 720 380 320 440 0 260 480 280 500 440 380 140 360
0 660 360 260 640 480 580 340 700 340 180 740 660 600 440 20 580 460 460 400 500 560 640 500 620 700 520 600 440 380 300 300 580 580 400 180 440 560 600 460 480 160 620 500 580 540 700 400 440 580 500 620 540 420 540 640 540 580 620 720 520 260 320 420 640 560 460 460 400 480 620 360 320 500 620 480 560 160 180 440 360 560 440 420 340 260 480 560 740 560 520 320 560 0 380 360 520 540 640 340 540
0 540 660 540 580 660 360 420 560 560 480 500 520 380 560 380 700 240 580 520 260 760 700 560 760 560 300 420 740 140 540 460 680 400 740 300 420 440 360 640 600 500 380 120 600 780 500 620 200 540 440 460 800 340 680 400 620 400 380 480 560 580 480 420 420 420 580 500 380 560 500 140 540 280 500 300 560 520 440 560 520 640 660 300 520 620 360 680 740 460 640 440 320 380 0 340 560 560 480 320 420
0 700 480 440 420 460 560 340 520 460 320 620 500 520 440 360 620 280 480 460 480 580 640 460 660 600 440 580 800 540 480 460 660 480 440 360 80 520 480 440 600 340 420 280 440 680 540 460 340 700 520 280 720 480 540 320 520 480 360 640 500 440 420 540 520 500 300 420 40 460 280 280 460 440 340 380 220 340 360 620 360 560 600 340 480 620 140 640 740 400 500 500 240 360 400 0 500 640 300 380 220
0 800 620 420 560 600 660 480 320 580 460 720 660 680 580 520 740 420 460 600 620 740 680 600 780 740 220 700 620 640 460 460 520 620 580 460 240 600 620 580 520 480 580 420 580 700 540 600 480 860 600 440 660 580 680 460 620 640 520 700 560 580 480 680 660 580 460 580 200 560 440 440 600 160 480 520 380 500 320 560 500 720 660 400 620 760 300 600 660 340 660 360 400 520 560 160 0 460 440 320 360
0 340 620 580 540 780 600 660 740 500 680 440 680 540 580 500 760 620 720 580 500 720 680 580 800 800 460 600 920 820 620 620 800 640 880 460 420 380 300 920 560 480 700 300 560 780 820 800 720 720 380 420 840 500 860 540 700 360 500 660 560 580 640 820 580 380 660 620 620 640 660 300 720 460 480 540 680 480 480 660 480 560 640 580 540 740 640 780 780 440 820 600 780 500 740 580 560 0 440 500 700
0 800 320 600 640 620 400 620 840 620 640 560 700 660 500 560 460 340 800 680 320 420 780 460 360 620 560 720 720 660 600 520 540 440 780 460 360 500 420 760 560 560 500 660 260 860 600 600 540 880 400 520 820 440 640 660 800 480 580 780 660 540 540 600 700 500 360 620 440 740 600 640 520 760 180 360 620 460 580 860 180 400 740 400 460 720 460 680 840 560 600 540 640 600 580 400 660 520 0 520 540
0 700 500 660 640 460 540 560 600 420 320 680 720 720 460 540 740 320 660 640 460 600 400 620 460 600 540 380 980 340 700 540 760 480 660 560 320 600 540 440 600 560 460 460 560 860 580 540 400 860 600 520 780 560 540 540 740 560 560 820 740 500 560 600 500 580 540 460 280 680 280 460 460 580 560 380 400 560 560 820 580 540 600 100 320 780 160 640 960 580 520 560 480 560 480 240 720 600 520 0 220
0 700 520 580 460 460 740 680 700 680 520 640 660 500 260 480 840 260 460 540 680 740 780 520 780 400 340 560 880 560 580 380 640 300 840 420 500 600 500 440 580 680 400 260 640 660 520 640 620 680 600 620 860 400 540 660 700 560 640 620 660 400 380 560 540 580 600 460 460 640 500 260 660 420 680 580 200 560 500 700 500 760 700 320 540 720 360 440 780 600 580 460 580 640 480 420 660 700 640 460 0
