80 5
95 475 6 1
83 517 2 1
25 678 9 10
18 807 6 4
6 523 3 3
34 723 10 5
75 583 9 1
68 686 8 9
46 638 6 8
86 804 7 8
99 661 5 3
72 597 7 10
62 730 10 9
70 797 3 1
69 629 6 10
70 485 10 1
80 679 5 2
83 801 5 4
40 684 10 5
42 704 3 5
61 774 2 5
82 577 6 9
18 682 2 4
17 789 1 4
13 718 6 8
14 786 9 10
11 606 1 1
100 634 7 8
34 464 1 6
60 581 5 4
70 796 8 8
47 612 3 5
50 595 3 9
33 677 5 10
84 686 6 2
37 581 7 10
45 735 1 5
92 545 2 7
82 530 2 9
62 613 7 2
59 825 7 1
88 830 1 7
3 493 3 7
89 516 5 9
30 784 2 6
2 671 2 3
23 589 2 3
5 654 10 2
64 651 10 9
19 700 8 3
44 841 4 8
76 455 2 1
99 731 9 7
28 512 10 9
35 654 8 10
19 466 1 3
83 570 1 2
11 841 7 7
38 831 1 3
38 785 1 4
86 755 8 4
64 458 9 1
29 671 5 3
79 478 8 6
3 555 3 9
73 835 10 4
89 798 6 9
52 761 4 7
9 473 7 9
64 697 3 3
64 492 8 8
69 740 9 9
89 811 7 10
96 684 5 3
84 468 10 1
19 743 2 5
68 764 5 10
28 486 2 3
99 503 4 1
12 478 1 10
SETUP
0 25 17 32 40 26 26 27 23 19 5 12 32 20 30 27 23 33 22 14 20 13 37 30 22 37 28 23 25 31 28 23 33 9 29 35 26 37 30 18 29 26 26 13 28 27 15 27 22 24 15 28 35 31 31 27 23 29 26 36 18 18 28 35 39 21 32 32 29 24 31 27 13 29 29 29 9 24 23 34 31
0 0 28 18 15 27 1 30 26 12 23 27 28 14 25 24 16 30 28 22 28 27 27 27 28 20 30 28 32 7 21 24 12 27 4 35 25 27 28 19 28 21 15 29 22 16 21 28 14 17 14 24 32 24 23 18 29 28 24 27 17 30 37 33 36 18 11 33 29 22 18 31 12 32 26 16 30 30 22 27 25
0 18 0 36 33 31 19 35 6 30 30 19 35 28 38 22 25 23 20 27 24 20 28 28 15 30 29 23 18 25 21 31 19 17 22 28 37 21 29 12 28 22 20 6 27 20 23 21 30 31 28 16 41 25 31 35 25 31 21 31 19 9 30 41 38 25 28 27 31 24 26 20 26 12 23 17 27 24 24 28 14
0 16 25 0 27 17 17 29 31 28 30 20 28 21 22 23 16 28 31 29 16 20 11 23 25 20 15 25 27 19 21 33 19 18 18 21 26 24 23 25 23 15 21 23 4 23 25 27 15 24 14 31 23 6 32 14 25 32 9 16 16 25 35 29 23 21 23 33 29 26 18 26 23 28 12 27 22 21 21 14 7
0 31 24 15 0 22 32 29 30 27 26 23 33 26 22 14 24 32 13 25 20 20 24 27 23 23 21 15 28 23 36 37 19 22 26 25 29 22 24 4 27 21 25 27 10 23 29 13 29 16 20 31 29 21 31 15 29 30 13 19 21 29 32 41 21 27 27 19 29 24 23 26 28 32 16 29 27 16 27 14 22
0 32 39 45 31 0 32 38 44 41 29 33 39 33 18 34 35 42 42 36 30 34 32 33 33 23 22 32 32 33 45 46 27 32 35 35 39 38 33 34 33 31 25 37 33 29 38 37 44 27 26 39 25 40 40 11 17 41 23 18 33 39 44 44 35 39 28 43 37 35 30 29 37 42 26 33 19 35 38 23 50
0 36 31 38 36 38 0 43 31 41 39 26 41 13 28 24 26 41 40 35 30 26 38 29 38 19 43 32 33 23 32 28 28 32 35 35 29 37 30 31 29 31 20 33 42 32 20 34 25 16 30 40 40 25 35 34 38 43 23 27 26 29 37 37 40 17 27 38 36 28 34 37 28 37 26 38 45 34 32 39 32
0 22 22 35 32 20 22 0 13 34 37 17 34 24 38 25 23 30 31 36 18 17 14 29 22 22 19 27 25 21 28 35 26 20 25 23 25 26 25 22 25 19 23 25 30 30 27 29 28 28 26 23 27 30 35 31 14 37 11 29 29 28 22 12 28 20 25 35 37 28 27 32 24 19 14 24 20 23 34 36 35
0 27 18 42 36 25 27 29 0 32 34 13 33 22 32 25 28 17 23 27 18 14 22 33 9 24 24 26 12 33 15 25 23 11 30 22 32 36 24 19 23 25 25 15 24 25 17 25 27 25 25 10 35 34 25 34 19 39 27 31 27 19 29 35 43 24 34 25 39 18 30 25 23 6 20 11 21 19 31 26 24
0 30 36 14 40 30 30 42 34 0 35 31 41 33 35 29 29 40 28 20 26 31 24 28 25 20 28 16 25 32 34 42 30 27 31 34 39 24 29 26 28 28 22 32 17 20 34 33 28 36 27 42 37 19 36 27 33 38 22 28 21 30 33 42 36 27 32 30 38 39 31 19 29 36 25 26 35 31 27 27 21
0 20 13 28 35 24 21 36 19 15 0 8 28 16 25 23 26 29 17 10 15 9 36 31 25 33 41 24 20 27 33 19 29 5 24 31 22 32 25 13 25 22 22 9 31 23 11 22 28 19 11 23 31 28 27 34 36 25 22 39 13 13 24 43 35 17 28 28 25 20 35 23 8 25 25 25 40 20 19 29 26
0 23 6 34 36 36 22 37 12 21 28 0 20 27 40 16 21 22 14 27 22 1 28 29 20 25 35 17 23 25 26 30 25 22 27 27 31 25 25 6 29 23 25 12 33 26 28 15 33 31 31 16 40 27 19 32 30 32 15 33 24 15 17 44 32 12 29 21 32 12 31 26 29 17 18 17 33 15 30 22 19
0 26 34 33 31 31 26 41 29 34 31 33 0 21 30 31 20 41 38 29 30 30 26 29 32 33 29 32 34 33 36 11 21 32 19 35 32 31 31 30 30 16 22 36 18 22 16 34 29 24 28 33 39 15 32 27 35 24 23 29 29 39 44 34 37 35 20 37 24 31 27 40 37 34 26 31 36 26 13 28 37
0 23 23 26 24 26 24 41 29 28 36 30 28 0 16 11 14 38 31 23 28 18 26 23 37 30 37 26 27 30 19 15 25 29 27 27 46 40 24 23 23 20 31 22 29 29 7 28 12 4 26 33 27 12 22 31 33 37 29 30 35 22 24 31 40 40 24 25 37 15 32 35 34 34 32 34 36 28 28 26 19
0 37 31 31 28 11 38 43 37 39 39 35 49 34 0 19 40 45 36 34 28 26 35 32 24 33 32 20 22 42 34 38 33 23 40 45 50 43 18 31 18 41 35 28 32 29 30 22 39 9 15 41 12 30 30 21 27 39 33 28 40 32 29 48 25 46 37 28 39 37 39 29 47 34 36 35 22 32 46 28 38
0 22 12 35 37 39 23 31 18 27 26 31 35 19 33 0 32 35 21 28 18 8 25 14 27 29 37 17 17 29 30 31 19 20 26 33 38 32 14 13 14 29 31 18 33 23 23 17 31 23 28 23 38 11 26 25 36 28 22 35 31 21 34 41 37 32 18 15 28 19 26 26 34 24 24 24 38 22 36 16 26
0 33 25 23 34 29 14 41 31 38 37 38 21 11 26 21 0 34 28 33 35 20 19 33 39 32 27 31 38 36 18 24 28 36 30 38 35 39 34 20 34 6 28 31 27 32 17 29 12 14 36 35 25 23 29 34 25 31 28 23 38 31 34 23 38 30 27 30 31 25 34 33 41 36 31 34 31 16 19 31 30
0 28 23 37 33 37 19 43 29 29 38 34 26 24 33 17 15 0 25 23 10 18 31 25 21 38 35 19 21 25 32 27 27 12 32 15 42 20 17 23 17 11 30 17 36 17 19 21 26 27 31 32 39 28 15 35 30 38 32 28 29 19 36 37 39 35 28 27 38 8 33 17 29 22 6 20 37 15 27 28 36
0 30 12 40 42 38 31 37 18 27 14 22 41 30 39 13 33 22 0 23 11 8 32 27 26 32 41 23 26 26 33 33 27 18 33 33 35 25 26 12 27 29 31 18 39 31 25 21 37 33 24 22 44 24 19 35 36 38 21 39 27 21 38 47 38 31 28 21 37 12 33 32 22 24 24 22 39 4 33 22 25
0 35 19 19 44 33 36 36 25 6 15 22 41 26 23 14 34 29 28 0 6 15 29 27 30 25 34 16 21 21 33 34 25 19 33 39 36 29 17 20 26 33 27 23 22 25 25 14 33 29 25 30 34 24 26 32 38 31 27 33 27 28 33 47 41 32 25 19 31 20 32 25 23 31 30 29 32 11 32 21 26
0 30 13 41 39 35 30 38 19 28 29 32 35 27 33 8 34 23 22 30 0 9 32 21 27 33 41 24 16 15 28 35 20 21 27 34 33 26 21 14 22 30 32 19 40 24 27 23 37 30 22 24 40 19 21 26 37 36 23 41 25 22 41 48 40 29 19 22 36 14 26 33 20 25 25 23 38 5 30 24 27
0 23 5 33 35 36 23 36 11 20 27 23 37 27 39 15 26 27 14 26 21 0 28 28 19 24 34 16 23 24 26 35 24 21 26 26 30 24 25 5 28 22 24 11 32 25 27 14 32 30 31 15 39 26 18 31 29 31 14 32 23 14 33 46 31 29 28 20 31 11 30 25 29 17 17 16 32 15 29 21 18
0 32 28 32 30 27 32 42 29 31 26 22 31 24 29 26 32 31 34 26 30 23 0 25 31 33 25 28 29 33 38 37 15 30 21 30 37 30 26 26 25 31 35 34 35 19 31 30 31 28 36 27 13 23 26 21 21 39 23 41 39 36 38 19 26 34 14 35 39 25 22 35 34 35 26 17 27 34 43 30 32
0 23 14 22 25 29 24 27 20 22 17 18 22 6 20 2 19 30 20 16 9 10 22 0 22 16 28 3 5 24 18 18 6 7 14 30 28 21 2 14 1 25 17 11 25 10 10 5 18 9 16 18 27 13 13 12 23 15 23 24 24 16 21 32 24 18 5 11 15 16 12 12 25 26 21 16 24 14 29 12 25
0 40 36 42 28 27 41 36 42 34 42 31 36 18 27 28 31 39 38 28 27 32 29 33 0 31 25 36 38 31 37 21 31 30 34 33 37 35 34 31 34 29 33 34 16 35 13 38 30 21 26 27 39 30 40 26 29 44 21 25 27 37 41 27 35 33 30 41 41 33 30 35 34 40 24 29 32 32 33 26 37
0 24 24 31 34 36 24 36 30 31 27 23 32 16 29 12 24 31 29 25 19 20 32 10 29 0 36 13 15 23 28 28 16 17 23 25 23 27 12 24 11 21 2 21 35 19 20 15 28 19 25 28 36 23 23 22 32 25 13 8 29 25 30 38 30 21 15 21 25 25 22 19 28 32 16 26 34 23 34 22 35
0 33 28 37 27 2 31 39 28 25 30 22 18 11 20 22 18 34 21 20 26 23 31 21 24 25 0 24 26 32 30 26 24 28 31 34 38 37 23 28 22 24 26 32 17 14 18 26 23 14 26 36 27 23 30 12 11 36 22 20 29 23 35 41 31 34 26 32 36 26 8 13 36 30 25 20 17 25 30 24 30
0 28 21 36 40 31 29 38 26 23 32 16 35 24 33 21 31 32 19 17 19 16 29 19 30 30 29 0 23 30 33 27 21 12 29 32 36 34 20 11 20 28 29 16 39 11 18 20 33 27 34 31 42 32 23 30 24 33 20 28 29 21 18 47 37 27 23 26 34 27 27 11 35 28 23 18 31 23 34 27 34
0 35 19 38 38 33 36 29 25 25 24 31 35 26 33 14 38 29 28 20 6 15 24 27 28 19 35 16 0 21 13 33 19 19 27 36 34 32 24 20 28 35 21 23 31 23 25 14 37 29 28 30 37 25 23 32 36 30 28 27 31 26 33 41 46 34 25 13 29 20 25 26 26 31 31 29 39 11 36 14 33
0 28 28 26 24 20 24 23 19 20 16 22 21 14 18 22 22 29 24 15 21 23 22 20 21 20 27 23 25 0 29 29 5 20 12 29 18 20 21 15 21 19 21 22 25 9 21 24 22 17 7 17 25 18 16 11 22 21 24 28 10 26 37 35 31 14 4 30 22 15 11 29 5 25 20 15 23 26 15 20 33
0 36 18 46 46 21 37 46 24 33 39 37 38 37 38 25 27 25 27 36 22 14 29 38 32 38 28 27 30 37 0 34 28 25 36 24 44 38 26 18 26 23 37 24 32 30 31 25 33 40 40 21 42 36 11 31 37 42 27 38 37 14 44 47 44 42 34 31 42 18 35 29 42 30 18 18 39 10 40 32 31
0 34 34 28 29 32 35 36 25 26 22 29 26 20 24 28 22 33 29 21 27 30 25 26 27 40 31 29 30 40 35 0 11 26 18 35 32 25 27 21 26 26 32 30 31 15 21 30 28 23 32 23 31 24 21 17 26 34 30 33 35 35 42 24 40 38 10 36 34 20 17 35 30 31 26 21 29 32 23 21 33
0 31 24 22 19 24 24 27 19 16 11 19 16 10 25 17 19 25 19 11 17 20 22 16 16 31 22 19 20 31 25 24 0 16 8 25 33 15 17 23 16 21 33 20 21 5 16 21 18 13 22 12 31 21 17 27 17 30 26 32 24 24 33 37 29 28 20 26 30 10 7 25 19 25 16 11 21 21 28 27 28
0 16 25 34 31 31 17 42 25 22 27 27 30 12 21 22 25 34 13 16 22 20 36 27 32 35 37 23 25 23 30 15 25 0 20 27 38 31 21 25 21 26 18 5 27 19 7 25 24 15 27 35 33 24 32 31 32 30 25 36 17 9 29 38 43 23 24 31 30 25 31 19 24 31 28 25 36 17 23 32 28
0 30 24 14 12 28 25 40 30 31 30 34 32 21 32 25 12 42 24 29 30 30 25 32 33 34 27 27 37 30 17 20 19 32 0 35 39 32 33 15 33 18 35 30 18 23 23 25 10 24 28 31 36 20 27 25 31 41 23 30 30 30 44 29 32 35 18 29 40 29 25 37 34 36 26 29 36 27 30 25 21
0 18 15 36 28 30 19 29 21 24 29 20 25 19 29 4 14 11 21 19 9 11 23 17 24 25 32 5 6 24 19 23 18 8 22 0 38 28 3 15 2 10 20 6 28 14 14 7 25 22 17 26 36 15 14 28 27 23 24 27 19 10 22 36 25 25 21 12 24 19 25 14 26 21 5 20 33 14 24 14 29
0 26 21 10 36 27 18 21 27 33 31 16 35 27 31 29 17 37 29 30 25 17 20 31 28 21 25 31 32 23 31 35 20 28 27 30 0 33 29 21 28 23 13 27 14 24 27 30 24 30 24 32 33 15 23 24 34 28 19 25 21 19 32 32 33 7 26 14 28 28 26 36 24 33 22 30 31 30 27 15 17
0 41 26 35 29 23 42 37 32 22 31 32 37 19 29 19 32 40 35 17 22 22 30 32 2 32 26 21 33 32 38 22 30 31 36 34 38 0 29 26 33 30 34 32 17 31 14 19 31 22 12 29 32 30 40 27 30 35 22 26 28 35 38 28 36 34 31 24 36 33 31 31 36 38 25 30 33 27 34 26 38
0 23 13 35 35 28 24 26 19 22 27 21 32 17 30 1 30 32 22 16 10 9 21 14 24 23 32 6 4 25 16 31 16 18 23 34 36 25 0 13 15 30 24 19 28 17 23 4 28 20 14 23 34 12 27 26 30 21 22 30 32 22 23 38 38 32 19 10 21 20 22 17 29 25 25 23 36 15 37 11 26
0 32 20 35 30 39 33 32 26 23 23 20 32 22 35 10 21 28 9 22 16 16 26 24 25 20 38 12 24 20 36 33 21 19 29 21 26 24 20 0 23 17 21 23 33 22 25 10 32 25 26 31 34 21 28 30 35 26 9 28 29 26 29 43 27 26 23 15 27 21 28 22 24 28 12 29 41 12 34 17 34
0 22 14 35 27 28 23 27 20 22 28 18 32 17 27 2 30 33 19 17 10 9 22 15 25 23 30 3 5 25 17 21 17 6 24 32 36 26 1 13 0 28 24 11 29 12 13 5 29 20 15 24 35 13 13 27 25 22 22 29 23 15 20 38 23 29 20 11 22 20 23 12 30 25 23 19 31 15 29 12 27
0 36 19 27 38 32 17 44 25 33 33 32 15 14 30 24 4 28 22 32 29 14 23 34 33 32 31 25 36 32 22 18 22 30 29 34 38 36 34 14 34 0 26 25 30 26 21 23 15 18 39 29 28 26 26 28 29 28 22 17 37 27 38 27 39 34 21 29 29 19 28 28 37 30 25 28 35 11 17 30 32
0 22 32 31 37 45 23 41 38 34 45 27 46 36 47 35 35 42 41 44 30 28 39 33 39 23 44 36 37 29 43 45 34 33 26 36 21 38 34 32 33 32 0 37 34 38 39 38 36 39 31 42 49 36 44 40 39 46 24 31 34 39 42 37 41 26 33 34 46 38 40 41 29 43 27 38 45 35 40 36 38
0 12 28 30 27 34 13 42 29 24 32 23 37 26 37 24 25 35 37 21 27 24 32 22 34 31 32 25 27 19 32 35 24 29 16 33 33 34 24 28 23 22 14 0 34 15 32 27 26 29 22 35 42 35 31 30 28 25 21 31 13 24 24 43 38 19 22 33 25 33 30 14 20 31 24 21 34 31 19 34 27
0 29 21 31 23 13 28 26 27 29 26 16 24 17 18 20 17 24 27 26 12 17 21 24 21 16 12 22 23 16 35 29 16 15 23 17 22 20 20 21 19 13 17 19 0 20 21 24 28 20 11 27 25 29 31 11 22 29 5 12 12 22 32 37 19 18 19 29 25 25 14 23 19 25 8 26 18 17 17 11 34
0 34 25 25 29 20 20 37 15 12 21 28 26 17 29 13 20 28 29 7 13 21 32 12 23 27 18 15 16 27 22 29 10 18 18 21 39 25 13 25 12 17 29 22 29 0 21 17 28 20 27 22 35 24 24 23 13 26 34 34 33 20 32 43 35 29 16 22 26 20 17 23 29 21 12 21 20 17 33 23 32
0 28 28 31 29 25 29 44 33 21 30 35 24 6 15 16 19 31 37 16 22 24 31 21 35 35 39 24 26 35 24 9 19 27 23 21 40 34 22 28 22 25 30 27 35 23 0 26 18 9 29 31 26 18 28 25 34 33 35 36 32 27 29 32 39 38 18 29 33 21 25 33 38 39 25 29 37 27 21 29 25
0 23 13 31 31 30 23 22 19 18 23 17 28 13 26 1 26 34 21 13 18 8 17 14 21 30 28 2 15 30 27 28 12 14 20 33 32 21 11 13 15 30 23 18 24 13 19 0 25 16 23 23 30 12 25 26 26 17 22 26 31 22 20 34 38 29 19 6 17 19 18 13 31 25 25 20 32 23 36 7 26
0 32 14 24 30 27 15 35 20 34 34 33 22 11 26 21 2 32 20 29 29 20 20 33 29 33 26 32 32 38 7 22 25 31 18 30 36 35 32 21 32 8 29 20 28 29 14 30 0 14 36 28 26 22 18 33 21 32 29 24 33 20 34 19 39 31 26 19 32 25 31 34 40 26 25 24 27 17 21 20 28
0 28 32 23 21 22 29 47 38 40 45 27 43 34 12 30 38 48 33 40 36 27 33 28 35 27 35 31 33 34 44 46 34 35 32 43 44 42 29 24 29 38 28 19 26 33 37 33 37 0 23 42 24 26 41 33 30 43 31 27 32 41 21 51 37 37 33 39 43 38 34 33 39 43 34 39 33 36 37 34 30
0 45 49 42 27 14 46 38 46 43 38 44 43 33 26 38 45 51 39 38 41 45 32 42 15 36 35 39 40 44 51 35 27 37 35 46 46 42 37 31 36 42 38 42 29 31 27 40 44 23 0 39 20 45 44 24 30 41 34 30 40 46 43 42 25 46 42 44 32 37 34 40 46 52 37 37 32 43 46 23 44
0 33 27 40 39 32 31 43 21 27 32 34 31 27 38 23 18 16 30 22 15 23 13 24 30 39 31 24 26 30 24 32 21 18 28 20 42 35 23 27 22 16 35 22 41 16 24 26 17 30 31 0 26 33 16 34 29 38 30 33 34 25 41 31 39 38 27 32 38 13 27 16 29 27 11 2 35 20 33 33 40
0 44 40 31 17 19 34 32 36 33 33 40 37 31 26 30 32 38 29 28 33 36 24 32 18 40 22 32 37 40 43 38 22 37 29 37 46 36 34 21 33 37 37 35 26 21 30 30 39 16 27 34 0 37 38 30 17 35 29 36 37 41 37 42 13 43 37 35 32 31 28 35 41 42 32 23 23 32 43 17 38
0 11 33 29 26 38 12 41 37 23 33 28 38 25 36 29 26 36 38 33 24 29 14 36 33 28 36 30 35 18 31 34 23 27 15 29 34 32 32 30 31 25 25 31 32 27 31 28 25 28 25 34 27 0 33 28 32 28 18 36 27 34 44 30 35 28 21 34 29 32 29 41 23 37 20 27 38 29 33 35 36
0 38 28 47 37 29 37 47 34 36 45 44 35 33 43 27 24 26 34 31 19 23 23 36 27 40 42 29 22 34 23 36 34 22 41 24 50 45 27 28 26 20 39 26 40 24 28 31 27 37 41 27 36 38 0 39 37 47 37 37 39 22 46 41 49 44 37 35 47 28 41 30 39 24 15 12 44 20 37 36 41
0 38 31 35 21 18 39 46 33 33 18 26 35 28 8 26 38 44 33 27 33 27 36 34 31 40 32 26 29 43 42 37 19 23 27 44 39 34 26 24 25 40 18 27 30 23 29 30 37 17 22 31 15 32 30 0 27 43 33 33 31 31 37 39 28 35 18 35 43 29 25 36 26 39 35 29 13 36 37 31 42
0 38 27 38 23 7 36 42 33 30 35 27 22 16 25 26 23 39 26 25 28 23 35 26 28 29 5 20 31 32 34 31 28 31 27 34 38 36 27 27 27 29 31 33 17 18 23 31 28 19 16 38 22 28 35 17 0 41 22 24 28 28 38 33 26 34 31 37 41 31 13 18 35 35 25 25 7 29 34 27 35
0 24 20 25 29 24 25 17 26 22 7 15 33 6 14 16 19 19 22 16 22 15 24 26 10 17 35 25 27 26 24 21 19 11 26 33 15 9 28 14 27 21 6 12 25 23 12 23 18 9 17 30 25 18 12 26 31 0 23 24 20 20 22 29 38 22 29 13 1 21 25 26 15 31 25 24 35 23 25 14 13
0 24 16 26 21 31 25 24 22 31 26 11 23 14 29 15 12 19 22 25 7 12 28 19 16 11 37 17 18 11 30 24 15 10 23 12 17 15 15 16 14 8 12 14 30 19 16 19 23 17 17 26 26 26 26 21 32 32 0 19 20 17 27 35 18 17 14 24 28 20 21 25 15 20 3 25 34 12 25 25 29
0 29 21 31 26 28 30 29 26 23 31 16 28 18 33 19 17 24 27 18 12 16 29 19 21 16 28 21 23 15 33 29 20 14 27 17 22 20 19 21 19 13 17 19 34 11 21 23 28 21 22 31 30 30 24 26 24 34 5 0 25 21 32 39 22 22 19 29 23 17 26 11 20 24 8 18 31 17 30 22 34
0 25 20 30 34 23 17 31 25 17 24 15 24 23 30 22 13 36 29 28 30 16 23 23 25 30 37 26 25 14 31 27 18 28 26 38 21 26 21 21 23 9 15 26 34 22 29 25 24 26 10 30 30 30 29 24 33 17 27 26 0 18 31 31 34 6 17 30 17 27 24 35 8 31 30 28 37 19 6 31 30
0 34 17 49 41 31 35 33 16 42 40 29 38 27 36 37 31 33 36 37 30 30 38 41 25 34 30 22 28 33 31 29 29 27 36 35 40 38 38 28 37 28 35 23 19 33 21 37 36 30 29 26 43 31 23 29 35 47 24 30 30 0 40 45 37 36 36 41 43 16 32 33 37 22 26 27 28 35 36 29 20
0 29 12 33 37 34 21 27 18 26 26 6 26 24 32 22 27 27 13 29 23 7 34 27 26 17 40 23 29 14 32 36 19 28 26 33 24 31 28 12 27 29 18 18 37 23 31 21 36 27 21 22 39 32 25 25 36 35 21 24 24 21 0 39 38 18 18 27 31 18 25 31 19 23 24 23 37 16 29 28 25
0 13 26 31 25 9 14 39 31 25 28 24 24 18 27 14 17 33 28 26 23 22 2 27 30 31 7 19 17 20 23 33 17 31 17 32 38 32 13 26 27 23 28 32 19 20 24 17 16 21 18 29 15 19 28 19 2 34 24 26 30 30 36 0 28 31 16 23 34 27 15 20 25 37 26 19 9 28 35 24 34
0 35 28 19 4 25 35 33 34 31 30 27 27 29 26 17 28 35 16 29 23 23 11 31 16 27 24 19 31 27 38 36 22 26 30 28 33 25 27 8 30 24 28 30 13 26 28 17 33 20 23 34 20 24 34 18 19 34 17 23 25 33 36 29 0 30 25 23 32 28 27 29 31 36 19 27 25 20 30 18 26
0 30 15 33 44 33 11 27 21 29 36 9 29 21 36 24 10 30 23 36 30 10 29 38 29 29 37 26 32 33 28 34 33 31 33 35 30 34 34 15 37 16 20 21 31 34 27 24 21 24 19 25 34 32 28 41 35 29 23 33 22 13 25 33 40 0 37 30 30 21 40 34 17 26 26 26 40 24 28 31 28
0 25 25 23 20 25 25 28 16 17 13 20 17 11 15 18 20 26 20 12 18 21 18 17 17 31 23 20 21 31 26 25 2 17 9 26 23 16 18 12 17 22 25 21 22 6 17 21 19 14 23 14 22 14 12 8 19 31 21 33 25 25 34 35 30 29 0 27 31 11 8 26 20 21 17 12 20 22 29 28 29
0 32 28 28 25 24 30 17 25 22 17 25 22 16 20 16 25 31 16 17 23 23 12 22 15 27 23 18 19 27 31 25 7 16 14 28 31 21 16 8 15 24 22 20 19 11 17 17 24 19 17 18 24 27 23 29 23 20 16 20 30 25 23 28 34 33 25 0 16 16 13 26 25 31 19 17 27 20 34 2 29
0 24 28 24 29 31 24 28 34 32 17 25 33 6 21 16 19 38 22 26 29 23 24 28 27 28 35 25 31 26 24 20 19 22 26 33 15 33 28 14 27 21 6 12 28 23 12 23 17 9 28 31 32 17 12 36 36 32 23 33 19 27 29 36 40 22 29 13 0 21 25 26 25 36 26 24 39 26 25 14 13
0 38 21 33 44 36 39 36 23 42 47 36 42 40 40 25 31 26 40 37 26 30 30 38 31 46 46 26 28 41 30 43 40 29 42 22 53 42 24 32 24 27 40 27 37 30 35 28 34 43 38 30 43 36 7 32 41 45 41 44 39 26 43 48 47 45 43 34 45 0 46 30 45 29 22 19 44 27 44 35 34
0 26 20 29 27 27 27 40 26 31 27 14 10 3 19 14 17 34 13 26 24 15 29 26 23 30 26 28 30 30 22 18 28 29 29 30 36 34 27 20 26 22 31 25 14 32 10 29 15 7 25 30 25 15 25 22 26 34 19 26 26 25 27 34 23 26 27 28 34 18 0 36 33 31 22 31 14 17 22 25 22
0 31 22 25 29 20 21 28 15 12 22 26 26 14 28 10 21 21 28 7 13 18 18 9 20 24 18 12 13 26 22 26 11 15 18 21 32 26 10 22 9 17 26 19 29 1 18 14 23 17 24 23 31 21 17 20 14 23 15 18 32 11 29 37 32 26 13 19 23 21 17 0 30 17 12 7 20 18 34 20 30
0 27 23 23 29 16 20 28 29 22 24 18 29 22 28 27 18 36 32 33 27 19 28 28 17 31 37 31 29 19 30 32 23 28 31 31 14 25 26 24 28 14 20 20 27 27 29 30 29 25 3 34 23 29 29 26 33 17 20 31 5 21 34 36 27 9 22 27 17 30 29 34 0 35 23 33 34 24 11 25 29
0 35 25 36 30 29 30 24 26 31 30 34 36 21 29 20 25 11 31 26 12 21 30 28 3 18 28 22 7 27 19 24 21 19 29 26 27 30 28 26 27 22 19 23 18 25 15 20 33 24 29 30 41 31 25 29 32 37 23 26 30 27 39 30 37 34 31 19 35 19 28 28 32 0 17 24 35 17 35 21 39
0 23 17 32 28 37 22 38 23 28 33 29 20 19 28 12 9 16 20 23 4 13 28 25 19 34 36 14 15 19 27 21 24 7 27 9 37 30 12 18 11 6 24 11 32 23 13 16 20 22 26 28 33 23 23 30 34 32 26 22 24 14 31 32 34 29 23 21 33 18 30 23 24 17 0 26 40 9 22 23 31
0 42 26 40 41 38 30 46 32 30 38 34 37 26 40 29 17 15 34 25 24 21 12 27 35 42 36 30 31 39 23 37 27 27 32 29 41 34 28 26 27 23 44 31 44 19 29 32 16 29 30 18 25 34 15 33 32 41 33 36 33 29 47 30 37 37 25 34 41 22 33 19 28 35 20 0 38 25 36 36 39
0 33 34 43 37 21 34 44 39 36 37 29 37 27 26 24 36 43 33 31 30 30 28 22 27 35 19 14 26 34 39 39 27 26 35 36 41 39 23 25 22 32 36 30 19 25 31 27 39 30 13 39 33 22 34 19 15 36 24 28 31 34 31 26 37 36 26 32 36 37 27 24 38 40 27 31 0 35 36 29 46
0 26 9 36 38 39 27 40 15 23 31 27 40 30 39 18 29 18 17 30 24 4 29 32 23 28 38 20 26 28 29 39 26 25 30 30 34 28 28 9 31 26 28 15 35 28 31 18 34 33 35 19 42 29 16 32 33 35 18 36 27 17 37 48 35 33 25 24 35 9 32 28 32 20 21 18 35 0 33 25 22
0 31 22 26 40 33 20 29 28 33 19 26 19 17 25 19 7 30 26 28 25 17 18 17 21 28 32 20 22 35 25 22 23 23 30 37 26 20 18 17 18 4 9 23 30 27 24 22 18 20 29 32 31 24 24 29 27 12 25 20 31 31 34 25 40 33 22 24 12 22 29 29 26 33 28 32 33 14 0 25 24
0 36 29 27 24 23 29 15 24 21 16 24 21 14 19 22 24 30 24 16 21 24 10 20 14 33 21 23 25 33 29 24 5 20 13 30 29 20 22 28 21 26 21 25 17 9 16 25 23 18 16 17 23 26 22 27 22 19 22 19 29 29 22 27 34 33 24 27 15 15 11 30 24 29 21 16 25 26 33 0 27
0 23 27 35 37 34 23 37 32 33 29 36 23 22 29 32 12 36 30 28 34 22 26 33 34 33 36 33 38 14 23 26 18 33 25 40 31 33 34 22 34 8 34 33 38 22 29 31 17 26 20 30 36 12 26 24 31 34 29 25 23 35 46 29 44 27 17 35 35 19 24 36 18 38 32 28 36 18 25 33 0
