80 4
32 632 632 1 7
99 246 246 5 1
81 440 440 10 9
7 561 561 4 5
60 388 388 7 1
84 308 308 5 6
93 600 600 9 6
56 347 347 6 3
44 465 465 6 4
26 308 308 10 2
38 356 356 3 8
56 600 600 9 8
67 302 302 5 9
41 562 562 2 7
17 331 331 2 8
68 262 262 5 9
57 286 286 6 3
83 564 564 8 8
100 409 409 4 4
24 663 663 5 4
54 252 252 4 8
85 482 482 5 6
60 551 551 10 5
1 545 545 4 10
97 526 526 10 7
53 345 345 7 2
82 299 299 8 9
9 236 236 7 3
26 569 569 5 10
53 380 380 2 10
79 342 342 8 6
54 476 476 2 10
8 392 392 4 3
68 621 621 5 6
17 595 595 7 4
55 360 360 1 5
7 625 625 9 1
32 230 230 2 5
12 230 230 5 5
80 443 443 4 1
76 342 342 8 8
11 382 382 5 5
81 431 431 8 3
4 504 504 10 5
34 619 619 8 2
69 578 578 7 9
87 627 627 2 7
62 246 246 9 4
85 627 627 10 7
55 279 279 6 3
67 555 555 9 10
82 655 655 2 7
92 393 393 10 5
15 617 617 10 2
68 325 325 9 3
74 334 334 2 9
60 484 484 5 9
38 387 387 8 5
62 491 491 10 9
97 409 409 3 4
76 472 472 2 9
95 476 476 6 4
77 483 483 8 6
88 312 312 7 9
17 459 459 6 1
90 296 296 5 9
38 408 408 6 9
78 269 269 9 10
63 654 654 8 4
25 618 618 7 9
79 514 514 9 5
29 433 433 9 2
18 310 310 9 5
39 285 285 3 4
60 334 334 8 6
37 570 570 8 1
27 376 376 9 1
83 586 586 3 4
35 414 414 9 9
100 280 280 8 7
SETUP
0 14 21 11 29 32 33 29 10 25 9 22 15 18 23 39 22 14 34 31 28 14 23 25 16 16 32 16 29 22 34 24 35 19 39 37 22 38 33 25 8 28 24 26 20 16 22 25 24 31 18 31 28 31 30 20 23 27 14 28 30 22 26 21 28 26 32 16 14 21 17 24 45 33 25 23 17 37 22 18 27
0 0 7 38 27 34 19 20 22 27 14 27 28 26 9 30 13 23 21 25 19 20 9 23 28 7 31 22 17 23 21 22 26 18 29 24 25 24 24 11 20 20 17 12 21 25 13 19 18 17 11 17 21 18 17 6 9 17 1 24 26 16 12 31 30 21 25 7 16 12 25 10 35 19 27 16 30 33 28 25 19
0 29 0 45 20 27 26 13 15 21 13 27 33 25 28 26 6 31 26 18 12 18 27 26 21 1 39 27 14 20 23 28 20 25 37 43 27 42 20 21 13 13 28 33 25 22 27 21 29 25 22 19 14 28 22 26 27 30 25 32 37 25 32 28 42 14 37 21 28 5 21 28 44 37 34 9 35 29 31 26 27
0 4 11 0 19 25 22 19 16 14 15 30 4 8 12 31 11 15 24 23 21 20 12 15 24 6 22 5 18 15 24 26 25 9 28 27 28 27 25 14 14 18 21 15 24 12 16 14 21 21 14 20 17 21 20 9 12 21 4 28 19 11 15 18 17 20 21 10 3 10 21 13 35 23 14 12 6 26 11 28 22
0 9 16 47 0 38 6 24 19 20 21 28 20 24 18 37 17 32 29 29 27 26 18 20 22 11 19 22 25 21 29 25 30 14 38 32 34 33 31 20 20 23 20 21 23 29 22 7 26 26 20 26 25 26 25 15 18 26 9 33 34 25 21 34 23 25 17 16 9 16 29 19 44 28 20 20 23 37 22 34 28
0 28 14 47 34 0 27 27 28 34 27 32 38 31 31 35 19 37 39 27 25 32 32 39 26 14 35 35 28 15 32 41 33 8 31 34 40 41 29 29 26 26 30 23 33 23 29 14 42 8 36 32 28 27 36 33 34 33 28 5 30 34 39 15 25 28 38 23 27 18 34 36 33 45 36 23 35 7 29 39 20
0 4 10 41 19 32 0 18 13 14 15 23 15 18 12 31 11 26 24 23 21 20 12 14 17 6 22 16 20 15 24 25 25 9 32 27 28 27 25 14 14 18 19 15 22 23 16 1 21 20 14 20 19 21 20 9 12 20 4 28 29 19 15 29 17 20 11 10 3 10 24 13 38 22 14 14 17 31 17 28 22
0 17 24 55 23 29 14 0 26 27 26 29 28 31 25 13 24 29 21 5 20 31 16 28 23 19 35 29 23 22 10 29 22 22 42 40 18 32 7 23 25 11 26 28 29 31 23 14 27 34 20 33 17 30 17 22 18 17 17 34 27 29 29 37 30 33 24 23 16 7 32 19 39 28 27 12 30 36 30 34 31
0 26 33 55 40 51 30 32 0 37 32 46 37 35 34 29 25 46 33 21 30 30 21 37 40 26 44 34 33 38 26 45 32 31 45 49 38 36 23 34 37 38 30 37 33 27 13 21 30 43 24 38 34 34 29 32 21 17 26 24 43 31 38 32 40 28 38 7 26 30 35 22 36 32 37 29 33 47 36 38 31
0 27 25 48 38 41 25 23 34 0 18 40 39 25 34 24 27 44 25 27 34 38 14 32 34 22 46 29 32 21 32 26 40 15 37 36 33 31 18 30 32 34 24 24 28 16 25 20 25 14 19 35 32 15 21 31 16 19 27 34 36 33 38 22 41 36 32 30 27 26 30 17 39 26 38 27 34 45 11 33 27
0 25 22 32 34 24 36 24 19 38 0 41 35 12 27 35 28 42 45 28 31 23 34 32 35 22 45 31 33 30 33 33 39 30 52 34 24 46 30 30 17 34 29 22 30 17 23 35 16 29 9 41 36 35 41 31 34 35 25 29 24 41 37 23 41 29 45 26 27 24 22 32 50 41 38 31 29 30 33 47 30
0 29 29 53 43 27 26 25 32 40 33 0 28 26 26 25 32 39 40 30 6 19 30 38 35 29 47 29 8 20 35 39 36 34 33 39 28 45 23 29 33 36 35 27 38 17 22 27 39 34 33 37 39 35 38 35 30 16 29 32 36 30 22 23 43 4 32 31 29 21 11 31 37 40 40 37 29 34 35 36 21
0 15 20 39 26 22 32 19 13 33 12 29 0 4 19 31 25 12 22 23 18 17 11 24 23 20 31 2 15 33 28 27 32 28 25 33 26 28 25 22 11 30 21 26 24 9 15 29 22 28 16 32 27 27 18 21 13 27 15 27 16 30 27 14 30 16 18 20 22 24 17 14 32 23 32 24 3 23 8 30 26
0 13 20 40 23 31 28 31 10 30 8 29 35 0 16 30 23 30 33 31 19 13 22 34 23 18 41 22 22 31 30 23 31 25 42 37 22 37 24 18 8 30 23 25 20 5 11 25 24 24 17 30 31 23 29 19 22 24 14 33 12 29 25 11 38 17 33 16 24 22 13 23 45 32 35 27 17 38 21 38 23
0 18 19 41 32 27 25 28 29 34 21 33 34 25 0 30 10 15 24 22 23 11 13 19 31 16 34 26 8 16 27 14 32 10 32 30 20 28 24 3 27 29 21 18 24 17 19 15 22 9 16 23 30 10 20 12 13 24 7 31 31 22 18 22 22 21 29 13 22 17 24 14 34 23 27 25 36 33 31 30 22
0 4 11 42 19 31 1 3 14 15 16 23 15 19 13 0 12 27 17 7 22 21 5 15 17 6 22 17 20 16 12 26 24 9 29 27 20 20 9 15 15 13 14 16 17 24 17 2 14 21 8 21 19 21 13 10 5 19 5 28 29 20 16 29 18 20 12 11 4 9 21 6 31 16 15 14 18 32 17 22 23
0 29 25 52 33 35 34 35 30 42 29 41 35 25 27 33 0 25 34 38 13 34 37 20 35 25 45 37 16 26 40 41 28 20 31 47 37 45 30 29 28 37 42 35 41 16 36 25 43 19 38 13 31 31 34 34 37 35 29 40 37 25 29 22 43 12 40 30 36 29 18 39 44 48 28 34 36 23 41 44 28
0 4 11 28 29 36 22 22 24 31 18 29 31 30 12 33 15 0 24 27 22 23 12 25 23 10 20 25 20 27 24 26 29 21 32 27 29 27 27 15 22 22 20 15 23 28 17 23 21 21 14 20 23 21 20 9 12 21 4 28 30 19 16 31 18 24 29 11 20 14 28 14 38 23 31 18 33 36 31 29 23
0 29 10 48 20 37 25 23 17 31 16 37 40 28 37 36 16 28 0 27 22 21 36 7 31 10 38 29 24 29 32 31 24 26 46 50 30 25 30 25 15 22 31 38 28 32 30 26 32 31 25 29 24 32 30 34 35 34 29 29 40 30 28 37 42 24 36 24 28 15 25 36 36 45 15 19 42 38 35 36 35
0 12 19 50 19 40 9 11 22 23 24 25 23 27 21 9 20 25 25 0 30 29 13 23 19 15 30 25 28 24 5 34 32 17 37 36 28 28 3 23 23 21 22 24 25 32 19 10 23 29 16 29 13 29 21 18 13 13 13 31 22 24 24 37 26 28 20 19 12 17 29 15 39 24 23 8 26 40 26 30 26
0 24 24 47 38 22 21 22 29 35 28 36 35 20 32 20 26 41 35 26 0 33 25 33 30 24 42 34 3 23 31 43 31 29 27 34 24 40 29 32 27 33 29 22 33 12 31 21 34 29 28 39 34 29 32 30 25 30 24 27 32 39 36 17 37 37 27 26 23 16 33 26 36 35 35 32 37 28 37 42 16
0 36 38 48 41 40 37 23 18 44 17 38 44 29 39 36 42 32 41 28 33 0 39 48 32 38 47 30 24 34 33 32 34 38 48 50 9 51 30 35 16 34 32 39 29 33 30 35 32 38 26 52 37 38 37 41 39 35 36 42 21 49 47 38 50 39 47 25 39 19 13 37 54 46 50 35 26 42 36 52 23
0 13 20 51 24 47 22 33 29 36 27 31 36 39 22 43 26 32 12 37 31 32 0 19 25 20 43 35 23 33 33 33 35 27 42 36 37 36 37 24 27 32 30 25 33 32 26 23 30 27 24 30 18 30 8 19 22 30 13 36 39 25 25 38 39 34 33 20 25 25 16 23 30 32 27 14 39 46 38 38 26
0 22 12 41 13 33 19 25 11 33 9 36 33 21 30 38 18 38 34 30 24 15 30 0 30 12 32 23 26 24 34 24 31 25 47 43 23 25 32 33 9 24 25 31 21 26 23 19 25 24 18 31 26 39 30 28 30 27 22 35 33 23 21 32 35 26 30 17 21 17 18 30 36 39 9 21 35 39 29 38 28
0 27 32 51 38 33 30 31 25 43 24 7 13 16 31 29 30 24 35 35 12 25 23 36 0 25 36 14 14 17 40 39 40 38 37 45 34 40 29 34 23 37 33 33 36 21 27 30 34 40 28 43 38 39 31 33 25 22 28 12 21 36 28 27 42 10 30 32 32 26 17 26 43 35 43 33 15 35 20 42 26
0 29 23 45 20 27 26 13 15 36 13 27 33 25 28 26 6 30 26 18 16 18 27 25 21 0 39 27 19 19 23 28 19 25 37 43 27 42 20 21 13 13 28 35 25 22 27 21 29 25 22 19 14 28 22 26 27 30 25 32 37 25 32 27 42 14 37 21 28 5 21 28 44 37 34 9 35 29 32 44 31
0 22 18 50 23 26 24 27 27 32 19 29 33 31 14 34 23 27 25 31 28 24 14 23 23 18 0 6 19 22 32 27 29 15 34 28 30 29 28 16 25 30 1 17 4 27 17 21 22 22 16 16 17 23 21 11 14 22 5 29 16 21 17 33 33 32 30 11 21 15 30 15 36 24 31 26 21 32 12 30 24
0 22 27 45 33 20 31 28 32 43 14 39 43 25 29 34 27 39 21 33 38 36 9 28 33 27 46 0 13 31 35 37 41 28 36 39 28 26 28 26 30 39 20 27 23 22 35 32 21 28 14 39 27 33 17 27 11 39 22 25 37 34 34 28 37 39 28 29 32 26 25 13 31 22 36 23 39 27 6 28 24
0 28 30 55 35 36 35 36 27 34 26 33 39 18 33 34 24 39 33 39 27 31 37 31 27 30 52 36 0 20 34 41 28 39 25 40 39 43 28 29 25 42 34 28 37 9 28 29 37 41 35 37 31 27 31 34 37 28 29 39 30 39 40 15 42 35 24 23 33 13 31 38 33 39 39 36 35 43 39 53 36
0 38 36 55 31 31 37 44 41 50 40 31 37 41 37 42 32 34 30 44 22 34 35 31 25 36 49 37 25 0 49 36 23 39 49 32 43 50 46 25 39 41 43 40 46 33 41 25 37 38 38 45 27 32 26 34 35 46 29 36 46 19 40 39 52 35 25 35 39 9 35 36 48 45 39 32 30 38 41 43 37
0 23 17 55 14 44 19 23 31 33 24 20 27 30 29 21 22 33 37 27 26 31 25 33 14 17 32 25 28 30 0 39 33 28 49 32 26 30 14 32 29 22 28 21 31 35 14 20 34 36 28 35 8 35 33 28 25 8 23 26 34 22 33 37 36 24 30 29 22 21 30 26 41 36 33 3 24 42 31 42 22
0 31 38 28 42 51 41 42 29 42 28 48 31 20 35 40 39 29 47 46 38 33 36 42 42 33 48 33 41 40 49 0 50 33 45 54 41 35 34 37 27 45 43 42 39 24 31 38 43 43 37 47 45 42 43 37 37 27 31 51 32 39 43 30 44 37 49 34 30 37 33 39 47 48 42 40 34 53 32 54 41
0 19 13 40 10 26 16 26 27 29 20 17 23 25 14 29 9 28 11 21 22 25 12 17 11 13 29 24 7 27 26 13 0 23 32 29 22 27 23 2 25 18 20 17 24 16 18 16 21 23 15 22 4 9 7 11 12 23 6 22 31 21 17 22 32 20 26 12 18 16 27 13 27 22 26 12 25 32 30 29 24
0 22 29 55 35 38 19 29 32 33 29 38 33 32 24 27 29 36 36 19 20 34 25 31 32 24 40 28 22 7 24 33 26 0 42 39 43 33 21 22 33 37 24 34 27 23 35 6 36 30 29 24 29 29 32 28 27 32 22 43 22 26 34 29 36 38 30 29 22 16 40 28 45 37 33 26 27 45 22 43 25
0 4 11 42 28 32 22 20 12 31 11 30 32 15 13 32 14 27 8 25 22 16 13 15 25 11 34 12 20 27 24 26 30 22 0 26 20 28 26 15 10 23 21 15 23 6 17 23 13 21 15 21 24 21 13 10 13 21 4 28 27 19 16 12 34 25 29 11 20 16 19 14 35 23 23 19 32 36 18 29 23
0 30 8 52 25 30 27 21 22 28 21 34 40 32 36 26 13 37 19 25 19 26 31 13 28 8 44 27 22 27 30 36 27 23 44 0 34 24 26 28 20 20 29 37 25 29 33 27 31 22 25 26 22 35 30 33 31 37 30 35 44 32 33 35 43 22 37 28 29 12 28 32 17 20 21 17 43 36 33 33 34
0 27 30 40 33 31 39 32 10 46 8 33 39 20 35 39 34 24 32 30 24 13 30 39 27 30 39 22 27 25 25 23 25 38 51 42 0 42 33 27 8 42 23 30 20 25 22 27 24 37 17 44 29 29 28 33 30 26 27 33 32 40 39 30 42 37 44 16 35 11 17 28 45 38 46 27 37 38 27 44 27
0 17 24 40 37 49 32 28 37 38 31 42 39 37 25 31 26 13 25 33 32 32 14 32 35 23 33 36 33 28 37 39 34 33 45 40 40 0 25 27 35 16 31 28 34 28 14 22 32 34 25 33 31 34 21 22 23 19 17 26 36 20 22 34 31 30 39 8 27 27 30 24 12 33 38 27 34 46 38 39 32
0 10 17 48 25 38 7 9 20 21 22 29 21 25 19 7 18 33 23 13 28 27 11 21 23 12 28 23 26 22 18 32 30 15 35 34 26 26 0 21 21 19 20 22 23 30 23 8 20 27 14 27 25 27 19 16 11 25 11 34 20 22 22 35 24 26 18 17 10 15 27 12 37 22 21 20 24 38 24 28 29
0 21 17 39 34 25 22 26 26 31 18 30 32 23 13 27 8 27 22 19 21 23 11 27 31 14 34 24 6 25 24 12 29 22 30 27 28 25 21 0 24 26 19 16 22 14 17 15 20 21 13 21 28 7 18 10 10 21 4 28 30 20 16 20 34 19 27 11 20 15 25 12 37 21 31 23 34 30 30 27 23
0 26 23 33 30 24 32 24 3 39 1 36 36 13 28 31 27 38 35 23 32 6 23 33 30 23 43 14 27 31 28 16 34 30 47 35 15 35 25 30 0 35 16 23 13 18 15 23 17 30 10 40 24 35 31 32 23 19 26 26 25 33 38 23 41 30 37 9 27 23 10 21 38 30 39 28 30 31 20 37 20
0 31 27 55 42 43 33 35 37 42 29 34 42 40 16 41 26 30 25 37 39 27 18 32 39 24 38 31 24 32 41 30 38 25 36 38 35 33 35 19 35 0 27 26 30 32 27 31 27 25 21 39 36 25 26 13 18 32 15 36 40 30 26 38 38 37 34 21 30 28 34 19 44 29 40 31 45 47 37 33 33
0 27 25 50 22 25 28 33 36 41 18 29 35 30 34 34 29 27 26 34 27 34 14 28 23 25 27 5 18 22 39 41 28 15 40 44 33 31 28 30 34 30 0 32 4 27 17 20 25 32 19 39 16 37 22 31 16 21 27 28 37 22 39 32 32 32 33 11 29 14 30 17 35 27 36 26 37 32 11 33 29
0 6 2 43 21 29 24 15 16 16 15 28 17 20 14 27 8 28 26 19 13 20 14 16 22 2 24 12 16 17 24 27 21 11 34 12 28 29 21 16 14 14 8 0 11 23 18 16 23 22 16 21 16 23 22 11 14 15 6 30 31 21 17 26 19 16 31 12 5 6 22 15 29 25 16 11 19 22 18 27 8
0 24 22 47 19 22 25 30 33 38 15 26 32 27 31 36 28 30 22 34 24 37 11 25 20 22 30 2 15 25 37 38 25 18 37 40 30 28 30 27 31 27 4 29 0 23 20 24 22 29 16 40 13 34 18 28 13 24 24 27 39 26 35 29 36 29 29 14 27 11 27 14 32 23 33 24 34 29 8 30 26
0 22 29 48 31 40 26 28 18 26 17 25 31 9 24 26 30 38 40 30 28 22 29 40 19 25 48 30 30 35 25 32 39 33 50 42 30 41 20 27 16 37 32 33 29 0 20 26 33 33 26 38 33 18 36 28 29 19 22 30 21 33 34 6 43 26 37 15 29 29 22 30 52 39 40 28 26 47 30 46 32
0 14 21 52 29 43 32 29 27 24 25 36 25 29 22 41 12 36 30 33 25 18 22 25 30 16 32 26 27 26 34 33 20 19 42 37 27 37 35 21 25 28 31 25 34 28 0 24 31 31 24 25 23 22 26 19 22 31 14 38 39 29 25 34 27 24 39 20 13 20 30 24 46 33 24 25 27 35 32 38 32
0 17 24 55 32 43 14 32 26 27 23 36 28 30 25 37 24 39 31 28 34 33 19 28 30 19 35 23 33 26 33 39 38 19 45 40 38 36 31 28 27 31 18 28 22 25 30 0 31 34 24 33 33 34 27 23 21 34 17 41 41 32 29 30 30 33 24 24 16 23 35 23 47 32 27 28 30 44 16 38 34
0 19 6 48 26 31 21 8 17 27 16 31 30 28 28 20 12 32 29 12 18 21 24 30 25 6 37 29 20 15 17 31 23 24 43 35 8 30 15 20 15 19 25 23 28 28 30 21 0 30 10 25 20 27 25 25 24 25 19 36 34 31 31 33 26 20 31 24 19 8 25 17 41 26 30 15 33 35 35 32 30
0 23 30 40 36 39 20 30 32 34 29 29 34 33 24 28 29 37 32 20 20 35 25 31 23 25 41 29 23 8 25 33 26 1 24 39 43 34 22 22 33 37 24 33 28 24 36 7 36 0 30 25 30 29 33 29 27 32 23 34 23 26 35 29 36 32 30 30 22 16 33 29 26 38 34 26 28 45 22 37 13
0 18 13 54 33 35 27 15 24 29 23 37 29 33 27 27 19 38 36 19 24 28 27 29 31 13 36 25 27 21 24 38 30 21 43 25 15 37 21 27 22 25 21 13 24 35 31 26 7 20 0 32 27 34 32 24 27 27 19 40 41 34 30 35 32 27 38 25 18 15 31 23 41 33 29 22 26 35 31 38 21
0 16 19 39 20 39 25 29 17 39 16 34 39 28 24 27 24 12 26 25 26 21 24 7 28 19 32 29 28 13 27 31 32 7 18 39 30 32 27 26 15 31 30 27 28 24 28 12 30 6 25 0 32 33 31 21 24 33 16 39 29 12 27 30 30 33 36 22 28 22 25 26 31 35 15 28 34 46 28 40 19
0 15 10 53 6 36 12 22 24 26 22 13 19 23 24 35 15 26 35 27 18 27 24 26 7 10 25 21 21 24 32 31 29 20 43 38 19 39 29 26 22 14 26 27 29 28 19 13 32 32 26 28 0 32 31 21 24 29 15 18 27 31 27 30 29 17 23 22 15 14 23 25 50 34 26 18 22 38 26 35 33
0 24 30 45 27 34 21 20 21 35 13 34 35 25 33 20 13 37 33 12 23 25 25 32 27 7 42 31 25 26 17 35 26 27 43 47 34 40 14 28 19 19 26 35 29 29 31 8 29 31 22 26 21 0 29 30 25 25 24 39 34 32 36 34 38 21 32 28 24 12 28 26 51 36 35 16 38 35 24 42 38
0 26 14 52 17 41 23 27 22 35 20 24 30 32 34 40 20 25 5 32 26 25 30 11 18 14 36 28 16 33 36 35 28 30 40 33 29 29 34 29 19 25 28 21 31 25 30 23 36 35 29 33 11 36 0 31 30 35 26 29 38 34 32 30 39 27 33 28 25 19 29 31 22 40 19 6 32 42 34 40 28
0 18 20 44 29 30 27 22 25 36 22 21 37 28 3 28 13 17 17 24 26 14 5 22 26 11 25 18 11 19 29 17 30 12 23 32 22 20 22 6 23 23 14 21 17 19 22 18 14 12 8 26 23 12 13 0 5 26 9 33 34 25 21 25 25 24 21 16 25 15 21 6 31 16 30 18 33 35 24 20 24
0 13 16 51 24 30 22 18 27 32 25 28 32 36 18 23 21 28 12 22 27 29 1 19 22 16 35 14 20 21 27 26 32 23 25 28 18 15 17 15 25 28 9 16 12 29 25 23 10 23 3 30 18 22 8 16 0 29 14 34 37 26 25 34 35 30 17 19 21 18 17 2 27 11 27 14 28 33 20 17 24
0 17 24 55 32 44 14 15 27 28 28 36 28 32 22 13 18 36 29 20 31 24 18 28 30 19 35 29 28 22 25 36 26 22 42 40 33 33 7 24 28 26 26 28 29 34 6 14 27 29 21 31 29 28 25 23 18 0 17 41 27 15 29 40 30 29 25 24 16 22 33 19 44 28 28 27 16 41 30 35 14
0 17 13 46 32 35 19 22 22 27 14 26 28 26 9 30 18 23 20 26 24 19 9 27 31 13 30 22 16 23 27 22 29 18 29 23 25 24 24 11 20 25 17 12 20 25 13 19 17 17 11 31 27 18 16 6 9 17 0 24 26 16 12 31 30 27 25 7 16 18 25 10 35 19 27 22 30 33 28 25 19
0 25 32 55 33 27 39 26 27 48 26 39 42 38 33 39 19 43 39 30 29 31 34 38 33 13 51 39 31 32 35 41 32 35 49 48 39 48 32 34 25 25 41 36 38 29 38 34 40 34 35 32 27 36 35 31 33 42 25 0 49 38 37 35 52 27 49 32 41 18 33 35 54 44 31 22 45 34 45 50 43
0 31 22 55 22 42 28 21 36 36 28 17 23 27 38 34 28 35 42 26 20 36 34 42 11 22 41 25 23 28 31 47 35 36 47 44 39 51 28 36 34 32 40 32 43 32 38 28 34 46 28 41 36 43 38 36 36 33 31 23 0 46 36 37 44 19 38 35 30 27 23 37 54 46 41 31 5 45 31 48 33
0 43 43 55 38 39 42 29 33 53 32 39 45 44 45 41 40 42 38 33 30 16 38 38 33 43 55 45 32 8 38 44 31 46 55 39 24 55 35 32 31 40 47 47 44 41 29 32 45 46 41 52 34 39 34 42 42 46 36 44 36 0 47 47 55 30 32 40 42 16 28 44 55 53 47 39 38 45 40 50 38
0 21 28 39 29 46 35 35 30 32 28 31 32 36 29 42 18 43 30 40 31 25 19 32 25 23 39 32 27 33 41 33 20 26 43 44 21 34 36 22 28 35 27 32 30 34 8 32 28 37 22 31 23 28 26 27 19 32 21 37 14 36 0 40 34 30 35 22 20 28 35 20 45 29 32 32 19 41 38 35 40
0 28 35 49 33 46 33 32 33 39 25 40 39 37 37 32 25 49 35 24 27 32 23 39 34 19 46 33 30 38 20 47 34 33 47 37 40 38 26 36 31 31 32 39 31 29 15 21 32 43 26 38 27 13 31 34 23 19 28 26 37 33 29 0 42 26 40 9 28 24 32 24 49 34 39 22 35 47 36 40 33
0 16 23 36 42 44 34 35 8 43 21 41 39 33 25 37 27 13 36 29 34 26 25 37 35 22 32 30 24 32 34 36 36 25 42 39 35 40 31 27 20 34 33 27 33 32 20 28 33 24 27 33 36 33 32 22 25 25 16 32 42 31 28 38 0 36 41 14 32 22 30 26 43 35 43 31 40 46 36 41 10
0 26 25 49 40 23 23 24 28 36 30 38 24 22 23 22 28 35 37 28 2 33 26 35 32 25 44 25 5 24 33 35 32 31 29 36 25 41 30 25 29 35 31 24 34 13 25 23 36 31 29 41 36 31 34 31 26 32 26 28 32 41 18 19 39 0 28 27 25 18 7 28 38 37 36 34 25 30 31 32 17
0 28 19 41 19 38 25 31 17 39 16 12 18 22 37 34 24 29 34 36 17 16 28 7 6 19 38 19 20 23 41 31 38 20 42 16 24 31 34 39 15 31 31 36 28 26 30 25 31 31 24 37 32 44 36 34 30 27 28 17 26 29 27 32 42 16 0 24 28 23 22 32 33 35 15 27 21 20 25 44 31
0 20 27 55 35 44 24 25 33 30 31 42 31 29 28 23 18 42 26 30 24 24 15 31 36 19 38 28 26 32 35 39 26 25 39 42 32 30 17 27 31 31 23 30 26 20 6 14 24 37 18 31 29 28 22 25 15 11 20 18 37 25 31 26 33 22 31 0 19 24 28 16 41 25 30 27 26 41 30 32 24
0 1 8 39 16 30 19 16 14 12 12 27 12 16 9 28 9 23 21 20 19 17 10 12 23 3 19 14 17 13 21 23 22 6 29 24 26 24 22 12 12 15 18 12 21 20 14 12 18 18 11 17 17 18 17 7 10 18 1 25 27 16 13 26 14 17 26 8 0 8 21 11 36 20 12 12 15 31 19 26 20
0 29 28 53 22 23 28 35 39 42 34 23 29 33 29 33 24 26 22 35 14 39 27 29 17 28 41 29 16 15 40 28 15 31 41 43 36 41 37 17 37 32 34 32 38 25 33 16 29 30 29 37 18 23 18 26 26 37 20 28 37 34 32 31 44 27 39 27 31 0 33 28 40 37 37 24 32 30 32 40 29
0 36 32 48 44 45 36 37 46 32 45 45 40 42 36 35 37 48 38 41 36 47 40 45 39 32 54 41 24 32 46 29 37 26 48 43 53 54 43 38 44 44 38 31 41 33 48 31 45 25 38 49 40 45 40 41 40 45 36 50 43 50 47 39 49 46 46 42 35 22 0 41 50 50 46 35 41 46 42 51 10
0 26 14 52 23 29 23 16 25 35 24 27 33 36 17 22 20 27 31 21 26 28 19 22 21 14 39 17 19 19 25 25 31 26 37 31 16 14 16 13 23 27 18 29 15 27 28 23 9 26 18 28 17 20 27 14 19 32 17 32 36 33 29 33 34 28 16 22 25 16 33 0 25 10 30 23 36 31 21 16 36
0 28 35 55 43 55 25 26 38 39 37 47 39 43 37 24 29 51 41 31 42 34 29 39 41 30 46 36 43 39 36 49 36 33 53 51 43 44 18 38 39 37 32 40 35 38 17 14 38 45 32 42 40 38 37 34 29 43 28 52 38 40 40 35 42 40 36 35 28 33 45 30 0 39 39 38 42 35 30 46 47
0 17 17 44 14 28 14 15 26 27 21 20 27 30 25 13 22 18 28 19 26 33 17 28 14 17 32 8 20 29 24 39 31 22 42 40 26 5 7 28 28 21 9 28 6 29 19 14 27 34 20 33 8 34 24 23 18 23 17 26 27 25 27 35 30 24 24 13 16 16 31 19 16 0 27 26 29 34 13 34 31
0 14 21 33 5 24 11 24 3 24 1 28 25 13 22 32 21 36 34 24 31 6 22 25 22 16 24 15 27 16 28 16 34 19 42 35 15 27 26 24 1 28 16 23 13 18 15 11 17 30 10 30 24 31 30 19 22 19 14 26 25 15 25 23 27 30 21 9 13 20 10 21 28 31 0 25 27 31 20 37 20
0 20 14 53 11 41 17 27 28 31 22 18 24 28 28 40 20 31 36 32 23 32 25 31 12 14 30 23 26 29 37 36 33 25 48 43 24 39 34 31 26 19 30 31 34 32 24 18 34 37 27 33 5 37 32 26 25 33 20 23 32 35 31 35 33 22 28 27 20 19 28 26 50 35 31 0 27 43 29 40 37
0 33 17 55 37 37 30 16 31 38 23 32 37 35 33 29 23 45 37 21 15 35 32 42 26 17 51 39 18 36 26 43 30 38 42 49 34 48 23 31 29 27 42 37 42 27 39 30 39 41 32 36 31 38 33 38 33 33 33 38 43 42 31 32 46 14 40 38 32 22 18 35 51 44 43 26 0 42 44 43 28
0 21 7 51 27 34 33 20 21 28 20 25 31 25 29 32 13 37 33 24 18 25 30 32 19 7 28 28 21 26 29 35 26 26 43 28 33 44 26 28 19 19 23 16 26 16 34 28 36 31 29 26 21 34 29 27 29 30 21 31 36 32 33 22 34 21 43 28 20 12 27 31 38 40 32 16 34 0 34 32 23
0 16 21 39 28 31 25 23 27 37 8 33 37 20 23 28 21 33 15 27 32 30 4 22 27 21 40 19 25 26 29 31 37 28 30 33 23 20 22 20 24 33 14 21 17 24 29 26 15 28 8 33 22 27 11 21 6 33 17 36 31 29 28 30 31 33 22 23 26 23 20 7 32 16 30 17 33 38 0 22 18
0 28 31 52 32 35 38 41 30 51 28 35 41 40 36 39 35 25 22 38 26 33 37 19 29 31 44 40 28 4 39 39 27 19 30 35 42 44 40 28 28 43 42 39 40 36 41 24 40 18 37 13 30 35 30 34 36 45 28 40 41 22 40 42 42 38 28 35 40 12 37 38 43 47 27 35 33 41 40 0 31
0 26 22 54 34 35 34 35 36 36 35 35 37 32 26 42 28 38 34 34 26 37 34 37 29 22 44 33 14 22 39 40 27 16 38 33 43 48 36 28 34 34 28 21 31 23 38 21 35 15 28 39 30 35 30 31 34 35 26 40 37 41 37 29 39 36 38 32 25 12 42 36 40 45 36 25 31 36 37 47 0
SETUP_COST
0.0 280.0 420.0 220.0 580.0 640.0 660.0 580.0 200.0 500.0 180.0 440.0 300.0 360.0 460.0 780.0 440.0 280.0 680.0 620.0 560.0 280.0 460.0 500.0 320.0 320.0 640.0 320.0 580.0 440.0 680.0 480.0 700.0 380.0 780.0 740.0 440.0 760.0 660.0 500.0 160.0 560.0 480.0 520.0 400.0 320.0 440.0 500.0 480.0 620.0 360.0 620.0 560.0 620.0 600.0 400.0 460.0 540.0 280.0 560.0 600.0 440.0 520.0 420.0 560.0 520.0 640.0 320.0 280.0 420.0 340.0 480.0 900.0 660.0 500.0 460.0 340.0 740.0 440.0 360.0 540.0
0.0 0.0 140.0 760.0 540.0 680.0 380.0 400.0 440.0 540.0 280.0 540.0 560.0 520.0 180.0 600.0 260.0 460.0 420.0 500.0 380.0 400.0 180.0 460.0 560.0 140.0 620.0 440.0 340.0 460.0 420.0 440.0 520.0 360.0 580.0 480.0 500.0 480.0 480.0 220.0 400.0 400.0 340.0 240.0 420.0 500.0 260.0 380.0 360.0 340.0 220.0 340.0 420.0 360.0 340.0 120.0 180.0 340.0 20.0 480.0 520.0 320.0 240.0 620.0 600.0 420.0 500.0 140.0 320.0 240.0 500.0 200.0 700.0 380.0 540.0 320.0 600.0 660.0 560.0 500.0 380.0
0.0 580.0 0.0 900.0 400.0 540.0 520.0 260.0 300.0 420.0 260.0 540.0 660.0 500.0 560.0 520.0 120.0 620.0 520.0 360.0 240.0 360.0 540.0 520.0 420.0 20.0 780.0 540.0 280.0 400.0 460.0 560.0 400.0 500.0 740.0 860.0 540.0 840.0 400.0 420.0 260.0 260.0 560.0 660.0 500.0 440.0 540.0 420.0 580.0 500.0 440.0 380.0 280.0 560.0 440.0 520.0 540.0 600.0 500.0 640.0 740.0 500.0 640.0 560.0 840.0 280.0 740.0 420.0 560.0 100.0 420.0 560.0 880.0 740.0 680.0 180.0 700.0 580.0 620.0 520.0 540.0
0.0 80.0 220.0 0.0 380.0 500.0 440.0 380.0 320.0 280.0 300.0 600.0 80.0 160.0 240.0 620.0 220.0 300.0 480.0 460.0 420.0 400.0 240.0 300.0 480.0 120.0 440.0 100.0 360.0 300.0 480.0 520.0 500.0 180.0 560.0 540.0 560.0 540.0 500.0 280.0 280.0 360.0 420.0 300.0 480.0 240.0 320.0 280.0 420.0 420.0 280.0 400.0 340.0 420.0 400.0 180.0 240.0 420.0 80.0 560.0 380.0 220.0 300.0 360.0 340.0 400.0 420.0 200.0 60.0 200.0 420.0 260.0 700.0 460.0 280.0 240.0 120.0 520.0 220.0 560.0 440.0
0.0 180.0 320.0 940.0 0.0 760.0 120.0 480.0 380.0 400.0 420.0 560.0 400.0 480.0 360.0 740.0 340.0 640.0 580.0 580.0 540.0 520.0 360.0 400.0 440.0 220.0 380.0 440.0 500.0 420.0 580.0 500.0 600.0 280.0 760.0 640.0 680.0 660.0 620.0 400.0 400.0 460.0 400.0 420.0 460.0 580.0 440.0 140.0 520.0 520.0 400.0 520.0 500.0 520.0 500.0 300.0 360.0 520.0 180.0 660.0 680.0 500.0 420.0 680.0 460.0 500.0 340.0 320.0 180.0 320.0 580.0 380.0 880.0 560.0 400.0 400.0 460.0 740.0 440.0 680.0 560.0
0.0 560.0 280.0 940.0 680.0 0.0 540.0 540.0 560.0 680.0 540.0 640.0 760.0 620.0 620.0 700.0 380.0 740.0 780.0 540.0 500.0 640.0 640.0 780.0 520.0 280.0 700.0 700.0 560.0 300.0 640.0 820.0 660.0 160.0 620.0 680.0 800.0 820.0 580.0 580.0 520.0 520.0 600.0 460.0 660.0 460.0 580.0 280.0 840.0 160.0 720.0 640.0 560.0 540.0 720.0 660.0 680.0 660.0 560.0 100.0 600.0 680.0 780.0 300.0 500.0 560.0 760.0 460.0 540.0 360.0 680.0 720.0 660.0 900.0 720.0 460.0 700.0 140.0 580.0 780.0 400.0
0.0 80.0 200.0 820.0 380.0 640.0 0.0 360.0 260.0 280.0 300.0 460.0 300.0 360.0 240.0 620.0 220.0 520.0 480.0 460.0 420.0 400.0 240.0 280.0 340.0 120.0 440.0 320.0 400.0 300.0 480.0 500.0 500.0 180.0 640.0 540.0 560.0 540.0 500.0 280.0 280.0 360.0 380.0 300.0 440.0 460.0 320.0 20.0 420.0 400.0 280.0 400.0 380.0 420.0 400.0 180.0 240.0 400.0 80.0 560.0 580.0 380.0 300.0 580.0 340.0 400.0 220.0 200.0 60.0 200.0 480.0 260.0 760.0 440.0 280.0 280.0 340.0 620.0 340.0 560.0 440.0
0.0 340.0 480.0 1100.0 460.0 580.0 280.0 0.0 520.0 540.0 520.0 580.0 560.0 620.0 500.0 260.0 480.0 580.0 420.0 100.0 400.0 620.0 320.0 560.0 460.0 380.0 700.0 580.0 460.0 440.0 200.0 580.0 440.0 440.0 840.0 800.0 360.0 640.0 140.0 460.0 500.0 220.0 520.0 560.0 580.0 620.0 460.0 280.0 540.0 680.0 400.0 660.0 340.0 600.0 340.0 440.0 360.0 340.0 340.0 680.0 540.0 580.0 580.0 740.0 600.0 660.0 480.0 460.0 320.0 140.0 640.0 380.0 780.0 560.0 540.0 240.0 600.0 720.0 600.0 680.0 620.0
0.0 520.0 660.0 1100.0 800.0 1020.0 600.0 640.0 0.0 740.0 640.0 920.0 740.0 700.0 680.0 580.0 500.0 920.0 660.0 420.0 600.0 600.0 420.0 740.0 800.0 520.0 880.0 680.0 660.0 760.0 520.0 900.0 640.0 620.0 900.0 980.0 760.0 720.0 460.0 680.0 740.0 760.0 600.0 740.0 660.0 540.0 260.0 420.0 600.0 860.0 480.0 760.0 680.0 680.0 580.0 640.0 420.0 340.0 520.0 480.0 860.0 620.0 760.0 640.0 800.0 560.0 760.0 140.0 520.0 600.0 700.0 440.0 720.0 640.0 740.0 580.0 660.0 940.0 720.0 760.0 620.0
0.0 540.0 500.0 960.0 760.0 820.0 500.0 460.0 680.0 0.0 360.0 800.0 780.0 500.0 680.0 480.0 540.0 880.0 500.0 540.0 680.0 760.0 280.0 640.0 680.0 440.0 920.0 580.0 640.0 420.0 640.0 520.0 800.0 300.0 740.0 720.0 660.0 620.0 360.0 600.0 640.0 680.0 480.0 480.0 560.0 320.0 500.0 400.0 500.0 280.0 380.0 700.0 640.0 300.0 420.0 620.0 320.0 380.0 540.0 680.0 720.0 660.0 760.0 440.0 820.0 720.0 640.0 600.0 540.0 520.0 600.0 340.0 780.0 520.0 760.0 540.0 680.0 900.0 220.0 660.0 540.0
0.0 500.0 440.0 640.0 680.0 480.0 720.0 480.0 380.0 760.0 0.0 820.0 700.0 240.0 540.0 700.0 560.0 840.0 900.0 560.0 620.0 460.0 680.0 640.0 700.0 440.0 900.0 620.0 660.0 600.0 660.0 660.0 780.0 600.0 1040.0 680.0 480.0 920.0 600.0 600.0 340.0 680.0 580.0 440.0 600.0 340.0 460.0 700.0 320.0 580.0 180.0 820.0 720.0 700.0 820.0 620.0 680.0 700.0 500.0 580.0 480.0 820.0 740.0 460.0 820.0 580.0 900.0 520.0 540.0 480.0 440.0 640.0 1000.0 820.0 760.0 620.0 580.0 600.0 660.0 940.0 600.0
0.0 580.0 580.0 1060.0 860.0 540.0 520.0 500.0 640.0 800.0 660.0 0.0 560.0 520.0 520.0 500.0 640.0 780.0 800.0 600.0 120.0 380.0 600.0 760.0 700.0 580.0 940.0 580.0 160.0 400.0 700.0 780.0 720.0 680.0 660.0 780.0 560.0 900.0 460.0 580.0 660.0 720.0 700.0 540.0 760.0 340.0 440.0 540.0 780.0 680.0 660.0 740.0 780.0 700.0 760.0 700.0 600.0 320.0 580.0 640.0 720.0 600.0 440.0 460.0 860.0 80.0 640.0 620.0 580.0 420.0 220.0 620.0 740.0 800.0 800.0 740.0 580.0 680.0 700.0 720.0 420.0
0.0 300.0 400.0 780.0 520.0 440.0 640.0 380.0 260.0 660.0 240.0 580.0 0.0 80.0 380.0 620.0 500.0 240.0 440.0 460.0 360.0 340.0 220.0 480.0 460.0 400.0 620.0 40.0 300.0 660.0 560.0 540.0 640.0 560.0 500.0 660.0 520.0 560.0 500.0 440.0 220.0 600.0 420.0 520.0 480.0 180.0 300.0 580.0 440.0 560.0 320.0 640.0 540.0 540.0 360.0 420.0 260.0 540.0 300.0 540.0 320.0 600.0 540.0 280.0 600.0 320.0 360.0 400.0 440.0 480.0 340.0 280.0 640.0 460.0 640.0 480.0 60.0 460.0 160.0 600.0 520.0
0.0 260.0 400.0 800.0 460.0 620.0 560.0 620.0 200.0 600.0 160.0 580.0 700.0 0.0 320.0 600.0 460.0 600.0 660.0 620.0 380.0 260.0 440.0 680.0 460.0 360.0 820.0 440.0 440.0 620.0 600.0 460.0 620.0 500.0 840.0 740.0 440.0 740.0 480.0 360.0 160.0 600.0 460.0 500.0 400.0 100.0 220.0 500.0 480.0 480.0 340.0 600.0 620.0 460.0 580.0 380.0 440.0 480.0 280.0 660.0 240.0 580.0 500.0 220.0 760.0 340.0 660.0 320.0 480.0 440.0 260.0 460.0 900.0 640.0 700.0 540.0 340.0 760.0 420.0 760.0 460.0
0.0 360.0 380.0 820.0 640.0 540.0 500.0 560.0 580.0 680.0 420.0 660.0 680.0 500.0 0.0 600.0 200.0 300.0 480.0 440.0 460.0 220.0 260.0 380.0 620.0 320.0 680.0 520.0 160.0 320.0 540.0 280.0 640.0 200.0 640.0 600.0 400.0 560.0 480.0 60.0 540.0 580.0 420.0 360.0 480.0 340.0 380.0 300.0 440.0 180.0 320.0 460.0 600.0 200.0 400.0 240.0 260.0 480.0 140.0 620.0 620.0 440.0 360.0 440.0 440.0 420.0 580.0 260.0 440.0 340.0 480.0 280.0 680.0 460.0 540.0 500.0 720.0 660.0 620.0 600.0 440.0
0.0 80.0 220.0 840.0 380.0 620.0 20.0 60.0 280.0 300.0 320.0 460.0 300.0 380.0 260.0 0.0 240.0 540.0 340.0 140.0 440.0 420.0 100.0 300.0 340.0 120.0 440.0 340.0 400.0 320.0 240.0 520.0 480.0 180.0 580.0 540.0 400.0 400.0 180.0 300.0 300.0 260.0 280.0 320.0 340.0 480.0 340.0 40.0 280.0 420.0 160.0 420.0 380.0 420.0 260.0 200.0 100.0 380.0 100.0 560.0 580.0 400.0 320.0 580.0 360.0 400.0 240.0 220.0 80.0 180.0 420.0 120.0 620.0 320.0 300.0 280.0 360.0 640.0 340.0 440.0 460.0
0.0 580.0 500.0 1040.0 660.0 700.0 680.0 700.0 600.0 840.0 580.0 820.0 700.0 500.0 540.0 660.0 0.0 500.0 680.0 760.0 260.0 680.0 740.0 400.0 700.0 500.0 900.0 740.0 320.0 520.0 800.0 820.0 560.0 400.0 620.0 940.0 740.0 900.0 600.0 580.0 560.0 740.0 840.0 700.0 820.0 320.0 720.0 500.0 860.0 380.0 760.0 260.0 620.0 620.0 680.0 680.0 740.0 700.0 580.0 800.0 740.0 500.0 580.0 440.0 860.0 240.0 800.0 600.0 720.0 580.0 360.0 780.0 880.0 960.0 560.0 680.0 720.0 460.0 820.0 880.0 560.0
0.0 80.0 220.0 560.0 580.0 720.0 440.0 440.0 480.0 620.0 360.0 580.0 620.0 600.0 240.0 660.0 300.0 0.0 480.0 540.0 440.0 460.0 240.0 500.0 460.0 200.0 400.0 500.0 400.0 540.0 480.0 520.0 580.0 420.0 640.0 540.0 580.0 540.0 540.0 300.0 440.0 440.0 400.0 300.0 460.0 560.0 340.0 460.0 420.0 420.0 280.0 400.0 460.0 420.0 400.0 180.0 240.0 420.0 80.0 560.0 600.0 380.0 320.0 620.0 360.0 480.0 580.0 220.0 400.0 280.0 560.0 280.0 760.0 460.0 620.0 360.0 660.0 720.0 620.0 580.0 460.0
0.0 580.0 200.0 960.0 400.0 740.0 500.0 460.0 340.0 620.0 320.0 740.0 800.0 560.0 740.0 720.0 320.0 560.0 0.0 540.0 440.0 420.0 720.0 140.0 620.0 200.0 760.0 580.0 480.0 580.0 640.0 620.0 480.0 520.0 920.0 1000.0 600.0 500.0 600.0 500.0 300.0 440.0 620.0 760.0 560.0 640.0 600.0 520.0 640.0 620.0 500.0 580.0 480.0 640.0 600.0 680.0 700.0 680.0 580.0 580.0 800.0 600.0 560.0 740.0 840.0 480.0 720.0 480.0 560.0 300.0 500.0 720.0 720.0 900.0 300.0 380.0 840.0 760.0 700.0 720.0 700.0
0.0 240.0 380.0 1000.0 380.0 800.0 180.0 220.0 440.0 460.0 480.0 500.0 460.0 540.0 420.0 180.0 400.0 500.0 500.0 0.0 600.0 580.0 260.0 460.0 380.0 300.0 600.0 500.0 560.0 480.0 100.0 680.0 640.0 340.0 740.0 720.0 560.0 560.0 60.0 460.0 460.0 420.0 440.0 480.0 500.0 640.0 380.0 200.0 460.0 580.0 320.0 580.0 260.0 580.0 420.0 360.0 260.0 260.0 260.0 620.0 440.0 480.0 480.0 740.0 520.0 560.0 400.0 380.0 240.0 340.0 580.0 300.0 780.0 480.0 460.0 160.0 520.0 800.0 520.0 600.0 520.0
0.0 480.0 480.0 940.0 760.0 440.0 420.0 440.0 580.0 700.0 560.0 720.0 700.0 400.0 640.0 400.0 520.0 820.0 700.0 520.0 0.0 660.0 500.0 660.0 600.0 480.0 840.0 680.0 60.0 460.0 620.0 860.0 620.0 580.0 540.0 680.0 480.0 800.0 580.0 640.0 540.0 660.0 580.0 440.0 660.0 240.0 620.0 420.0 680.0 580.0 560.0 780.0 680.0 580.0 640.0 600.0 500.0 600.0 480.0 540.0 640.0 780.0 720.0 340.0 740.0 740.0 540.0 520.0 460.0 320.0 660.0 520.0 720.0 700.0 700.0 640.0 740.0 560.0 740.0 840.0 320.0
0.0 720.0 760.0 960.0 820.0 800.0 740.0 460.0 360.0 880.0 340.0 760.0 880.0 580.0 780.0 720.0 840.0 640.0 820.0 560.0 660.0 0.0 780.0 960.0 640.0 760.0 940.0 600.0 480.0 680.0 660.0 640.0 680.0 760.0 960.0 1000.0 180.0 1020.0 600.0 700.0 320.0 680.0 640.0 780.0 580.0 660.0 600.0 700.0 640.0 760.0 520.0 1040.0 740.0 760.0 740.0 820.0 780.0 700.0 720.0 840.0 420.0 980.0 940.0 760.0 1000.0 780.0 940.0 500.0 780.0 380.0 260.0 740.0 1080.0 920.0 1000.0 700.0 520.0 840.0 720.0 1040.0 460.0
0.0 260.0 400.0 1020.0 480.0 940.0 440.0 660.0 580.0 720.0 540.0 620.0 720.0 780.0 440.0 860.0 520.0 640.0 240.0 740.0 620.0 640.0 0.0 380.0 500.0 400.0 860.0 700.0 460.0 660.0 660.0 660.0 700.0 540.0 840.0 720.0 740.0 720.0 740.0 480.0 540.0 640.0 600.0 500.0 660.0 640.0 520.0 460.0 600.0 540.0 480.0 600.0 360.0 600.0 160.0 380.0 440.0 600.0 260.0 720.0 780.0 500.0 500.0 760.0 780.0 680.0 660.0 400.0 500.0 500.0 320.0 460.0 600.0 640.0 540.0 280.0 780.0 920.0 760.0 760.0 520.0
0.0 440.0 240.0 820.0 260.0 660.0 380.0 500.0 220.0 660.0 180.0 720.0 660.0 420.0 600.0 760.0 360.0 760.0 680.0 600.0 480.0 300.0 600.0 0.0 600.0 240.0 640.0 460.0 520.0 480.0 680.0 480.0 620.0 500.0 940.0 860.0 460.0 500.0 640.0 660.0 180.0 480.0 500.0 620.0 420.0 520.0 460.0 380.0 500.0 480.0 360.0 620.0 520.0 780.0 600.0 560.0 600.0 540.0 440.0 700.0 660.0 460.0 420.0 640.0 700.0 520.0 600.0 340.0 420.0 340.0 360.0 600.0 720.0 780.0 180.0 420.0 700.0 780.0 580.0 760.0 560.0
0.0 540.0 640.0 1020.0 760.0 660.0 600.0 620.0 500.0 860.0 480.0 140.0 260.0 320.0 620.0 580.0 600.0 480.0 700.0 700.0 240.0 500.0 460.0 720.0 0.0 500.0 720.0 280.0 280.0 340.0 800.0 780.0 800.0 760.0 740.0 900.0 680.0 800.0 580.0 680.0 460.0 740.0 660.0 660.0 720.0 420.0 540.0 600.0 680.0 800.0 560.0 860.0 760.0 780.0 620.0 660.0 500.0 440.0 560.0 240.0 420.0 720.0 560.0 540.0 840.0 200.0 600.0 640.0 640.0 520.0 340.0 520.0 860.0 700.0 860.0 660.0 300.0 700.0 400.0 840.0 520.0
0.0 580.0 460.0 900.0 400.0 540.0 520.0 260.0 300.0 720.0 260.0 540.0 660.0 500.0 560.0 520.0 120.0 600.0 520.0 360.0 320.0 360.0 540.0 500.0 420.0 0.0 780.0 540.0 380.0 380.0 460.0 560.0 380.0 500.0 740.0 860.0 540.0 840.0 400.0 420.0 260.0 260.0 560.0 700.0 500.0 440.0 540.0 420.0 580.0 500.0 440.0 380.0 280.0 560.0 440.0 520.0 540.0 600.0 500.0 640.0 740.0 500.0 640.0 540.0 840.0 280.0 740.0 420.0 560.0 100.0 420.0 560.0 880.0 740.0 680.0 180.0 700.0 580.0 640.0 880.0 620.0
0.0 440.0 360.0 1000.0 460.0 520.0 480.0 540.0 540.0 640.0 380.0 580.0 660.0 620.0 280.0 680.0 460.0 540.0 500.0 620.0 560.0 480.0 280.0 460.0 460.0 360.0 0.0 120.0 380.0 440.0 640.0 540.0 580.0 300.0 680.0 560.0 600.0 580.0 560.0 320.0 500.0 600.0 20.0 340.0 80.0 540.0 340.0 420.0 440.0 440.0 320.0 320.0 340.0 460.0 420.0 220.0 280.0 440.0 100.0 580.0 320.0 420.0 340.0 660.0 660.0 640.0 600.0 220.0 420.0 300.0 600.0 300.0 720.0 480.0 620.0 520.0 420.0 640.0 240.0 600.0 480.0
0.0 440.0 540.0 900.0 660.0 400.0 620.0 560.0 640.0 860.0 280.0 780.0 860.0 500.0 580.0 680.0 540.0 780.0 420.0 660.0 760.0 720.0 180.0 560.0 660.0 540.0 920.0 0.0 260.0 620.0 700.0 740.0 820.0 560.0 720.0 780.0 560.0 520.0 560.0 520.0 600.0 780.0 400.0 540.0 460.0 440.0 700.0 640.0 420.0 560.0 280.0 780.0 540.0 660.0 340.0 540.0 220.0 780.0 440.0 500.0 740.0 680.0 680.0 560.0 740.0 780.0 560.0 580.0 640.0 520.0 500.0 260.0 620.0 440.0 720.0 460.0 780.0 540.0 120.0 560.0 480.0
0.0 560.0 600.0 1100.0 700.0 720.0 700.0 720.0 540.0 680.0 520.0 660.0 780.0 360.0 660.0 680.0 480.0 780.0 660.0 780.0 540.0 620.0 740.0 620.0 540.0 600.0 1040.0 720.0 0.0 400.0 680.0 820.0 560.0 780.0 500.0 800.0 780.0 860.0 560.0 580.0 500.0 840.0 680.0 560.0 740.0 180.0 560.0 580.0 740.0 820.0 700.0 740.0 620.0 540.0 620.0 680.0 740.0 560.0 580.0 780.0 600.0 780.0 800.0 300.0 840.0 700.0 480.0 460.0 660.0 260.0 620.0 760.0 660.0 780.0 780.0 720.0 700.0 860.0 780.0 1060.0 720.0
0.0 760.0 720.0 1100.0 620.0 620.0 740.0 880.0 820.0 1000.0 800.0 620.0 740.0 820.0 740.0 840.0 640.0 680.0 600.0 880.0 440.0 680.0 700.0 620.0 500.0 720.0 980.0 740.0 500.0 0.0 980.0 720.0 460.0 780.0 980.0 640.0 860.0 1000.0 920.0 500.0 780.0 820.0 860.0 800.0 920.0 660.0 820.0 500.0 740.0 760.0 760.0 900.0 540.0 640.0 520.0 680.0 700.0 920.0 580.0 720.0 920.0 380.0 800.0 780.0 1040.0 700.0 500.0 700.0 780.0 180.0 700.0 720.0 960.0 900.0 780.0 640.0 600.0 760.0 820.0 860.0 740.0
0.0 460.0 340.0 1100.0 280.0 880.0 380.0 460.0 620.0 660.0 480.0 400.0 540.0 600.0 580.0 420.0 440.0 660.0 740.0 540.0 520.0 620.0 500.0 660.0 280.0 340.0 640.0 500.0 560.0 600.0 0.0 780.0 660.0 560.0 980.0 640.0 520.0 600.0 280.0 640.0 580.0 440.0 560.0 420.0 620.0 700.0 280.0 400.0 680.0 720.0 560.0 700.0 160.0 700.0 660.0 560.0 500.0 160.0 460.0 520.0 680.0 440.0 660.0 740.0 720.0 480.0 600.0 580.0 440.0 420.0 600.0 520.0 820.0 720.0 660.0 60.0 480.0 840.0 620.0 840.0 440.0
0.0 620.0 760.0 560.0 840.0 1020.0 820.0 840.0 580.0 840.0 560.0 960.0 620.0 400.0 700.0 800.0 780.0 580.0 940.0 920.0 760.0 660.0 720.0 840.0 840.0 660.0 960.0 660.0 820.0 800.0 980.0 0.0 1000.0 660.0 900.0 1080.0 820.0 700.0 680.0 740.0 540.0 900.0 860.0 840.0 780.0 480.0 620.0 760.0 860.0 860.0 740.0 940.0 900.0 840.0 860.0 740.0 740.0 540.0 620.0 1020.0 640.0 780.0 860.0 600.0 880.0 740.0 980.0 680.0 600.0 740.0 660.0 780.0 940.0 960.0 840.0 800.0 680.0 1060.0 640.0 1080.0 820.0
0.0 380.0 260.0 800.0 200.0 520.0 320.0 520.0 540.0 580.0 400.0 340.0 460.0 500.0 280.0 580.0 180.0 560.0 220.0 420.0 440.0 500.0 240.0 340.0 220.0 260.0 580.0 480.0 140.0 540.0 520.0 260.0 0.0 460.0 640.0 580.0 440.0 540.0 460.0 40.0 500.0 360.0 400.0 340.0 480.0 320.0 360.0 320.0 420.0 460.0 300.0 440.0 80.0 180.0 140.0 220.0 240.0 460.0 120.0 440.0 620.0 420.0 340.0 440.0 640.0 400.0 520.0 240.0 360.0 320.0 540.0 260.0 540.0 440.0 520.0 240.0 500.0 640.0 600.0 580.0 480.0
0.0 440.0 580.0 1100.0 700.0 760.0 380.0 580.0 640.0 660.0 580.0 760.0 660.0 640.0 480.0 540.0 580.0 720.0 720.0 380.0 400.0 680.0 500.0 620.0 640.0 480.0 800.0 560.0 440.0 140.0 480.0 660.0 520.0 0.0 840.0 780.0 860.0 660.0 420.0 440.0 660.0 740.0 480.0 680.0 540.0 460.0 700.0 120.0 720.0 600.0 580.0 480.0 580.0 580.0 640.0 560.0 540.0 640.0 440.0 860.0 440.0 520.0 680.0 580.0 720.0 760.0 600.0 580.0 440.0 320.0 800.0 560.0 900.0 740.0 660.0 520.0 540.0 900.0 440.0 860.0 500.0
0.0 80.0 220.0 840.0 560.0 640.0 440.0 400.0 240.0 620.0 220.0 600.0 640.0 300.0 260.0 640.0 280.0 540.0 160.0 500.0 440.0 320.0 260.0 300.0 500.0 220.0 680.0 240.0 400.0 540.0 480.0 520.0 600.0 440.0 0.0 520.0 400.0 560.0 520.0 300.0 200.0 460.0 420.0 300.0 460.0 120.0 340.0 460.0 260.0 420.0 300.0 420.0 480.0 420.0 260.0 200.0 260.0 420.0 80.0 560.0 540.0 380.0 320.0 240.0 680.0 500.0 580.0 220.0 400.0 320.0 380.0 280.0 700.0 460.0 460.0 380.0 640.0 720.0 360.0 580.0 460.0
0.0 600.0 160.0 1040.0 500.0 600.0 540.0 420.0 440.0 560.0 420.0 680.0 800.0 640.0 720.0 520.0 260.0 740.0 380.0 500.0 380.0 520.0 620.0 260.0 560.0 160.0 880.0 540.0 440.0 540.0 600.0 720.0 540.0 460.0 880.0 0.0 680.0 480.0 520.0 560.0 400.0 400.0 580.0 740.0 500.0 580.0 660.0 540.0 620.0 440.0 500.0 520.0 440.0 700.0 600.0 660.0 620.0 740.0 600.0 700.0 880.0 640.0 660.0 700.0 860.0 440.0 740.0 560.0 580.0 240.0 560.0 640.0 340.0 400.0 420.0 340.0 860.0 720.0 660.0 660.0 680.0
0.0 540.0 600.0 800.0 660.0 620.0 780.0 640.0 200.0 920.0 160.0 660.0 780.0 400.0 700.0 780.0 680.0 480.0 640.0 600.0 480.0 260.0 600.0 780.0 540.0 600.0 780.0 440.0 540.0 500.0 500.0 460.0 500.0 760.0 1020.0 840.0 0.0 840.0 660.0 540.0 160.0 840.0 460.0 600.0 400.0 500.0 440.0 540.0 480.0 740.0 340.0 880.0 580.0 580.0 560.0 660.0 600.0 520.0 540.0 660.0 640.0 800.0 780.0 600.0 840.0 740.0 880.0 320.0 700.0 220.0 340.0 560.0 900.0 760.0 920.0 540.0 740.0 760.0 540.0 880.0 540.0
0.0 340.0 480.0 800.0 740.0 980.0 640.0 560.0 740.0 760.0 620.0 840.0 780.0 740.0 500.0 620.0 520.0 260.0 500.0 660.0 640.0 640.0 280.0 640.0 700.0 460.0 660.0 720.0 660.0 560.0 740.0 780.0 680.0 660.0 900.0 800.0 800.0 0.0 500.0 540.0 700.0 320.0 620.0 560.0 680.0 560.0 280.0 440.0 640.0 680.0 500.0 660.0 620.0 680.0 420.0 440.0 460.0 380.0 340.0 520.0 720.0 400.0 440.0 680.0 620.0 600.0 780.0 160.0 540.0 540.0 600.0 480.0 240.0 660.0 760.0 540.0 680.0 920.0 760.0 780.0 640.0
0.0 200.0 340.0 960.0 500.0 760.0 140.0 180.0 400.0 420.0 440.0 580.0 420.0 500.0 380.0 140.0 360.0 660.0 460.0 260.0 560.0 540.0 220.0 420.0 460.0 240.0 560.0 460.0 520.0 440.0 360.0 640.0 600.0 300.0 700.0 680.0 520.0 520.0 0.0 420.0 420.0 380.0 400.0 440.0 460.0 600.0 460.0 160.0 400.0 540.0 280.0 540.0 500.0 540.0 380.0 320.0 220.0 500.0 220.0 680.0 400.0 440.0 440.0 700.0 480.0 520.0 360.0 340.0 200.0 300.0 540.0 240.0 740.0 440.0 420.0 400.0 480.0 760.0 480.0 560.0 580.0
0.0 420.0 340.0 780.0 680.0 500.0 440.0 520.0 520.0 620.0 360.0 600.0 640.0 460.0 260.0 540.0 160.0 540.0 440.0 380.0 420.0 460.0 220.0 540.0 620.0 280.0 680.0 480.0 120.0 500.0 480.0 240.0 580.0 440.0 600.0 540.0 560.0 500.0 420.0 0.0 480.0 520.0 380.0 320.0 440.0 280.0 340.0 300.0 400.0 420.0 260.0 420.0 560.0 140.0 360.0 200.0 200.0 420.0 80.0 560.0 600.0 400.0 320.0 400.0 680.0 380.0 540.0 220.0 400.0 300.0 500.0 240.0 740.0 420.0 620.0 460.0 680.0 600.0 600.0 540.0 460.0
0.0 520.0 460.0 660.0 600.0 480.0 640.0 480.0 60.0 780.0 20.0 720.0 720.0 260.0 560.0 620.0 540.0 760.0 700.0 460.0 640.0 120.0 460.0 660.0 600.0 460.0 860.0 280.0 540.0 620.0 560.0 320.0 680.0 600.0 940.0 700.0 300.0 700.0 500.0 600.0 0.0 700.0 320.0 460.0 260.0 360.0 300.0 460.0 340.0 600.0 200.0 800.0 480.0 700.0 620.0 640.0 460.0 380.0 520.0 520.0 500.0 660.0 760.0 460.0 820.0 600.0 740.0 180.0 540.0 460.0 200.0 420.0 760.0 600.0 780.0 560.0 600.0 620.0 400.0 740.0 400.0
0.0 620.0 540.0 1100.0 840.0 860.0 660.0 700.0 740.0 840.0 580.0 680.0 840.0 800.0 320.0 820.0 520.0 600.0 500.0 740.0 780.0 540.0 360.0 640.0 780.0 480.0 760.0 620.0 480.0 640.0 820.0 600.0 760.0 500.0 720.0 760.0 700.0 660.0 700.0 380.0 700.0 0.0 540.0 520.0 600.0 640.0 540.0 620.0 540.0 500.0 420.0 780.0 720.0 500.0 520.0 260.0 360.0 640.0 300.0 720.0 800.0 600.0 520.0 760.0 760.0 740.0 680.0 420.0 600.0 560.0 680.0 380.0 880.0 580.0 800.0 620.0 900.0 940.0 740.0 660.0 660.0
0.0 540.0 500.0 1000.0 440.0 500.0 560.0 660.0 720.0 820.0 360.0 580.0 700.0 600.0 680.0 680.0 580.0 540.0 520.0 680.0 540.0 680.0 280.0 560.0 460.0 500.0 540.0 100.0 360.0 440.0 780.0 820.0 560.0 300.0 800.0 880.0 660.0 620.0 560.0 600.0 680.0 600.0 0.0 640.0 80.0 540.0 340.0 400.0 500.0 640.0 380.0 780.0 320.0 740.0 440.0 620.0 320.0 420.0 540.0 560.0 740.0 440.0 780.0 640.0 640.0 640.0 660.0 220.0 580.0 280.0 600.0 340.0 700.0 540.0 720.0 520.0 740.0 640.0 220.0 660.0 580.0
0.0 120.0 40.0 860.0 420.0 580.0 480.0 300.0 320.0 320.0 300.0 560.0 340.0 400.0 280.0 540.0 160.0 560.0 520.0 380.0 260.0 400.0 280.0 320.0 440.0 40.0 480.0 240.0 320.0 340.0 480.0 540.0 420.0 220.0 680.0 240.0 560.0 580.0 420.0 320.0 280.0 280.0 160.0 0.0 220.0 460.0 360.0 320.0 460.0 440.0 320.0 420.0 320.0 460.0 440.0 220.0 280.0 300.0 120.0 600.0 620.0 420.0 340.0 520.0 380.0 320.0 620.0 240.0 100.0 120.0 440.0 300.0 580.0 500.0 320.0 220.0 380.0 440.0 360.0 540.0 160.0
0.0 480.0 440.0 940.0 380.0 440.0 500.0 600.0 660.0 760.0 300.0 520.0 640.0 540.0 620.0 720.0 560.0 600.0 440.0 680.0 480.0 740.0 220.0 500.0 400.0 440.0 600.0 40.0 300.0 500.0 740.0 760.0 500.0 360.0 740.0 800.0 600.0 560.0 600.0 540.0 620.0 540.0 80.0 580.0 0.0 460.0 400.0 480.0 440.0 580.0 320.0 800.0 260.0 680.0 360.0 560.0 260.0 480.0 480.0 540.0 780.0 520.0 700.0 580.0 720.0 580.0 580.0 280.0 540.0 220.0 540.0 280.0 640.0 460.0 660.0 480.0 680.0 580.0 160.0 600.0 520.0
0.0 440.0 580.0 960.0 620.0 800.0 520.0 560.0 360.0 520.0 340.0 500.0 620.0 180.0 480.0 520.0 600.0 760.0 800.0 600.0 560.0 440.0 580.0 800.0 380.0 500.0 960.0 600.0 600.0 700.0 500.0 640.0 780.0 660.0 1000.0 840.0 600.0 820.0 400.0 540.0 320.0 740.0 640.0 660.0 580.0 0.0 400.0 520.0 660.0 660.0 520.0 760.0 660.0 360.0 720.0 560.0 580.0 380.0 440.0 600.0 420.0 660.0 680.0 120.0 860.0 520.0 740.0 300.0 580.0 580.0 440.0 600.0 1040.0 780.0 800.0 560.0 520.0 940.0 600.0 920.0 640.0
0.0 280.0 420.0 1040.0 580.0 860.0 640.0 580.0 540.0 480.0 500.0 720.0 500.0 580.0 440.0 820.0 240.0 720.0 600.0 660.0 500.0 360.0 440.0 500.0 600.0 320.0 640.0 520.0 540.0 520.0 680.0 660.0 400.0 380.0 840.0 740.0 540.0 740.0 700.0 420.0 500.0 560.0 620.0 500.0 680.0 560.0 0.0 480.0 620.0 620.0 480.0 500.0 460.0 440.0 520.0 380.0 440.0 620.0 280.0 760.0 780.0 580.0 500.0 680.0 540.0 480.0 780.0 400.0 260.0 400.0 600.0 480.0 920.0 660.0 480.0 500.0 540.0 700.0 640.0 760.0 640.0
0.0 340.0 480.0 1100.0 640.0 860.0 280.0 640.0 520.0 540.0 460.0 720.0 560.0 600.0 500.0 740.0 480.0 780.0 620.0 560.0 680.0 660.0 380.0 560.0 600.0 380.0 700.0 460.0 660.0 520.0 660.0 780.0 760.0 380.0 900.0 800.0 760.0 720.0 620.0 560.0 540.0 620.0 360.0 560.0 440.0 500.0 600.0 0.0 620.0 680.0 480.0 660.0 660.0 680.0 540.0 460.0 420.0 680.0 340.0 820.0 820.0 640.0 580.0 600.0 600.0 660.0 480.0 480.0 320.0 460.0 700.0 460.0 940.0 640.0 540.0 560.0 600.0 880.0 320.0 760.0 680.0
0.0 380.0 120.0 960.0 520.0 620.0 420.0 160.0 340.0 540.0 320.0 620.0 600.0 560.0 560.0 400.0 240.0 640.0 580.0 240.0 360.0 420.0 480.0 600.0 500.0 120.0 740.0 580.0 400.0 300.0 340.0 620.0 460.0 480.0 860.0 700.0 160.0 600.0 300.0 400.0 300.0 380.0 500.0 460.0 560.0 560.0 600.0 420.0 0.0 600.0 200.0 500.0 400.0 540.0 500.0 500.0 480.0 500.0 380.0 720.0 680.0 620.0 620.0 660.0 520.0 400.0 620.0 480.0 380.0 160.0 500.0 340.0 820.0 520.0 600.0 300.0 660.0 700.0 700.0 640.0 600.0
0.0 460.0 600.0 800.0 720.0 780.0 400.0 600.0 640.0 680.0 580.0 580.0 680.0 660.0 480.0 560.0 580.0 740.0 640.0 400.0 400.0 700.0 500.0 620.0 460.0 500.0 820.0 580.0 460.0 160.0 500.0 660.0 520.0 20.0 480.0 780.0 860.0 680.0 440.0 440.0 660.0 740.0 480.0 660.0 560.0 480.0 720.0 140.0 720.0 0.0 600.0 500.0 600.0 580.0 660.0 580.0 540.0 640.0 460.0 680.0 460.0 520.0 700.0 580.0 720.0 640.0 600.0 600.0 440.0 320.0 660.0 580.0 520.0 760.0 680.0 520.0 560.0 900.0 440.0 740.0 260.0
0.0 360.0 260.0 1080.0 660.0 700.0 540.0 300.0 480.0 580.0 460.0 740.0 580.0 660.0 540.0 540.0 380.0 760.0 720.0 380.0 480.0 560.0 540.0 580.0 620.0 260.0 720.0 500.0 540.0 420.0 480.0 760.0 600.0 420.0 860.0 500.0 300.0 740.0 420.0 540.0 440.0 500.0 420.0 260.0 480.0 700.0 620.0 520.0 140.0 400.0 0.0 640.0 540.0 680.0 640.0 480.0 540.0 540.0 380.0 800.0 820.0 680.0 600.0 700.0 640.0 540.0 760.0 500.0 360.0 300.0 620.0 460.0 820.0 660.0 580.0 440.0 520.0 700.0 620.0 760.0 420.0
0.0 320.0 380.0 780.0 400.0 780.0 500.0 580.0 340.0 780.0 320.0 680.0 780.0 560.0 480.0 540.0 480.0 240.0 520.0 500.0 520.0 420.0 480.0 140.0 560.0 380.0 640.0 580.0 560.0 260.0 540.0 620.0 640.0 140.0 360.0 780.0 600.0 640.0 540.0 520.0 300.0 620.0 600.0 540.0 560.0 480.0 560.0 240.0 600.0 120.0 500.0 0.0 640.0 660.0 620.0 420.0 480.0 660.0 320.0 780.0 580.0 240.0 540.0 600.0 600.0 660.0 720.0 440.0 560.0 440.0 500.0 520.0 620.0 700.0 300.0 560.0 680.0 920.0 560.0 800.0 380.0
0.0 300.0 200.0 1060.0 120.0 720.0 240.0 440.0 480.0 520.0 440.0 260.0 380.0 460.0 480.0 700.0 300.0 520.0 700.0 540.0 360.0 540.0 480.0 520.0 140.0 200.0 500.0 420.0 420.0 480.0 640.0 620.0 580.0 400.0 860.0 760.0 380.0 780.0 580.0 520.0 440.0 280.0 520.0 540.0 580.0 560.0 380.0 260.0 640.0 640.0 520.0 560.0 0.0 640.0 620.0 420.0 480.0 580.0 300.0 360.0 540.0 620.0 540.0 600.0 580.0 340.0 460.0 440.0 300.0 280.0 460.0 500.0 1000.0 680.0 520.0 360.0 440.0 760.0 520.0 700.0 660.0
0.0 480.0 600.0 900.0 540.0 680.0 420.0 400.0 420.0 700.0 260.0 680.0 700.0 500.0 660.0 400.0 260.0 740.0 660.0 240.0 460.0 500.0 500.0 640.0 540.0 140.0 840.0 620.0 500.0 520.0 340.0 700.0 520.0 540.0 860.0 940.0 680.0 800.0 280.0 560.0 380.0 380.0 520.0 700.0 580.0 580.0 620.0 160.0 580.0 620.0 440.0 520.0 420.0 0.0 580.0 600.0 500.0 500.0 480.0 780.0 680.0 640.0 720.0 680.0 760.0 420.0 640.0 560.0 480.0 240.0 560.0 520.0 1020.0 720.0 700.0 320.0 760.0 700.0 480.0 840.0 760.0
0.0 520.0 280.0 1040.0 340.0 820.0 460.0 540.0 440.0 700.0 400.0 480.0 600.0 640.0 680.0 800.0 400.0 500.0 100.0 640.0 520.0 500.0 600.0 220.0 360.0 280.0 720.0 560.0 320.0 660.0 720.0 700.0 560.0 600.0 800.0 660.0 580.0 580.0 680.0 580.0 380.0 500.0 560.0 420.0 620.0 500.0 600.0 460.0 720.0 700.0 580.0 660.0 220.0 720.0 0.0 620.0 600.0 700.0 520.0 580.0 760.0 680.0 640.0 600.0 780.0 540.0 660.0 560.0 500.0 380.0 580.0 620.0 440.0 800.0 380.0 120.0 640.0 840.0 680.0 800.0 560.0
0.0 360.0 400.0 880.0 580.0 600.0 540.0 440.0 500.0 720.0 440.0 420.0 740.0 560.0 60.0 560.0 260.0 340.0 340.0 480.0 520.0 280.0 100.0 440.0 520.0 220.0 500.0 360.0 220.0 380.0 580.0 340.0 600.0 240.0 460.0 640.0 440.0 400.0 440.0 120.0 460.0 460.0 280.0 420.0 340.0 380.0 440.0 360.0 280.0 240.0 160.0 520.0 460.0 240.0 260.0 0.0 100.0 520.0 180.0 660.0 680.0 500.0 420.0 500.0 500.0 480.0 420.0 320.0 500.0 300.0 420.0 120.0 620.0 320.0 600.0 360.0 660.0 700.0 480.0 400.0 480.0
0.0 260.0 320.0 1020.0 480.0 600.0 440.0 360.0 540.0 640.0 500.0 560.0 640.0 720.0 360.0 460.0 420.0 560.0 240.0 440.0 540.0 580.0 20.0 380.0 440.0 320.0 700.0 280.0 400.0 420.0 540.0 520.0 640.0 460.0 500.0 560.0 360.0 300.0 340.0 300.0 500.0 560.0 180.0 320.0 240.0 580.0 500.0 460.0 200.0 460.0 60.0 600.0 360.0 440.0 160.0 320.0 0.0 580.0 280.0 680.0 740.0 520.0 500.0 680.0 700.0 600.0 340.0 380.0 420.0 360.0 340.0 40.0 540.0 220.0 540.0 280.0 560.0 660.0 400.0 340.0 480.0
0.0 340.0 480.0 1100.0 640.0 880.0 280.0 300.0 540.0 560.0 560.0 720.0 560.0 640.0 440.0 260.0 360.0 720.0 580.0 400.0 620.0 480.0 360.0 560.0 600.0 380.0 700.0 580.0 560.0 440.0 500.0 720.0 520.0 440.0 840.0 800.0 660.0 660.0 140.0 480.0 560.0 520.0 520.0 560.0 580.0 680.0 120.0 280.0 540.0 580.0 420.0 620.0 580.0 560.0 500.0 460.0 360.0 0.0 340.0 820.0 540.0 300.0 580.0 800.0 600.0 580.0 500.0 480.0 320.0 440.0 660.0 380.0 880.0 560.0 560.0 540.0 320.0 820.0 600.0 700.0 280.0
0.0 340.0 260.0 920.0 640.0 700.0 380.0 440.0 440.0 540.0 280.0 520.0 560.0 520.0 180.0 600.0 360.0 460.0 400.0 520.0 480.0 380.0 180.0 540.0 620.0 260.0 600.0 440.0 320.0 460.0 540.0 440.0 580.0 360.0 580.0 460.0 500.0 480.0 480.0 220.0 400.0 500.0 340.0 240.0 400.0 500.0 260.0 380.0 340.0 340.0 220.0 620.0 540.0 360.0 320.0 120.0 180.0 340.0 0.0 480.0 520.0 320.0 240.0 620.0 600.0 540.0 500.0 140.0 320.0 360.0 500.0 200.0 700.0 380.0 540.0 440.0 600.0 660.0 560.0 500.0 380.0
0.0 500.0 640.0 1100.0 660.0 540.0 780.0 520.0 540.0 960.0 520.0 780.0 840.0 760.0 660.0 780.0 380.0 860.0 780.0 600.0 580.0 620.0 680.0 760.0 660.0 260.0 1020.0 780.0 620.0 640.0 700.0 820.0 640.0 700.0 980.0 960.0 780.0 960.0 640.0 680.0 500.0 500.0 820.0 720.0 760.0 580.0 760.0 680.0 800.0 680.0 700.0 640.0 540.0 720.0 700.0 620.0 660.0 840.0 500.0 0.0 980.0 760.0 740.0 700.0 1040.0 540.0 980.0 640.0 820.0 360.0 660.0 700.0 1080.0 880.0 620.0 440.0 900.0 680.0 900.0 1000.0 860.0
0.0 620.0 440.0 1100.0 440.0 840.0 560.0 420.0 720.0 720.0 560.0 340.0 460.0 540.0 760.0 680.0 560.0 700.0 840.0 520.0 400.0 720.0 680.0 840.0 220.0 440.0 820.0 500.0 460.0 560.0 620.0 940.0 700.0 720.0 940.0 880.0 780.0 1020.0 560.0 720.0 680.0 640.0 800.0 640.0 860.0 640.0 760.0 560.0 680.0 920.0 560.0 820.0 720.0 860.0 760.0 720.0 720.0 660.0 620.0 460.0 0.0 920.0 720.0 740.0 880.0 380.0 760.0 700.0 600.0 540.0 460.0 740.0 1080.0 920.0 820.0 620.0 100.0 900.0 620.0 960.0 660.0
0.0 860.0 860.0 1100.0 760.0 780.0 840.0 580.0 660.0 1060.0 640.0 780.0 900.0 880.0 900.0 820.0 800.0 840.0 760.0 660.0 600.0 320.0 760.0 760.0 660.0 860.0 1100.0 900.0 640.0 160.0 760.0 880.0 620.0 920.0 1100.0 780.0 480.0 1100.0 700.0 640.0 620.0 800.0 940.0 940.0 880.0 820.0 580.0 640.0 900.0 920.0 820.0 1040.0 680.0 780.0 680.0 840.0 840.0 920.0 720.0 880.0 720.0 0.0 940.0 940.0 1100.0 600.0 640.0 800.0 840.0 320.0 560.0 880.0 1100.0 1060.0 940.0 780.0 760.0 900.0 800.0 1000.0 760.0
0.0 420.0 560.0 780.0 580.0 920.0 700.0 700.0 600.0 640.0 560.0 620.0 640.0 720.0 580.0 840.0 360.0 860.0 600.0 800.0 620.0 500.0 380.0 640.0 500.0 460.0 780.0 640.0 540.0 660.0 820.0 660.0 400.0 520.0 860.0 880.0 420.0 680.0 720.0 440.0 560.0 700.0 540.0 640.0 600.0 680.0 160.0 640.0 560.0 740.0 440.0 620.0 460.0 560.0 520.0 540.0 380.0 640.0 420.0 740.0 280.0 720.0 0.0 800.0 680.0 600.0 700.0 440.0 400.0 560.0 700.0 400.0 900.0 580.0 640.0 640.0 380.0 820.0 760.0 700.0 800.0
0.0 560.0 700.0 980.0 660.0 920.0 660.0 640.0 660.0 780.0 500.0 800.0 780.0 740.0 740.0 640.0 500.0 980.0 700.0 480.0 540.0 640.0 460.0 780.0 680.0 380.0 920.0 660.0 600.0 760.0 400.0 940.0 680.0 660.0 940.0 740.0 800.0 760.0 520.0 720.0 620.0 620.0 640.0 780.0 620.0 580.0 300.0 420.0 640.0 860.0 520.0 760.0 540.0 260.0 620.0 680.0 460.0 380.0 560.0 520.0 740.0 660.0 580.0 0.0 840.0 520.0 800.0 180.0 560.0 480.0 640.0 480.0 980.0 680.0 780.0 440.0 700.0 940.0 720.0 800.0 660.0
0.0 320.0 460.0 720.0 840.0 880.0 680.0 700.0 160.0 860.0 420.0 820.0 780.0 660.0 500.0 740.0 540.0 260.0 720.0 580.0 680.0 520.0 500.0 740.0 700.0 440.0 640.0 600.0 480.0 640.0 680.0 720.0 720.0 500.0 840.0 780.0 700.0 800.0 620.0 540.0 400.0 680.0 660.0 540.0 660.0 640.0 400.0 560.0 660.0 480.0 540.0 660.0 720.0 660.0 640.0 440.0 500.0 500.0 320.0 640.0 840.0 620.0 560.0 760.0 0.0 720.0 820.0 280.0 640.0 440.0 600.0 520.0 860.0 700.0 860.0 620.0 800.0 920.0 720.0 820.0 200.0
0.0 520.0 500.0 980.0 800.0 460.0 460.0 480.0 560.0 720.0 600.0 760.0 480.0 440.0 460.0 440.0 560.0 700.0 740.0 560.0 40.0 660.0 520.0 700.0 640.0 500.0 880.0 500.0 100.0 480.0 660.0 700.0 640.0 620.0 580.0 720.0 500.0 820.0 600.0 500.0 580.0 700.0 620.0 480.0 680.0 260.0 500.0 460.0 720.0 620.0 580.0 820.0 720.0 620.0 680.0 620.0 520.0 640.0 520.0 560.0 640.0 820.0 360.0 380.0 780.0 0.0 560.0 540.0 500.0 360.0 140.0 560.0 760.0 740.0 720.0 680.0 500.0 600.0 620.0 640.0 340.0
0.0 560.0 380.0 820.0 380.0 760.0 500.0 620.0 340.0 780.0 320.0 240.0 360.0 440.0 740.0 680.0 480.0 580.0 680.0 720.0 340.0 320.0 560.0 140.0 120.0 380.0 760.0 380.0 400.0 460.0 820.0 620.0 760.0 400.0 840.0 320.0 480.0 620.0 680.0 780.0 300.0 620.0 620.0 720.0 560.0 520.0 600.0 500.0 620.0 620.0 480.0 740.0 640.0 880.0 720.0 680.0 600.0 540.0 560.0 340.0 520.0 580.0 540.0 640.0 840.0 320.0 0.0 480.0 560.0 460.0 440.0 640.0 660.0 700.0 300.0 540.0 420.0 400.0 500.0 880.0 620.0
0.0 400.0 540.0 1100.0 700.0 880.0 480.0 500.0 660.0 600.0 620.0 840.0 620.0 580.0 560.0 460.0 360.0 840.0 520.0 600.0 480.0 480.0 300.0 620.0 720.0 380.0 760.0 560.0 520.0 640.0 700.0 780.0 520.0 500.0 780.0 840.0 640.0 600.0 340.0 540.0 620.0 620.0 460.0 600.0 520.0 400.0 120.0 280.0 480.0 740.0 360.0 620.0 580.0 560.0 440.0 500.0 300.0 220.0 400.0 360.0 740.0 500.0 620.0 520.0 660.0 440.0 620.0 0.0 380.0 480.0 560.0 320.0 820.0 500.0 600.0 540.0 520.0 820.0 600.0 640.0 480.0
0.0 20.0 160.0 780.0 320.0 600.0 380.0 320.0 280.0 240.0 240.0 540.0 240.0 320.0 180.0 560.0 180.0 460.0 420.0 400.0 380.0 340.0 200.0 240.0 460.0 60.0 380.0 280.0 340.0 260.0 420.0 460.0 440.0 120.0 580.0 480.0 520.0 480.0 440.0 240.0 240.0 300.0 360.0 240.0 420.0 400.0 280.0 240.0 360.0 360.0 220.0 340.0 340.0 360.0 340.0 140.0 200.0 360.0 20.0 500.0 540.0 320.0 260.0 520.0 280.0 340.0 520.0 160.0 0.0 160.0 420.0 220.0 720.0 400.0 240.0 240.0 300.0 620.0 380.0 520.0 400.0
0.0 580.0 560.0 1060.0 440.0 460.0 560.0 700.0 780.0 840.0 680.0 460.0 580.0 660.0 580.0 660.0 480.0 520.0 440.0 700.0 280.0 780.0 540.0 580.0 340.0 560.0 820.0 580.0 320.0 300.0 800.0 560.0 300.0 620.0 820.0 860.0 720.0 820.0 740.0 340.0 740.0 640.0 680.0 640.0 760.0 500.0 660.0 320.0 580.0 600.0 580.0 740.0 360.0 460.0 360.0 520.0 520.0 740.0 400.0 560.0 740.0 680.0 640.0 620.0 880.0 540.0 780.0 540.0 620.0 0.0 660.0 560.0 800.0 740.0 740.0 480.0 640.0 600.0 640.0 800.0 580.0
0.0 720.0 640.0 960.0 880.0 900.0 720.0 740.0 920.0 640.0 900.0 900.0 800.0 840.0 720.0 700.0 740.0 960.0 760.0 820.0 720.0 940.0 800.0 900.0 780.0 640.0 1080.0 820.0 480.0 640.0 920.0 580.0 740.0 520.0 960.0 860.0 1060.0 1080.0 860.0 760.0 880.0 880.0 760.0 620.0 820.0 660.0 960.0 620.0 900.0 500.0 760.0 980.0 800.0 900.0 800.0 820.0 800.0 900.0 720.0 1000.0 860.0 1000.0 940.0 780.0 980.0 920.0 920.0 840.0 700.0 440.0 0.0 820.0 1000.0 1000.0 920.0 700.0 820.0 920.0 840.0 1020.0 200.0
0.0 520.0 280.0 1040.0 460.0 580.0 460.0 320.0 500.0 700.0 480.0 540.0 660.0 720.0 340.0 440.0 400.0 540.0 620.0 420.0 520.0 560.0 380.0 440.0 420.0 280.0 780.0 340.0 380.0 380.0 500.0 500.0 620.0 520.0 740.0 620.0 320.0 280.0 320.0 260.0 460.0 540.0 360.0 580.0 300.0 540.0 560.0 460.0 180.0 520.0 360.0 560.0 340.0 400.0 540.0 280.0 380.0 640.0 340.0 640.0 720.0 660.0 580.0 660.0 680.0 560.0 320.0 440.0 500.0 320.0 660.0 0.0 500.0 200.0 600.0 460.0 720.0 620.0 420.0 320.0 720.0
0.0 560.0 700.0 1100.0 860.0 1100.0 500.0 520.0 760.0 780.0 740.0 940.0 780.0 860.0 740.0 480.0 580.0 1020.0 820.0 620.0 840.0 680.0 580.0 780.0 820.0 600.0 920.0 720.0 860.0 780.0 720.0 980.0 720.0 660.0 1060.0 1020.0 860.0 880.0 360.0 760.0 780.0 740.0 640.0 800.0 700.0 760.0 340.0 280.0 760.0 900.0 640.0 840.0 800.0 760.0 740.0 680.0 580.0 860.0 560.0 1040.0 760.0 800.0 800.0 700.0 840.0 800.0 720.0 700.0 560.0 660.0 900.0 600.0 0.0 780.0 780.0 760.0 840.0 700.0 600.0 920.0 940.0
0.0 340.0 340.0 880.0 280.0 560.0 280.0 300.0 520.0 540.0 420.0 400.0 540.0 600.0 500.0 260.0 440.0 360.0 560.0 380.0 520.0 660.0 340.0 560.0 280.0 340.0 640.0 160.0 400.0 580.0 480.0 780.0 620.0 440.0 840.0 800.0 520.0 100.0 140.0 560.0 560.0 420.0 180.0 560.0 120.0 580.0 380.0 280.0 540.0 680.0 400.0 660.0 160.0 680.0 480.0 460.0 360.0 460.0 340.0 520.0 540.0 500.0 540.0 700.0 600.0 480.0 480.0 260.0 320.0 320.0 620.0 380.0 320.0 0.0 540.0 520.0 580.0 680.0 260.0 680.0 620.0
0.0 280.0 420.0 660.0 100.0 480.0 220.0 480.0 60.0 480.0 20.0 560.0 500.0 260.0 440.0 640.0 420.0 720.0 680.0 480.0 620.0 120.0 440.0 500.0 440.0 320.0 480.0 300.0 540.0 320.0 560.0 320.0 680.0 380.0 840.0 700.0 300.0 540.0 520.0 480.0 20.0 560.0 320.0 460.0 260.0 360.0 300.0 220.0 340.0 600.0 200.0 600.0 480.0 620.0 600.0 380.0 440.0 380.0 280.0 520.0 500.0 300.0 500.0 460.0 540.0 600.0 420.0 180.0 260.0 400.0 200.0 420.0 560.0 620.0 0.0 500.0 540.0 620.0 400.0 740.0 400.0
0.0 400.0 280.0 1060.0 220.0 820.0 340.0 540.0 560.0 620.0 440.0 360.0 480.0 560.0 560.0 800.0 400.0 620.0 720.0 640.0 460.0 640.0 500.0 620.0 240.0 280.0 600.0 460.0 520.0 580.0 740.0 720.0 660.0 500.0 960.0 860.0 480.0 780.0 680.0 620.0 520.0 380.0 600.0 620.0 680.0 640.0 480.0 360.0 680.0 740.0 540.0 660.0 100.0 740.0 640.0 520.0 500.0 660.0 400.0 460.0 640.0 700.0 620.0 700.0 660.0 440.0 560.0 540.0 400.0 380.0 560.0 520.0 1000.0 700.0 620.0 0.0 540.0 860.0 580.0 800.0 740.0
0.0 660.0 340.0 1100.0 740.0 740.0 600.0 320.0 620.0 760.0 460.0 640.0 740.0 700.0 660.0 580.0 460.0 900.0 740.0 420.0 300.0 700.0 640.0 840.0 520.0 340.0 1020.0 780.0 360.0 720.0 520.0 860.0 600.0 760.0 840.0 980.0 680.0 960.0 460.0 620.0 580.0 540.0 840.0 740.0 840.0 540.0 780.0 600.0 780.0 820.0 640.0 720.0 620.0 760.0 660.0 760.0 660.0 660.0 660.0 760.0 860.0 840.0 620.0 640.0 920.0 280.0 800.0 760.0 640.0 440.0 360.0 700.0 1020.0 880.0 860.0 520.0 0.0 840.0 880.0 860.0 560.0
0.0 420.0 140.0 1020.0 540.0 680.0 660.0 400.0 420.0 560.0 400.0 500.0 620.0 500.0 580.0 640.0 260.0 740.0 660.0 480.0 360.0 500.0 600.0 640.0 380.0 140.0 560.0 560.0 420.0 520.0 580.0 700.0 520.0 520.0 860.0 560.0 660.0 880.0 520.0 560.0 380.0 380.0 460.0 320.0 520.0 320.0 680.0 560.0 720.0 620.0 580.0 520.0 420.0 680.0 580.0 540.0 580.0 600.0 420.0 620.0 720.0 640.0 660.0 440.0 680.0 420.0 860.0 560.0 400.0 240.0 540.0 620.0 760.0 800.0 640.0 320.0 680.0 0.0 680.0 640.0 460.0
0.0 320.0 420.0 780.0 560.0 620.0 500.0 460.0 540.0 740.0 160.0 660.0 740.0 400.0 460.0 560.0 420.0 660.0 300.0 540.0 640.0 600.0 80.0 440.0 540.0 420.0 800.0 380.0 500.0 520.0 580.0 620.0 740.0 560.0 600.0 660.0 460.0 400.0 440.0 400.0 480.0 660.0 280.0 420.0 340.0 480.0 580.0 520.0 300.0 560.0 160.0 660.0 440.0 540.0 220.0 420.0 120.0 660.0 340.0 720.0 620.0 580.0 560.0 600.0 620.0 660.0 440.0 460.0 520.0 460.0 400.0 140.0 640.0 320.0 600.0 340.0 660.0 760.0 0.0 440.0 360.0
0.0 560.0 620.0 1040.0 640.0 700.0 760.0 820.0 600.0 1020.0 560.0 700.0 820.0 800.0 720.0 780.0 700.0 500.0 440.0 760.0 520.0 660.0 740.0 380.0 580.0 620.0 880.0 800.0 560.0 80.0 780.0 780.0 540.0 380.0 600.0 700.0 840.0 880.0 800.0 560.0 560.0 860.0 840.0 780.0 800.0 720.0 820.0 480.0 800.0 360.0 740.0 260.0 600.0 700.0 600.0 680.0 720.0 900.0 560.0 800.0 820.0 440.0 800.0 840.0 840.0 760.0 560.0 700.0 800.0 240.0 740.0 760.0 860.0 940.0 540.0 700.0 660.0 820.0 800.0 0.0 620.0
0.0 520.0 440.0 1080.0 680.0 700.0 680.0 700.0 720.0 720.0 700.0 700.0 740.0 640.0 520.0 840.0 560.0 760.0 680.0 680.0 520.0 740.0 680.0 740.0 580.0 440.0 880.0 660.0 280.0 440.0 780.0 800.0 540.0 320.0 760.0 660.0 860.0 960.0 720.0 560.0 680.0 680.0 560.0 420.0 620.0 460.0 760.0 420.0 700.0 300.0 560.0 780.0 600.0 700.0 600.0 620.0 680.0 700.0 520.0 800.0 740.0 820.0 740.0 580.0 780.0 720.0 760.0 640.0 500.0 240.0 840.0 720.0 800.0 900.0 720.0 500.0 620.0 720.0 740.0 940.0 0.0
