80 5
1840 9269 9 9
684 8607 8 6
480 12552 1 3
1239 8757 2 7
1940 7200 1 8
580 8300 2 1
1587 11040 2 4
18 8010 8 5
22 10252 2 5
1332 8154 8 5
920 9000 6 5
1560 11328 2 8
1584 8784 1 6
1716 10670 10 9
384 10488 1 5
660 7120 5 3
930 5235 6 10
861 7686 2 6
665 9443 10 1
567 10878 8 2
1455 6795 8 7
408 7497 2 10
960 6400 5 10
250 12425 3 2
1564 9499 9 9
1440 7992 7 4
1185 5385 10 6
2156 9724 8 10
1080 12048 3 9
880 8940 7 4
656 6352 3 6
1716 8954 2 2
147 10752 4 5
700 12300 1 5
1824 9861 9 3
44 9944 6 6
1365 9597 4 3
192 5376 2 7
2208 8304 8 9
840 7245 10 2
1625 8975 4 5
660 6135 7 6
418 9328 1 2
1600 5168 3 5
540 5820 5 9
850 5525 2 1
874 7144 4 4
1824 8112 4 9
2100 12650 7 8
136 5984 3 10
1173 6324 6 4
1290 6690 9 5
57 8949 1 9
270 6786 10 9
2150 9600 1 6
1748 7125 6 5
480 7424 3 6
1890 8463 3 10
496 8240 4 8
1196 8694 10 7
1562 7854 7 3
1495 11224 5 5
2001 8004 2 8
1460 8180 8 7
1710 6552 10 8
1121 8873 2 5
1220 9420 2 9
713 10442 10 4
108 6390 10 2
775 12475 2 4
1032 12336 5 9
1350 5130 8 3
741 9652 10 3
1700 8313 7 4
1675 12825 8 7
1100 6320 10 8
987 10101 7 9
1156 5831 5 10
170 6970 1 9
128 6144 7 2
SETUP
0 140 140 100 80 80 100 100 180 100 100 80 100 120 180 120 80 180 100 120 40 100 160 120 100 100 160 40 80 140 140 80 180 120 80 140 100 80 100 80 180 100 80 160 120 140 140 100 180 120 80 120 120 140 160 100 160 140 140 80 160 140 100 120 20 160 140 120 140 120 140 120 180 140 140 80 80 120 100 140 40
0 0 140 560 620 580 600 180 660 640 640 660 100 660 680 640 120 640 540 100 640 720 680 120 600 640 600 660 660 640 640 640 620 600 640 540 640 640 660 580 640 600 620 640 620 200 140 660 580 700 120 600 580 100 640 700 640 660 600 600 140 620 600 660 660 680 100 180 660 160 680 600 680 680 640 640 600 140 620 660 580
0 200 0 620 580 620 600 100 680 580 580 580 100 620 640 620 120 580 640 140 540 620 660 100 580 600 660 660 560 620 540 620 680 620 640 640 520 620 580 620 640 580 640 560 600 180 120 600 640 560 100 620 640 140 640 580 660 600 620 560 120 580 600 600 660 600 80 140 640 140 640 620 720 640 640 640 580 120 600 560 620
0 640 560 0 80 600 540 640 620 100 580 600 540 640 620 620 600 640 140 520 600 180 200 540 580 140 640 140 640 140 600 600 640 620 100 580 580 600 640 620 600 580 640 580 660 640 560 600 600 140 560 540 520 580 580 640 580 640 620 600 580 80 640 640 620 140 540 600 600 640 160 560 620 140 600 120 540 560 580 620 620
0 680 580 140 0 560 640 660 640 120 640 640 600 660 680 660 640 660 80 640 620 220 220 660 600 180 640 160 640 140 620 640 700 580 140 620 580 660 640 540 640 600 660 640 680 680 680 540 640 160 640 620 640 620 620 660 680 640 620 600 640 140 580 660 660 140 660 660 700 680 180 660 740 200 720 120 660 580 640 640 620
0 660 640 580 640 0 100 640 120 600 580 620 560 620 680 120 600 620 520 600 600 680 660 620 560 620 120 620 620 600 120 600 640 540 580 640 580 120 640 560 580 80 140 160 640 640 620 140 660 680 580 600 600 560 580 680 160 600 580 560 600 600 540 600 120 660 620 660 180 620 620 600 700 640 680 620 620 540 600 140 80
0 660 620 600 580 80 0 600 140 600 540 600 580 620 640 80 560 640 580 640 560 640 680 640 560 620 180 580 580 580 60 560 640 620 540 580 620 80 600 580 600 80 120 60 620 620 580 120 620 580 580 500 640 600 580 600 160 640 600 560 620 600 600 620 80 640 620 640 160 620 660 520 620 660 660 580 620 580 620 140 140
0 180 180 600 640 600 620 0 660 620 660 580 80 620 660 680 140 660 620 140 600 660 640 160 540 580 660 600 640 620 600 580 660 620 580 640 640 600 620 600 620 560 680 680 600 160 140 640 660 680 120 640 620 140 620 540 640 640 600 600 160 580 620 640 600 620 140 160 600 180 660 640 700 620 700 600 640 80 620 680 600
0 640 620 620 560 80 140 580 0 600 580 560 580 600 660 120 560 620 580 620 520 580 640 600 580 580 160 520 560 620 120 560 660 600 560 620 620 100 600 600 640 80 80 160 580 620 620 100 660 600 580 600 640 620 620 580 140 620 620 560 640 620 580 580 20 640 640 600 140 580 620 640 700 560 600 580 560 600 580 140 120
0 640 620 160 140 660 680 640 640 0 660 640 600 660 580 680 640 700 160 640 600 200 240 600 600 180 640 120 640 140 600 640 700 580 160 640 640 680 660 680 680 600 580 680 580 680 620 620 600 200 620 660 660 660 660 660 620 600 640 640 580 160 660 660 600 100 600 560 660 680 200 640 740 120 660 140 600 620 660 660 660
0 620 600 580 600 580 620 580 660 620 0 120 560 120 640 520 580 660 600 600 100 660 680 580 120 620 620 600 100 540 580 600 180 120 600 140 620 620 560 620 620 540 580 660 600 680 540 620 100 680 540 80 120 620 140 140 640 640 600 580 600 580 120 620 580 600 580 660 640 660 680 120 700 660 640 620 580 600 620 640 640
0 600 660 600 580 620 580 520 620 620 120 0 580 140 700 640 640 640 640 640 80 680 660 660 80 520 620 620 100 640 560 600 200 80 580 160 580 600 620 620 580 580 640 640 620 640 640 620 180 680 600 80 140 600 80 80 640 600 620 540 620 600 60 580 600 640 640 660 620 620 620 120 640 660 700 620 660 520 620 600 620
0 200 140 560 640 620 580 160 640 640 640 640 0 620 680 660 140 600 640 100 620 640 700 140 640 640 640 620 640 660 600 600 640 640 580 580 640 600 640 620 580 600 660 640 620 180 140 620 680 680 120 600 580 80 560 680 640 640 700 640 100 520 640 640 600 660 120 180 600 140 620 600 640 600 660 620 620 40 560 680 680
0 620 600 620 620 620 640 620 560 600 140 100 560 0 640 660 620 560 640 620 100 640 660 580 80 600 680 580 140 540 620 600 200 160 600 160 620 620 640 620 640 560 620 640 580 680 620 620 100 660 600 160 160 620 140 80 640 640 600 620 600 580 140 640 580 600 580 660 660 660 680 140 700 640 640 620 580 600 620 660 600
0 560 580 560 600 620 600 600 560 560 560 580 520 580 0 600 620 140 580 540 560 640 640 620 520 580 560 580 600 580 560 80 660 500 600 600 100 620 140 120 100 520 580 640 120 600 600 620 520 640 600 600 580 580 580 640 600 160 80 120 600 560 620 80 580 500 600 600 640 620 600 560 160 620 180 540 120 540 80 600 640
0 680 600 620 580 60 160 560 160 640 620 600 600 640 720 0 540 660 560 640 560 640 680 580 580 620 100 560 600 660 100 600 660 580 600 660 600 140 640 600 640 100 120 160 620 660 600 120 640 640 520 540 640 620 620 600 180 620 620 540 600 640 560 600 60 660 660 640 160 640 660 640 740 640 660 640 600 580 580 120 120
0 180 160 580 640 500 600 140 620 600 580 580 80 620 680 620 0 620 520 120 620 640 640 140 560 600 620 620 580 620 600 600 640 560 600 620 580 600 580 560 600 560 620 640 640 140 140 560 660 680 100 600 600 80 580 660 640 580 580 500 120 600 540 560 620 660 140 140 660 140 620 600 700 660 680 600 620 60 600 580 580
0 640 540 600 600 580 620 620 580 560 620 620 560 620 100 640 580 0 600 580 580 640 680 520 560 600 620 600 600 620 580 140 680 600 600 640 60 640 120 140 140 560 640 580 40 660 540 560 580 620 540 580 600 600 620 620 560 80 120 80 560 580 620 140 580 600 520 580 580 660 660 580 180 600 80 600 40 580 120 600 640
0 640 620 80 140 540 600 640 620 120 620 620 580 620 660 640 600 600 0 580 600 200 140 600 560 120 600 140 640 100 600 640 680 540 140 620 600 620 640 540 580 560 620 640 620 640 620 660 660 200 580 600 580 540 620 680 640 620 560 600 580 120 580 660 620 160 600 640 660 620 180 600 680 140 660 140 600 580 580 620 540
0 200 160 580 640 620 600 180 620 600 620 660 20 640 680 640 120 620 640 0 620 640 680 140 640 620 660 620 640 640 620 600 620 660 580 540 660 620 640 620 600 620 660 640 640 180 160 640 680 660 120 600 600 80 580 640 560 640 700 620 100 540 640 660 620 640 140 100 620 140 620 600 600 600 640 620 620 60 560 640 660
0 640 620 600 520 580 640 580 640 620 60 60 600 100 660 580 580 660 600 600 0 680 620 620 100 560 620 640 40 600 600 600 140 80 640 160 600 640 580 580 640 560 620 680 640 660 600 560 140 680 540 100 140 620 140 140 660 640 600 580 640 620 80 640 640 660 640 680 680 580 600 140 700 600 700 640 640 580 560 640 640
0 680 640 160 200 680 600 700 640 160 640 700 600 660 700 680 660 720 140 640 640 0 240 640 600 120 720 180 680 180 640 660 720 660 160 660 660 680 700 660 680 600 700 640 580 720 640 620 640 200 640 620 600 660 660 700 620 620 640 640 660 140 640 680 640 220 620 640 680 720 220 620 720 160 680 200 600 620 660 700 680
0 660 580 20 100 580 560 600 640 120 600 620 540 620 640 640 580 560 120 540 560 180 0 560 580 120 600 140 600 160 560 620 660 600 120 580 580 620 640 580 540 560 620 600 580 640 580 620 620 140 580 560 540 500 600 640 600 600 640 600 540 80 580 580 620 120 560 620 620 580 180 560 640 60 620 140 560 580 600 640 640
0 120 20 600 580 560 620 100 660 580 600 600 60 600 640 600 60 600 580 100 560 640 660 0 540 620 600 620 580 620 540 640 660 600 620 640 520 640 580 600 620 540 600 580 620 180 40 600 560 580 20 540 620 120 600 600 600 580 580 540 40 580 580 600 640 600 100 140 640 140 660 620 680 640 640 580 600 80 600 580 620
0 660 620 560 580 600 580 580 620 620 120 120 520 80 660 640 640 620 620 580 60 640 620 600 0 620 620 620 100 580 540 580 180 140 580 100 600 600 640 600 580 500 620 640 620 660 620 620 140 660 600 100 80 560 80 140 580 640 540 620 600 540 120 640 600 640 580 600 620 620 620 100 640 600 640 600 600 520 560 620 660
0 580 660 100 140 600 580 640 600 120 600 600 560 620 680 640 640 640 140 620 600 180 200 640 560 0 600 120 600 140 580 580 680 540 80 640 580 600 620 600 580 560 620 620 640 640 620 600 660 180 600 540 620 580 560 660 640 600 600 520 620 100 520 580 600 200 640 640 680 600 120 580 700 180 700 120 640 520 620 600 620
0 700 660 620 580 140 160 620 120 600 600 600 560 640 700 140 620 660 640 600 540 640 660 640 580 620 0 620 580 640 120 640 640 560 640 580 580 180 640 620 640 80 20 200 540 640 640 80 660 680 600 640 620 620 620 660 100 580 620 620 640 580 600 600 120 700 640 600 180 620 640 640 700 620 680 660 600 580 600 140 160
0 660 600 140 60 580 600 620 640 100 640 620 600 600 660 660 580 660 120 660 580 80 200 580 580 80 640 0 620 160 640 560 640 580 60 660 620 580 600 580 640 580 640 620 600 620 600 580 640 100 580 600 660 640 620 600 640 620 640 600 620 140 600 620 560 180 620 580 600 640 160 600 680 140 600 80 540 580 640 660 640
0 620 600 580 580 560 600 540 640 640 40 20 580 100 660 540 540 640 580 560 80 680 640 580 100 520 600 620 0 560 560 620 160 80 600 120 600 620 580 600 600 520 580 660 620 660 560 620 120 660 520 60 100 620 100 100 640 620 560 540 600 600 80 600 600 620 600 640 640 640 640 120 660 640 660 640 600 540 580 620 620
0 660 640 100 120 600 600 620 660 120 580 620 520 620 600 620 620 640 120 600 580 160 180 640 620 140 660 100 620 0 580 560 640 620 60 600 640 580 620 580 600 620 660 660 640 640 600 640 620 180 620 620 620 580 580 640 640 620 660 620 560 60 640 620 580 80 620 660 620 640 140 620 660 140 680 100 620 560 580 660 660
0 660 620 600 540 100 140 540 160 620 560 560 580 600 660 100 580 660 600 600 500 680 620 620 560 580 140 640 540 600 0 600 640 580 620 660 600 100 580 580 640 80 140 120 640 660 600 80 640 680 560 580 640 620 620 600 140 640 600 580 640 600 560 640 140 660 640 660 100 580 600 640 700 600 700 600 640 580 560 160 140
0 640 660 620 580 600 640 620 660 600 620 600 580 640 200 640 580 200 620 640 560 600 680 640 580 560 660 560 580 640 620 0 600 600 600 660 140 620 160 140 140 580 680 680 160 560 640 620 700 640 600 580 640 640 620 620 640 100 140 100 660 620 580 140 540 680 640 640 660 620 660 640 240 660 180 640 100 580 140 640 620
0 640 560 640 620 580 600 600 660 560 100 80 620 160 640 600 600 640 600 600 120 660 700 580 120 580 640 580 80 620 600 640 0 140 640 160 580 660 640 580 640 580 620 620 620 720 600 640 160 620 560 120 80 640 140 120 620 640 620 600 600 640 140 640 660 640 580 600 580 680 620 120 660 640 620 660 520 600 620 620 540
0 660 620 560 600 620 600 580 560 560 80 80 520 80 640 600 620 640 640 580 80 640 640 600 20 580 560 580 100 580 560 600 180 0 580 120 600 620 620 600 580 520 580 640 600 580 600 620 140 660 600 120 100 580 80 160 600 640 560 600 600 540 120 640 580 640 600 600 620 620 620 100 660 620 660 620 600 540 580 640 680
0 640 580 120 80 540 560 600 620 60 580 580 600 560 620 620 560 620 60 620 520 120 160 620 580 80 640 40 560 120 600 520 600 580 0 620 600 520 560 520 640 580 620 600 640 580 560 580 580 140 580 560 640 600 620 580 660 600 620 580 640 140 580 580 520 140 640 600 640 600 140 560 640 140 640 40 580 580 580 640 600
0 680 640 640 620 560 620 620 680 600 160 140 640 160 680 680 560 680 580 660 100 700 700 660 140 600 680 640 140 680 580 660 80 120 660 0 640 580 620 620 580 620 680 660 680 660 680 620 180 680 640 140 140 640 160 200 680 640 640 560 660 660 120 620 680 680 640 660 640 600 680 140 700 640 600 580 580 600 580 640 600
0 660 620 620 560 600 600 580 660 560 580 580 600 620 160 600 600 100 620 620 540 660 660 600 600 580 640 660 560 620 540 120 660 600 620 660 0 620 80 120 160 580 640 640 120 660 600 600 640 600 560 600 640 620 640 620 640 120 120 60 640 640 600 100 640 660 600 620 620 600 640 600 220 640 180 640 120 600 120 540 660
0 640 640 600 580 120 40 620 140 520 580 600 600 640 600 120 580 620 560 640 580 620 700 620 580 600 140 560 620 620 100 580 640 600 580 600 660 0 520 580 620 100 100 100 620 600 620 120 600 620 600 540 640 600 600 640 160 620 620 600 600 640 640 540 120 600 620 580 140 660 640 540 600 620 660 500 540 600 580 160 120
0 660 660 660 580 620 660 580 680 640 680 560 640 700 240 700 680 200 640 660 620 720 720 640 640 580 680 680 660 700 620 180 600 620 640 660 160 680 0 140 160 640 700 700 200 660 660 620 640 720 660 620 680 660 640 640 720 180 200 120 660 620 600 120 660 720 680 700 680 680 680 660 220 700 140 640 140 600 160 680 640
0 660 640 580 600 500 600 620 620 560 580 620 580 620 160 620 600 140 520 600 580 700 660 640 560 640 620 620 620 620 580 120 640 560 600 580 100 620 160 0 120 560 620 640 160 640 620 640 660 680 600 600 600 580 580 660 640 140 100 80 600 600 540 140 620 640 620 620 660 640 620 600 220 660 200 620 140 540 120 620 580
0 700 660 600 600 520 620 600 620 580 620 620 600 640 180 640 620 160 540 620 560 640 660 640 580 620 640 640 600 640 560 140 680 580 620 600 120 640 160 40 0 580 640 680 180 660 640 620 680 580 620 640 640 600 600 600 640 140 120 100 620 620 580 140 620 660 640 640 660 640 640 640 120 640 220 640 160 560 140 640 600
0 660 620 540 580 120 100 580 140 640 600 600 580 560 660 140 620 620 620 580 540 700 660 600 600 620 200 640 580 600 60 620 680 620 620 620 620 160 640 600 580 0 160 160 620 700 620 120 620 660 600 600 580 640 620 620 140 660 640 620 620 620 600 680 140 660 580 660 140 620 640 580 680 660 640 640 600 620 600 140 180
0 680 640 640 560 120 180 620 100 580 580 580 600 620 680 140 620 640 640 580 520 640 660 620 620 600 180 600 560 620 120 640 640 600 640 560 560 160 620 600 660 100 0 200 520 640 620 80 660 680 580 620 600 660 640 660 80 580 620 600 640 620 580 580 100 680 620 580 160 600 640 660 700 600 660 640 580 620 600 120 140
0 680 620 560 600 100 120 600 160 560 620 620 520 580 640 160 640 640 600 580 560 660 640 620 520 620 140 620 600 580 80 600 680 620 580 600 600 80 600 620 580 20 140 0 620 660 640 140 640 680 620 600 580 580 580 640 100 660 560 640 600 560 620 620 120 640 600 620 140 620 620 580 660 620 660 580 600 540 580 140 100
0 680 620 640 620 620 660 640 560 560 640 620 580 640 160 660 620 200 640 560 580 620 660 600 620 640 660 580 620 620 640 140 680 660 620 620 140 640 140 120 160 580 620 680 0 680 620 540 640 640 620 620 580 640 640 640 540 60 180 120 640 600 640 140 580 660 580 580 660 660 680 660 180 580 160 640 120 600 140 620 620
0 200 140 660 600 620 620 120 680 580 620 620 160 660 660 600 120 700 640 180 580 660 700 160 640 640 660 660 600 660 580 660 560 640 660 660 640 660 660 640 660 640 620 640 640 0 180 640 660 680 100 520 640 160 640 660 580 640 660 620 160 680 640 660 640 660 160 120 600 160 680 640 660 660 640 640 520 160 640 680 600
0 100 100 640 640 620 680 180 700 640 660 660 100 680 720 680 120 640 600 80 620 680 740 80 620 680 660 620 640 680 620 660 640 660 660 620 600 680 660 640 660 620 680 640 640 240 0 680 540 660 100 620 660 140 660 660 640 660 660 620 120 600 660 660 680 660 160 180 680 200 640 680 680 680 720 620 640 140 640 640 600
0 640 660 660 640 180 220 660 160 680 660 660 640 700 700 200 660 740 680 640 600 720 720 680 640 680 240 660 640 680 140 700 740 680 720 680 680 220 700 680 720 140 180 200 700 740 700 0 600 720 660 580 680 700 700 720 160 640 680 660 640 640 660 720 160 640 700 660 220 680 700 720 740 720 740 680 700 660 660 220 220
0 540 560 600 640 640 640 640 660 600 160 160 540 160 660 680 640 640 580 540 120 660 720 640 140 640 640 620 140 660 600 640 160 140 620 100 580 660 640 620 640 640 640 620 660 700 660 660 0 640 640 160 140 600 120 160 600 660 640 620 620 560 160 660 640 680 640 620 640 660 600 160 640 640 680 580 620 580 600 620 640
0 620 620 80 100 580 600 560 640 80 620 520 520 580 620 640 640 640 100 580 560 80 120 620 520 60 620 140 600 100 560 600 680 580 100 600 600 620 620 560 580 520 640 640 620 660 600 620 600 0 620 600 580 580 580 520 600 540 560 580 600 60 580 620 620 100 600 620 620 620 140 580 660 100 660 140 600 540 580 600 560
0 180 100 620 560 540 640 140 640 620 620 620 120 660 720 580 40 640 560 140 580 660 680 80 600 640 580 660 600 640 580 640 680 580 620 660 600 620 620 600 620 600 600 640 620 160 100 600 620 640 0 540 640 120 620 660 660 600 620 540 100 620 580 580 640 660 160 160 660 160 660 640 740 680 720 640 620 80 640 600 600
0 700 600 660 580 640 660 580 680 640 120 120 620 140 700 640 620 700 640 640 60 720 660 660 120 620 680 660 100 640 540 660 200 140 660 180 620 640 640 620 680 600 600 620 620 720 640 600 160 680 600 0 200 680 180 140 660 660 640 640 700 640 120 680 680 700 680 680 640 620 640 200 740 640 720 620 680 640 600 660 640
0 620 540 580 600 580 620 620 600 560 140 140 560 120 600 620 560 640 600 620 100 660 680 520 60 640 620 600 120 620 580 580 180 120 560 140 560 580 620 600 580 560 640 600 640 640 540 640 100 600 540 80 0 580 60 140 640 620 600 580 560 560 140 620 580 600 520 580 580 640 660 140 660 640 580 600 520 580 620 600 640
0 180 80 520 580 580 560 100 640 600 600 600 60 640 620 620 120 560 600 40 560 660 680 80 580 620 640 640 580 640 540 620 640 600 600 580 580 600 640 560 540 580 660 600 580 160 80 600 620 640 80 560 540 0 580 640 600 580 640 600 40 580 580 660 620 600 60 120 620 100 660 560 640 640 600 620 560 80 600 620 620
0 640 600 540 580 540 560 620 640 560 120 100 560 80 640 620 580 580 560 560 60 620 660 580 120 580 660 540 100 620 580 520 140 100 520 120 620 540 580 540 520 600 640 620 600 580 560 600 120 600 600 80 80 520 0 120 620 600 620 580 560 600 100 580 540 620 580 620 640 600 640 80 640 640 640 540 580 580 600 660 600
0 620 620 560 580 580 580 540 620 620 120 40 520 80 620 640 640 620 600 580 60 640 580 600 20 540 620 620 100 580 540 580 180 100 580 100 600 600 640 580 580 500 620 640 620 660 620 620 140 660 600 100 80 580 80 0 580 640 540 560 600 540 80 620 600 560 580 600 620 620 620 100 640 580 640 620 600 520 560 620 540
0 660 580 620 620 140 180 640 140 520 620 620 600 640 620 180 620 660 640 640 600 560 600 580 600 620 180 640 600 580 100 620 720 620 600 660 600 140 620 640 620 100 120 160 580 660 600 120 620 600 580 620 580 620 600 620 0 560 640 620 600 600 660 600 140 620 560 520 140 680 660 640 700 580 620 640 580 620 640 120 140
0 640 640 640 640 560 660 640 660 520 640 640 620 680 120 680 660 160 580 640 600 700 680 620 620 660 660 640 620 640 600 180 680 600 640 640 80 660 100 120 160 620 580 700 120 680 560 640 600 680 640 660 660 620 640 680 640 0 160 80 600 660 600 140 620 600 620 580 640 680 680 640 260 620 180 640 140 600 120 560 560
0 640 620 580 560 600 640 640 660 620 600 620 540 600 140 640 600 140 620 620 560 680 580 640 560 620 660 620 600 520 600 100 680 600 580 620 160 600 160 100 140 560 620 620 160 660 640 600 640 680 620 620 620 580 620 660 620 140 0 120 580 580 620 160 600 580 640 640 660 640 660 540 200 580 200 600 100 580 40 640 660
0 660 660 580 640 620 620 620 700 580 580 580 620 640 180 620 620 120 640 620 640 720 700 640 660 600 640 640 560 620 620 140 680 640 620 620 160 600 100 160 140 580 620 680 140 620 620 660 660 700 580 620 620 580 600 660 680 80 140 0 600 640 640 60 640 680 620 620 640 660 640 600 220 660 200 600 140 620 160 560 640
0 180 160 640 560 600 640 80 660 580 580 580 120 620 620 620 120 680 580 140 520 640 640 160 580 600 640 600 560 620 520 640 660 600 640 680 620 620 600 600 660 580 640 620 640 200 140 580 640 680 80 620 660 140 640 620 580 560 620 620 0 620 580 640 660 580 160 120 620 120 620 660 720 640 700 620 640 120 580 620 620
0 700 660 120 140 620 600 660 720 140 640 640 640 660 720 660 620 660 140 640 580 120 180 640 640 160 620 140 620 140 640 600 620 660 100 560 680 620 640 620 600 640 640 640 660 660 640 620 680 200 640 600 640 600 580 680 620 680 680 620 640 0 640 660 600 200 640 640 580 620 140 600 720 200 660 140 640 540 640 680 660
0 680 640 580 600 600 600 600 580 560 80 80 540 100 660 600 600 620 620 600 80 660 640 620 40 580 580 600 100 600 580 620 180 20 600 140 540 620 600 620 600 520 580 660 600 600 620 640 160 640 580 120 120 580 100 160 600 580 580 580 620 560 0 640 580 660 620 620 640 640 640 120 660 640 680 640 620 540 580 580 580
0 700 620 580 640 600 620 660 660 620 620 640 620 640 180 660 620 100 620 620 600 660 660 600 640 640 580 600 640 620 640 100 640 640 580 580 140 600 140 120 80 640 600 660 120 560 620 640 660 640 620 580 620 580 560 660 640 160 100 140 620 660 640 0 580 680 600 660 660 640 600 600 200 660 180 600 100 640 120 680 660
0 640 620 620 540 60 120 580 160 580 560 560 580 600 680 100 540 660 580 600 520 580 640 600 580 560 160 520 540 600 120 560 640 580 560 660 600 100 600 580 640 80 140 140 600 620 600 80 640 600 560 600 640 620 620 560 160 620 600 540 620 600 580 600 0 640 640 600 120 580 600 620 680 620 620 580 540 580 580 140 120
0 600 580 120 160 660 640 640 620 120 620 620 580 620 540 640 660 620 140 600 620 200 200 640 560 140 620 140 640 160 600 580 660 560 160 640 580 660 620 660 640 560 620 640 640 640 660 660 560 160 660 640 620 640 620 640 640 660 620 600 660 120 660 580 620 0 640 640 680 680 180 600 700 180 700 100 640 580 620 600 680
0 120 40 580 580 560 600 120 640 540 600 600 60 600 580 620 60 620 580 120 560 640 660 20 540 620 600 640 580 620 560 600 660 580 620 620 540 640 600 620 620 540 620 580 640 160 40 620 560 600 40 560 600 100 600 600 620 600 580 560 60 580 600 600 620 580 0 120 580 140 640 600 640 640 560 600 500 80 600 580 620
0 160 80 620 620 600 640 140 620 500 640 640 100 620 600 660 120 660 620 140 580 680 700 60 580 600 640 620 620 640 580 620 720 600 620 640 580 640 620 640 640 560 580 640 560 200 80 580 600 640 80 600 640 140 640 640 600 540 620 600 100 620 640 660 600 600 60 0 620 160 640 640 700 560 600 640 540 120 640 600 600
0 680 640 600 640 140 160 620 200 580 600 580 580 640 660 140 620 700 640 640 620 620 640 620 580 600 180 680 580 620 140 660 720 640 640 660 640 200 640 680 640 80 120 160 620 700 640 160 660 640 580 620 620 640 640 660 60 600 620 620 640 620 640 640 180 640 600 560 0 680 680 660 720 620 660 680 620 600 640 160 180
0 160 160 580 620 640 620 140 660 640 640 640 120 660 600 660 180 700 600 120 580 720 700 140 600 640 660 660 620 680 580 640 700 600 620 640 660 660 600 640 640 600 680 660 700 200 160 640 600 720 140 620 600 160 620 660 660 680 660 660 160 640 640 680 640 600 140 200 660 0 660 640 700 620 680 620 620 80 640 700 640
0 660 680 160 140 640 680 560 640 160 640 600 600 640 700 660 660 700 180 640 580 140 180 680 580 140 540 160 620 180 640 640 680 600 140 620 620 660 660 640 660 580 560 660 580 680 680 600 620 80 640 600 640 640 660 580 620 620 640 600 680 140 640 640 640 160 660 640 660 620 0 660 720 160 720 160 640 620 640 660 640
0 680 620 640 600 560 600 620 660 580 100 120 620 120 660 620 560 660 580 660 80 640 700 660 120 600 660 580 120 640 580 560 160 120 540 160 640 560 600 560 640 620 660 620 660 620 580 620 140 620 620 120 180 620 140 140 700 620 640 560 640 660 120 600 560 660 680 640 660 640 660 0 660 660 680 580 600 600 640 620 620
0 580 640 600 560 560 560 600 520 600 580 560 580 560 200 600 560 140 580 620 520 580 640 620 560 500 620 520 560 600 600 80 660 560 580 640 100 600 120 120 100 560 580 600 100 640 620 580 640 600 580 560 620 600 560 580 640 120 120 40 580 600 540 100 520 660 640 600 640 600 620 560 0 580 140 580 80 520 100 600 620
0 640 620 80 100 600 600 600 640 100 620 620 600 580 640 640 620 640 140 580 560 180 200 600 600 80 660 100 600 120 560 580 660 600 80 640 620 580 620 600 580 520 640 600 620 640 620 620 640 180 580 600 580 640 620 640 620 560 660 580 640 140 580 640 580 160 600 640 640 640 180 580 660 0 660 100 600 580 620 620 620
0 680 660 600 640 620 580 640 620 620 640 620 640 640 200 660 640 160 620 620 600 660 700 640 640 640 640 600 640 660 640 100 680 640 580 620 160 600 100 120 100 640 580 640 120 620 620 620 660 660 660 580 620 580 560 660 640 160 200 160 620 560 620 160 600 680 640 680 640 600 600 580 200 640 0 600 160 520 160 660 660
0 640 640 120 100 600 600 660 660 20 640 660 620 640 580 680 640 640 60 620 620 120 200 620 600 120 660 60 660 140 620 600 700 600 100 640 640 620 640 580 640 600 580 640 600 660 640 640 600 140 620 600 620 600 640 640 640 620 600 640 600 160 640 660 620 100 620 560 640 680 200 620 660 140 640 0 580 600 580 660 600
0 680 640 640 620 580 600 680 660 540 640 640 640 680 140 640 580 180 600 660 600 680 700 620 640 640 640 660 640 660 640 160 720 640 640 660 120 660 180 160 180 640 620 640 140 700 640 640 640 660 560 580 660 620 660 660 600 140 180 100 620 680 640 160 640 640 640 600 560 660 700 600 160 640 120 660 0 620 120 640 660
0 180 160 580 620 580 560 160 680 600 600 620 120 620 680 640 140 620 600 120 580 640 680 140 620 620 620 580 620 640 600 560 660 620 560 640 640 580 600 580 560 620 640 600 640 140 120 580 640 640 140 560 600 80 540 640 660 640 660 620 100 640 600 620 580 660 120 160 680 100 580 560 680 680 680 580 620 0 640 680 640
0 620 600 600 640 580 640 640 640 620 660 660 640 560 200 680 660 140 600 620 600 660 700 640 640 600 680 620 640 600 600 140 720 620 600 640 120 640 180 80 140 560 700 620 160 680 660 620 640 660 640 600 620 640 640 640 580 120 160 140 660 660 620 200 620 660 640 620 680 640 700 640 220 540 220 640 160 600 0 660 640
0 660 660 580 600 140 140 600 200 580 580 580 620 640 680 140 620 620 640 620 640 700 720 640 640 600 160 640 580 640 140 620 620 640 620 620 640 100 520 640 620 100 120 180 640 620 620 140 640 700 580 620 620 580 620 660 140 580 640 500 600 640 620 560 140 680 640 620 100 660 640 580 700 660 640 600 620 620 620 0 140
0 600 680 620 620 60 160 640 160 600 620 640 580 660 680 160 640 640 560 580 600 700 700 660 600 640 160 660 620 640 100 640 680 580 640 620 560 180 620 540 640 120 180 200 660 680 620 180 660 660 620 640 640 600 620 680 140 640 620 580 640 600 580 640 160 680 660 640 200 660 660 640 680 680 720 660 660 580 640 120 0
