100 5
82 0 454 8 6
82 438 1070 10 9
35 0 431 1 8
98 0 287 4 6
12 299 905 2 2
59 144 720 5 3
27 0 368 1 8
84 349 957 9 9
4 0 368 5 2
21 0 293 3 9
13 0 319 7 4
4 320 952 8 8
79 0 309 7 1
74 200 784 6 1
78 0 285 9 6
67 6 608 3 3
18 0 320 3 5
84 0 317 5 6
76 504 1100 2 3
71 213 853 10 10
1 448 1082 6 5
52 0 342 1 6
9 104 670 10 8
21 0 297 10 1
34 478 1040 8 5
52 146 714 6 10
10 0 291 2 1
49 11 631 10 3
65 53 675 1 5
67 135 729 3 8
17 357 923 8 3
86 0 492 1 7
19 133 723 8 6
96 0 455 8 9
59 0 308 2 7
96 0 300 5 1
96 0 283 7 9
56 14 626 8 7
38 0 507 2 4
58 323 885 7 10
81 178 756 2 6
47 295 871 8 1
74 0 390 9 5
69 0 522 4 10
58 434 1034 4 9
78 50 630 9 2
92 0 535 5 5
92 452 1052 9 6
49 0 434 9 6
54 0 313 4 4
30 448 1066 7 9
18 0 599 6 9
88 0 469 10 2
55 0 316 3 7
25 274 840 8 6
92 493 1083 1 7
59 0 317 5 5
76 81 663 10 4
94 0 409 10 4
77 255 853 3 1
68 311 903 3 9
59 0 497 8 2
46 0 289 2 8
4 275 903 5 4
76 0 402 7 1
46 140 716 8 1
19 514 1122 3 2
96 501 1079 3 5
8 235 859 7 2
3 0 432 3 4
8 0 280 2 3
89 345 929 9 4
11 38 626 4 5
46 0 312 5 2
51 480 1120 2 8
1 157 745 7 8
52 0 540 1 3
30 0 575 4 2
65 0 518 9 4
65 0 306 3 6
36 181 745 3 10
51 213 837 4 5
77 0 423 8 3
87 342 958 8 3
98 0 313 6 4
92 180 780 6 3
30 118 714 9 3
94 264 828 3 10
82 0 555 2 6
48 194 790 8 10
84 0 314 5 4
55 0 574 7 8
49 0 303 9 8
47 199 799 10 9
87 379 981 6 2
64 0 301 8 8
91 0 571 3 3
88 312 938 10 10
9 246 848 7 6
28 0 324 10 1
SETUP
0 1 8 5 4 2 5 5 1 3 4 7 5 6 5 4 6 1 5 2 4 3 6 3 7 4 7 6 7 5 6 7 4 5 6 6 6 5 2 4 6 5 7 3 3 7 4 6 7 5 4 4 4 3 7 6 5 5 2 2 4 7 4 5 4 5 6 4 6 1 3 4 7 7 4 2 8 10 6 6 4 7 2 1 3 3 8 6 4 2 3 4 6 7 7 4 5 6 2 7 5
0 0 10 33 34 32 33 34 32 9 31 35 33 33 35 28 32 31 33 32 31 34 8 30 36 33 32 11 33 34 35 31 31 31 34 33 31 29 33 31 8 33 34 33 32 31 6 8 34 35 34 35 6 34 35 33 33 29 32 32 35 34 32 33 34 34 30 34 34 32 30 35 36 33 8 32 9 13 31 33 31 34 8 32 34 33 36 36 6 37 8 33 8 37 32 34 29 32 33 33 9
0 7 0 33 31 31 31 32 31 3 33 34 32 30 33 30 33 31 30 29 30 29 9 32 29 31 34 10 34 31 34 32 33 30 33 32 33 28 31 32 10 30 27 30 30 32 7 9 34 32 31 32 6 32 32 33 32 32 29 29 32 33 31 30 34 32 29 33 31 30 32 30 34 32 5 29 9 8 30 32 31 34 5 31 31 29 28 33 6 34 5 31 7 34 34 31 31 31 29 27 9
0 30 30 0 6 6 26 33 30 29 31 34 29 32 31 4 31 30 32 31 30 30 30 30 30 30 6 32 8 32 32 31 31 29 6 29 31 29 7 26 33 32 30 31 29 29 27 32 30 8 5 31 29 32 30 4 26 30 31 27 31 32 30 29 33 9 6 32 32 30 30 32 28 29 30 31 32 37 29 6 30 30 31 6 27 29 8 33 31 33 32 29 32 32 31 27 29 30 30 4 28
0 30 32 5 0 4 30 31 30 30 28 33 30 27 31 3 32 29 29 30 28 28 30 28 34 29 7 35 8 30 32 30 28 29 6 29 30 31 2 29 31 28 30 31 29 30 31 31 33 5 7 30 29 30 33 6 31 29 27 30 33 31 30 28 31 7 8 32 32 26 28 28 31 30 31 30 30 36 30 6 30 33 31 1 32 27 8 32 29 32 31 29 33 34 33 32 28 30 27 6 31
0 31 34 6 5 0 30 33 31 33 30 33 32 32 32 3 32 31 31 31 28 29 32 29 34 33 8 34 7 32 29 30 30 30 8 30 30 33 7 30 32 32 33 32 29 30 30 32 33 7 5 32 29 31 33 7 30 29 28 31 32 33 29 31 33 8 9 31 33 27 29 30 33 33 32 31 33 37 33 5 30 33 32 6 31 29 10 31 30 34 32 31 35 34 32 30 28 31 28 8 33
0 30 30 31 32 30 0 33 5 29 32 34 4 31 6 31 30 30 31 30 5 29 31 31 5 30 30 32 32 31 31 31 32 4 30 30 7 29 31 1 35 32 5 30 29 29 27 32 5 33 30 8 29 32 30 33 26 31 31 3 33 31 29 29 32 33 30 32 32 30 7 31 3 28 30 30 31 37 29 30 30 5 31 30 27 29 32 33 32 33 31 29 32 32 31 27 6 30 31 29 28
0 33 36 34 34 33 32 0 32 35 32 9 35 31 34 31 34 8 31 34 32 32 34 31 33 33 35 37 34 30 32 32 32 32 35 8 32 35 34 32 34 31 34 10 30 32 32 34 35 36 32 35 29 34 35 34 32 31 33 33 11 6 6 7 10 35 36 8 34 33 31 9 35 8 34 34 34 37 32 34 29 35 34 33 8 32 32 32 32 35 34 32 37 36 9 32 30 5 33 35 34
0 25 34 29 31 26 5 34 0 33 31 34 8 33 7 28 32 31 32 31 4 30 33 30 9 31 32 30 33 29 30 31 31 5 33 31 6 29 32 5 33 29 7 33 29 31 31 33 9 32 31 5 29 30 34 32 30 29 29 7 28 34 28 30 28 34 30 32 34 28 5 30 8 31 33 32 34 37 31 31 31 9 32 31 31 30 35 31 31 33 32 32 33 35 33 31 4 31 29 33 33
0 5 10 31 29 31 32 34 30 0 31 33 33 28 34 28 32 30 30 31 31 28 7 30 36 30 34 11 33 31 35 31 31 29 32 30 31 32 30 31 9 28 31 32 31 31 7 8 34 33 33 33 6 32 34 33 32 30 30 31 33 34 32 29 33 33 34 33 34 29 30 31 34 30 7 31 9 13 28 33 30 34 7 29 32 31 36 32 7 32 7 33 10 36 33 33 29 30 27 34 9
0 30 30 31 30 30 31 31 30 29 0 33 29 31 29 26 6 29 7 30 29 30 31 28 32 7 32 32 31 32 6 29 29 29 32 30 28 5 30 26 31 6 29 31 5 29 29 31 30 34 32 33 29 32 5 30 6 3 30 30 33 29 30 29 32 32 31 32 7 30 28 31 34 32 30 30 31 37 4 31 29 30 31 29 30 7 32 34 26 8 31 5 32 10 31 30 26 30 31 29 28
0 30 34 29 29 31 29 7 30 31 30 0 33 31 33 29 31 5 32 30 30 31 31 29 34 33 32 34 31 32 34 27 30 29 32 3 29 33 30 30 33 31 32 7 31 29 29 32 34 33 33 32 29 32 33 29 30 28 30 30 8 9 7 6 8 33 34 8 33 29 29 7 32 8 29 30 32 36 32 33 29 32 30 29 6 31 35 34 30 35 31 31 32 35 7 31 29 5 29 32 32
0 32 31 32 30 33 6 29 7 30 33 35 0 32 8 31 33 34 31 32 8 32 32 32 10 34 32 33 33 32 30 32 30 8 30 32 8 34 31 6 35 32 8 31 30 31 29 34 10 34 33 7 30 31 35 30 31 32 31 7 35 27 31 33 34 34 35 33 32 30 7 32 9 33 32 32 32 37 33 32 32 7 32 30 32 32 34 34 33 33 33 30 29 37 32 33 6 34 28 30 33
0 28 32 29 30 28 29 31 27 29 28 30 32 0 32 26 30 27 29 3 28 3 29 3 33 27 31 33 30 7 32 3 3 26 29 27 28 30 28 29 31 25 28 29 29 3 29 30 31 31 30 31 28 5 32 30 29 27 4 28 31 32 29 26 30 31 31 30 32 3 27 32 32 27 30 3 31 36 30 30 3 32 29 27 30 29 33 8 29 29 29 30 32 34 31 5 26 28 4 31 31
0 30 34 32 32 28 6 33 5 32 32 35 9 34 0 30 31 29 31 30 5 32 33 32 10 33 31 32 29 32 32 29 32 4 31 32 4 33 31 7 35 33 7 31 31 29 28 29 11 33 32 8 31 32 34 31 32 31 31 5 33 35 32 31 32 33 34 31 33 30 7 32 9 32 31 30 32 37 32 33 30 6 31 30 32 32 36 33 32 35 31 29 32 35 31 32 5 30 30 33 34
0 29 32 7 7 5 30 31 29 30 28 33 31 30 32 0 29 28 30 29 28 31 30 27 33 31 7 33 5 31 32 28 28 28 6 31 28 31 5 28 30 30 31 30 29 28 28 30 31 8 7 32 28 31 32 5 30 27 30 29 32 32 29 30 31 6 7 31 31 29 27 32 33 31 30 29 31 36 31 5 28 31 30 4 31 30 8 33 28 34 30 30 33 34 30 31 26 29 30 6 31
0 30 32 32 33 29 32 32 32 31 6 32 30 33 31 32 0 32 8 29 30 29 32 30 34 7 32 33 27 33 7 31 31 31 29 32 31 5 32 31 33 5 33 29 6 28 28 32 36 33 28 32 28 32 7 33 7 5 30 29 33 30 32 31 34 29 31 29 3 31 30 32 34 27 32 29 31 34 4 33 31 32 30 32 33 5 35 35 31 7 27 5 33 7 26 29 31 32 32 33 34
0 26 32 30 28 27 29 5 26 27 28 7 30 30 30 29 31 0 29 26 28 28 30 27 32 28 32 31 31 29 31 31 28 29 31 6 31 29 27 29 31 29 31 3 28 31 28 31 33 29 28 29 28 28 32 31 29 30 27 26 4 7 4 5 4 29 31 4 31 26 27 6 31 7 31 26 33 35 31 31 29 31 27 26 3 27 33 31 29 31 27 30 31 32 7 28 29 6 27 31 31
0 33 35 34 34 34 31 33 33 31 11 34 34 33 35 34 10 32 0 33 32 32 35 34 36 8 36 35 34 31 11 34 29 32 35 32 35 8 34 31 37 6 33 30 8 34 33 36 34 34 34 32 33 35 9 35 7 9 33 33 33 37 34 31 30 32 31 36 9 33 34 36 34 33 34 32 36 37 7 35 32 33 30 33 32 6 37 33 34 10 33 10 33 11 33 33 33 33 33 34 32
0 29 33 31 29 30 28 29 29 27 31 31 29 5 30 29 31 29 30 0 28 2 32 6 33 28 31 32 30 6 30 6 7 29 31 29 31 31 30 29 33 29 30 27 27 6 28 31 33 29 27 28 27 4 31 30 29 30 1 25 32 31 27 28 32 28 32 30 30 2 30 32 31 32 30 1 32 34 30 30 3 31 26 29 30 27 32 8 32 31 26 29 30 31 31 3 29 30 3 32 31
0 28 32 31 30 29 3 33 3 31 30 31 7 32 8 28 32 31 32 32 0 32 33 29 7 32 32 32 32 32 29 30 30 5 32 32 5 31 31 3 32 32 7 33 26 30 29 30 7 34 31 7 26 31 31 32 28 29 31 5 29 31 27 31 31 32 32 29 34 30 5 31 6 31 32 32 33 37 31 28 31 7 32 31 29 31 34 34 31 34 29 31 34 34 32 29 3 32 29 31 30
0 28 34 29 30 29 29 32 28 30 31 34 32 8 32 31 33 28 29 4 31 0 32 5 34 31 32 33 31 7 33 6 6 27 33 28 31 32 29 30 33 32 29 29 29 6 31 33 31 32 31 31 29 5 34 31 30 30 4 29 31 32 30 27 31 31 33 31 31 3 30 33 32 32 29 4 30 36 30 31 3 34 29 28 30 30 35 9 31 33 29 32 33 34 30 6 29 28 4 33 32
0 6 8 31 29 31 32 29 30 1 31 33 33 28 31 29 30 30 30 31 29 29 0 30 32 30 33 9 31 31 34 31 31 29 26 30 31 33 30 29 9 28 31 26 30 31 5 8 34 30 33 34 6 29 34 33 28 30 30 31 33 34 31 29 33 34 34 33 32 29 30 32 34 30 6 31 9 12 29 32 28 30 7 29 32 31 35 33 7 32 7 31 5 36 30 32 29 30 27 32 7
0 29 30 32 31 28 28 32 29 29 26 31 29 7 30 27 31 30 31 5 26 6 32 0 32 29 33 32 31 8 30 5 1 29 32 31 29 29 31 27 29 32 30 31 27 5 30 28 31 33 31 31 27 7 31 31 29 28 5 30 30 30 27 30 32 29 30 29 29 5 25 32 31 32 31 5 30 35 30 28 5 31 29 30 30 31 31 8 27 34 30 30 33 33 32 5 27 31 5 29 29
0 32 33 32 31 29 7 33 7 30 32 34 8 33 7 30 29 33 34 29 7 30 34 32 0 31 31 33 31 27 33 32 33 7 31 33 7 32 31 5 35 33 7 30 31 28 28 35 8 32 31 3 31 32 32 33 32 31 29 4 33 33 31 32 34 32 33 33 27 30 6 33 10 31 31 29 30 36 32 34 32 6 29 31 33 30 33 29 30 35 30 30 32 34 30 31 6 33 31 32 30
0 33 37 37 35 34 36 34 33 36 11 37 37 36 33 33 10 36 8 37 35 36 37 34 37 0 36 33 32 37 10 34 35 35 34 37 35 9 36 34 36 10 37 34 11 35 33 36 36 37 34 37 36 36 12 36 12 9 35 37 36 35 32 35 36 37 30 34 12 35 34 37 37 36 36 37 34 37 7 37 36 36 37 36 37 11 37 37 33 12 37 10 33 13 31 34 33 36 34 37 36
0 31 29 1 7 7 26 31 31 28 30 34 30 31 29 3 31 31 31 30 30 30 31 29 31 31 0 33 7 32 32 30 30 30 6 29 30 30 7 27 32 31 30 31 30 29 28 30 31 3 5 31 30 29 31 4 27 29 30 28 31 32 29 30 33 8 6 32 32 31 29 31 29 29 31 30 32 36 30 7 30 31 30 6 27 30 7 34 30 32 31 30 30 32 32 28 28 31 30 3 29
0 9 9 32 31 32 32 29 33 8 34 37 33 33 30 32 33 33 32 32 31 30 10 33 35 34 31 0 33 33 31 32 34 32 29 32 33 33 32 30 9 33 32 30 32 33 3 9 34 32 34 32 7 28 34 33 31 33 29 32 35 34 32 32 35 35 29 35 35 28 33 33 35 34 7 32 11 10 30 34 31 31 8 31 33 30 35 34 7 31 9 30 3 37 33 33 32 33 29 33 7
0 33 30 8 7 9 33 33 32 32 34 36 34 34 32 8 33 32 32 33 30 30 34 33 33 32 8 35 0 34 35 32 34 31 9 32 32 30 8 33 32 34 33 34 31 32 33 30 35 7 9 35 32 34 31 8 32 32 29 33 35 35 32 31 35 11 7 28 35 29 33 33 36 34 33 33 35 37 33 7 31 34 34 7 34 29 8 34 33 37 34 30 34 37 34 34 31 31 30 7 33
0 31 32 33 29 32 33 34 31 31 31 36 31 7 32 29 33 32 34 8 31 7 32 5 33 33 34 34 29 0 34 6 6 31 32 32 31 30 31 28 34 32 32 33 32 6 31 33 31 34 32 34 32 9 31 33 32 30 6 32 32 32 32 31 33 34 31 32 32 5 30 32 35 34 31 8 33 35 31 33 7 31 33 30 34 32 35 2 28 34 33 32 34 37 29 8 29 32 6 31 29
0 33 34 33 32 31 32 29 33 30 8 36 34 33 28 32 9 32 9 33 32 32 34 32 37 10 32 34 29 34 0 32 31 32 31 34 32 6 30 33 35 8 33 32 8 32 29 32 36 34 31 34 33 27 10 32 8 8 31 33 35 32 34 33 35 34 32 32 11 30 32 35 35 35 32 33 33 36 6 35 33 32 34 30 29 7 36 35 33 5 34 6 31 9 28 29 32 33 31 35 35
0 31 32 30 31 31 28 33 31 29 30 35 31 7 33 27 32 30 32 6 30 6 29 4 32 32 33 34 32 8 34 0 5 29 30 30 30 32 28 28 32 32 31 30 31 5 30 32 32 32 32 34 30 8 32 27 28 29 4 30 34 32 31 29 33 33 33 33 33 4 29 31 31 31 27 6 33 37 32 32 4 32 32 30 29 30 35 10 30 36 32 31 33 34 32 5 28 31 5 31 31
0 33 34 34 32 34 30 32 33 33 35 30 32 9 33 33 34 32 30 8 31 5 35 9 34 34 34 34 33 9 32 7 0 32 34 33 32 33 34 30 37 34 34 30 32 7 31 34 34 32 31 33 32 7 34 33 30 33 4 32 32 34 32 32 34 29 35 34 35 5 34 33 33 33 34 4 33 34 33 33 6 34 34 33 31 30 35 11 35 34 29 32 33 32 34 6 33 33 6 33 33
0 27 32 31 29 27 4 31 2 28 29 32 6 31 6 29 31 26 28 27 4 28 31 28 8 29 32 32 31 30 31 29 29 0 32 31 4 30 27 5 32 30 7 28 27 29 29 31 8 30 29 5 28 29 32 31 29 28 27 2 29 33 28 30 29 30 32 29 32 27 4 32 7 30 31 27 31 35 29 31 27 7 27 26 29 28 33 32 29 32 28 31 32 32 32 29 2 27 27 32 32
0 32 35 6 7 8 31 28 32 33 34 34 35 34 30 7 33 31 33 32 29 34 35 33 35 33 8 35 6 32 33 34 34 32 0 29 34 33 6 31 33 34 34 26 29 34 31 32 33 5 8 35 30 28 34 9 31 32 32 32 33 33 30 32 34 10 10 32 35 32 33 34 34 34 34 32 35 36 33 6 27 34 33 7 31 33 9 34 34 32 33 30 34 36 29 31 32 32 30 9 34
0 32 31 27 28 32 27 6 32 30 31 10 31 30 32 30 32 7 29 32 30 30 32 30 31 31 29 33 34 30 33 32 31 30 32 0 32 30 29 27 33 30 31 7 30 30 29 33 31 31 32 32 31 32 32 29 27 31 29 29 7 8 6 5 8 34 32 8 33 28 30 6 30 5 32 32 33 34 31 32 32 31 32 28 3 29 34 32 31 34 33 30 33 33 8 29 30 7 26 30 30
0 27 32 30 29 27 3 31 2 28 29 32 6 31 5 27 27 26 28 27 4 29 29 28 8 29 29 30 28 29 31 25 29 1 29 30 0 30 27 4 32 30 4 28 28 25 26 31 8 30 29 5 28 29 32 27 28 28 27 2 29 32 28 29 29 30 32 29 29 27 4 31 6 29 27 27 28 34 29 31 27 4 27 26 29 28 33 31 29 32 28 28 30 32 28 29 2 27 27 31 31
0 30 35 30 32 31 31 30 30 32 7 32 34 32 32 29 6 30 7 30 31 32 34 31 35 5 32 34 33 34 9 30 31 29 31 29 31 0 31 31 34 7 33 31 6 32 29 34 32 34 33 33 32 32 11 32 6 5 31 30 33 32 32 33 33 33 27 33 9 30 31 33 33 33 32 30 32 37 3 34 30 32 31 30 32 7 36 35 28 10 31 6 29 11 32 31 29 30 30 34 34
0 31 35 8 8 7 32 35 31 32 33 37 35 35 34 7 32 30 32 31 32 31 34 33 37 34 9 35 7 33 35 30 33 30 8 33 30 34 0 33 36 34 33 32 32 30 30 36 36 9 6 34 32 33 34 7 33 32 30 31 34 36 32 32 33 9 11 34 34 31 33 36 35 33 30 31 33 37 33 10 31 33 32 6 33 31 12 35 34 35 32 32 35 36 32 31 31 31 32 9 34
0 29 29 31 32 30 6 33 5 28 32 36 4 31 6 31 32 29 31 30 7 31 31 32 7 32 33 34 34 33 31 31 32 4 32 29 8 29 30 0 35 31 4 31 31 32 32 34 5 33 32 8 31 32 29 32 31 31 30 5 32 31 31 28 32 33 30 32 34 30 7 31 9 33 30 30 32 37 29 32 30 5 31 29 32 31 32 35 32 32 31 29 32 35 32 32 5 30 30 28 28
0 7 7 33 32 32 32 32 32 6 27 35 31 33 31 28 33 31 32 32 29 29 8 30 29 26 34 9 32 31 33 31 31 30 34 32 31 32 32 28 0 31 32 33 30 31 6 8 29 34 34 32 6 29 32 33 32 29 30 32 34 31 31 30 34 34 31 33 31 29 27 33 35 33 7 32 6 11 30 32 31 32 7 32 33 28 28 33 3 32 8 32 8 37 31 33 29 32 31 30 6
0 27 33 28 30 28 29 32 27 29 5 33 31 32 31 30 7 27 4 28 30 28 32 29 33 2 31 32 32 31 7 30 30 26 32 27 30 6 28 29 32 0 28 29 4 30 30 32 33 31 30 30 28 29 8 30 4 4 28 28 30 32 29 26 30 31 32 30 7 27 29 32 32 27 31 28 32 36 5 30 27 33 28 27 29 4 34 33 30 5 29 7 32 9 32 30 28 27 28 32 32
0 29 34 33 31 30 7 33 4 31 32 35 8 33 8 30 34 29 30 29 7 31 33 31 10 32 35 34 34 33 33 32 32 3 34 33 7 33 30 7 34 33 0 30 30 32 32 34 10 32 32 7 30 31 35 34 32 30 29 5 32 31 31 32 32 32 34 32 34 29 6 34 9 33 34 29 34 37 31 34 29 10 30 29 31 30 35 34 32 34 30 33 34 35 34 32 5 29 29 34 34
0 31 36 34 33 32 34 3 31 33 34 11 35 34 30 31 33 6 34 32 33 33 36 33 35 33 34 36 34 33 32 33 33 31 31 8 33 33 31 34 32 34 33 0 33 34 31 32 36 29 34 34 32 33 37 35 34 32 32 32 9 8 5 7 9 34 34 9 35 31 33 11 36 9 34 32 35 36 34 34 27 34 32 31 6 33 34 34 34 37 33 30 33 35 9 31 31 7 32 34 35
0 27 31 30 29 28 27 32 27 30 5 30 31 31 32 27 7 30 6 31 29 31 32 29 31 6 32 32 32 31 4 29 29 29 32 31 29 6 30 27 31 6 31 32 0 29 29 32 31 34 32 32 26 30 5 32 3 4 30 29 30 33 26 30 30 33 32 28 8 30 29 30 30 30 32 31 32 37 6 32 30 31 32 30 28 6 34 33 30 8 32 5 33 8 31 29 27 31 28 30 30
0 31 33 29 30 27 30 31 31 32 31 34 32 8 29 29 27 30 32 6 29 7 33 5 34 33 29 30 29 8 31 5 6 30 29 32 30 32 30 30 34 32 30 29 30 0 26 33 34 31 30 34 29 7 34 32 30 29 5 31 34 32 31 31 33 31 33 31 29 5 30 31 33 29 29 6 28 34 31 32 5 29 32 31 31 31 32 7 31 32 29 27 30 34 28 6 29 31 5 31 33
0 7 7 29 30 31 29 31 32 6 32 36 33 32 29 31 30 32 32 32 32 32 9 32 34 34 28 5 32 34 35 32 33 31 28 32 32 33 29 30 11 32 29 29 32 32 0 8 34 31 32 34 7 31 34 32 30 32 30 31 34 34 33 30 34 34 34 33 32 29 31 33 32 31 4 32 9 13 33 34 30 28 8 30 31 31 35 32 7 34 7 27 5 35 30 31 31 32 31 31 7
0 4 8 30 31 29 30 33 29 6 31 34 33 33 33 32 33 28 30 29 31 31 8 31 33 32 32 9 27 33 33 32 31 28 34 29 32 32 29 31 9 32 29 30 30 32 7 0 35 33 31 32 5 31 33 32 30 30 29 29 32 33 30 27 31 32 34 30 33 29 31 34 33 32 9 29 9 12 31 31 29 34 5 29 31 30 32 34 7 34 5 32 9 35 34 31 29 29 30 33 8
0 31 32 30 32 29 5 33 6 31 28 33 7 32 7 28 32 31 33 32 3 30 33 27 8 31 34 34 32 34 32 30 28 5 33 32 5 31 32 3 31 32 5 32 29 30 30 30 0 32 33 8 29 33 32 32 30 29 29 5 32 30 29 31 34 31 32 32 32 30 3 33 8 33 32 31 27 33 31 30 31 7 31 31 32 30 33 35 27 35 32 32 34 35 33 32 3 31 31 31 30
0 29 35 5 6 4 30 31 29 31 31 32 33 33 26 4 32 29 30 29 31 31 33 30 35 32 7 34 5 32 30 30 31 28 6 29 30 32 5 31 33 32 30 30 30 30 29 28 34 0 7 32 28 31 33 7 31 29 30 29 32 33 27 27 31 7 9 32 33 29 30 32 33 32 32 29 33 37 31 7 29 32 30 4 31 31 10 34 31 34 30 31 30 35 32 32 29 29 29 9 31
0 30 32 5 6 6 29 31 30 32 32 32 33 32 29 6 30 29 32 30 32 32 33 32 31 32 4 30 7 32 33 31 32 31 4 32 32 32 5 29 35 33 30 29 32 32 26 32 34 6 0 32 32 32 29 7 29 32 31 30 30 32 32 31 32 8 9 32 32 30 32 33 32 31 29 30 30 36 29 9 30 29 31 5 30 31 10 32 33 29 31 27 30 30 30 26 31 31 31 7 32
0 31 34 32 30 32 7 32 7 32 34 35 5 33 7 31 35 31 32 32 5 28 33 33 7 34 35 34 34 32 33 33 34 5 33 31 9 35 32 7 36 33 7 32 30 33 33 33 10 30 34 0 30 33 34 31 32 33 27 7 33 32 31 30 34 34 36 33 34 28 8 33 9 34 31 32 31 37 34 32 31 11 32 31 33 28 31 34 33 36 32 34 33 37 33 33 7 31 29 35 34
0 9 10 30 33 31 30 36 34 9 33 30 34 35 33 33 34 34 34 34 31 34 10 34 35 31 35 11 36 34 35 31 35 33 33 32 33 34 32 31 6 35 33 33 32 34 7 11 34 37 35 32 0 34 35 33 31 32 34 32 35 34 32 33 36 37 35 34 36 33 32 30 33 34 9 34 10 13 34 33 32 35 8 34 32 34 34 35 9 37 10 31 12 36 34 32 33 32 33 34 9
0 32 35 32 31 30 33 34 32 33 31 36 33 8 27 32 32 31 32 7 31 6 32 5 37 34 32 34 31 8 34 6 6 30 32 33 30 34 29 32 34 33 34 33 32 6 30 31 35 32 34 35 32 0 36 32 33 33 5 32 35 33 32 32 34 34 35 33 34 4 30 34 34 34 31 7 33 37 34 33 7 33 33 28 34 30 35 10 32 29 33 30 34 37 33 9 32 32 5 34 34
0 30 31 31 32 30 31 34 29 30 7 35 31 33 34 32 7 29 6 30 32 32 33 31 28 8 33 34 33 29 9 32 32 28 33 29 32 7 29 28 35 8 29 31 6 30 30 34 33 34 32 30 31 32 0 32 2 6 30 30 33 34 31 28 32 33 33 32 5 29 31 33 34 33 29 30 33 37 7 32 30 28 31 29 32 7 34 31 32 10 31 7 34 11 32 32 30 30 30 30 30
0 29 30 7 6 5 26 31 29 28 28 33 29 30 31 1 30 29 30 29 28 30 27 27 30 30 6 32 5 31 32 28 28 28 3 30 28 29 5 26 30 30 30 28 29 28 28 30 30 7 6 32 28 31 30 0 26 27 30 28 32 31 29 29 32 6 6 31 31 29 27 32 29 29 30 29 31 36 29 5 28 30 30 4 27 29 8 33 28 34 30 29 31 32 30 28 26 29 29 4 29
0 31 30 32 32 32 32 34 31 29 9 36 30 32 32 32 8 31 7 30 33 32 32 33 29 8 34 32 35 31 7 32 34 30 33 31 34 5 32 27 36 7 30 32 7 32 32 32 31 34 33 32 32 33 6 34 0 8 31 30 34 32 33 30 33 33 32 34 6 31 33 32 35 34 31 30 33 37 5 30 31 31 31 31 33 7 32 33 33 9 31 6 33 11 34 33 32 31 31 29 29
0 28 32 31 30 28 29 29 27 29 3 31 31 32 31 28 4 27 5 28 28 29 30 27 33 6 30 32 29 30 7 26 28 27 30 32 26 6 28 28 30 7 30 29 4 27 27 30 33 32 30 31 27 30 6 28 5 0 28 28 31 31 29 30 30 31 32 30 6 28 27 31 32 30 29 28 29 35 5 30 27 30 29 27 30 5 33 32 28 8 29 4 32 9 29 30 28 28 29 31 31
0 29 34 30 29 30 29 30 29 31 32 33 30 6 29 29 34 29 30 5 27 2 32 6 33 32 33 34 32 5 32 7 7 28 31 29 32 33 30 30 34 31 30 30 28 7 31 31 32 28 32 32 28 7 33 29 30 31 0 30 32 33 29 28 32 33 34 31 32 1 31 31 32 32 30 5 32 37 32 30 5 34 30 29 31 26 31 7 31 34 31 32 33 35 32 7 30 29 2 33 32
0 29 33 32 31 30 4 34 4 31 31 32 6 32 9 29 33 32 32 33 6 32 34 30 8 28 33 34 33 33 30 31 31 6 33 33 6 32 31 4 33 32 8 33 27 31 30 33 8 35 33 8 27 32 32 33 29 30 32 0 32 33 27 32 32 34 33 29 34 31 6 32 7 32 33 33 34 37 32 33 32 8 30 31 30 32 35 35 32 35 34 32 34 34 33 30 4 32 29 32 31
0 32 34 32 32 28 32 6 32 33 30 10 32 33 30 28 32 6 33 32 30 30 33 30 34 33 31 27 33 34 32 30 30 30 32 8 30 33 32 31 33 33 34 7 31 31 30 32 34 29 33 27 31 30 35 32 32 29 29 32 0 9 6 7 9 34 31 9 34 30 30 8 35 9 33 32 33 35 32 33 31 33 33 32 6 30 33 34 31 33 33 32 30 35 8 31 28 7 31 33 33
0 30 32 31 32 30 29 7 30 31 32 8 32 33 31 30 30 8 33 32 32 33 34 31 34 34 32 34 31 33 27 29 32 32 31 5 32 32 31 28 34 34 32 6 28 29 29 32 33 34 32 34 28 29 32 32 30 31 32 31 8 0 4 7 7 33 33 6 30 32 31 8 32 7 31 32 29 37 32 30 32 31 32 32 6 33 34 34 32 30 31 31 33 35 5 31 30 8 31 31 31
0 27 33 31 29 28 31 7 27 32 29 9 32 31 31 27 31 5 30 30 29 31 32 28 34 32 33 32 31 31 28 29 29 29 32 7 29 31 30 29 32 30 32 7 30 29 29 31 32 33 32 32 29 29 33 31 32 28 30 30 5 8 0 6 5 32 32 8 32 29 28 7 34 7 31 30 32 37 32 31 29 33 31 29 7 31 34 32 29 33 31 31 34 36 6 32 27 5 27 32 32
0 27 32 28 29 27 28 6 27 28 29 8 31 31 31 29 31 2 28 27 29 29 31 28 32 29 30 32 32 31 31 29 29 26 32 2 29 30 27 28 32 30 27 3 28 29 29 31 33 31 29 30 28 29 32 29 28 28 27 27 5 6 4 0 5 30 32 5 31 27 29 7 31 6 32 27 31 35 29 29 27 32 28 27 4 28 34 32 30 32 28 31 32 33 7 29 27 2 28 31 31
0 32 33 33 31 32 33 10 32 32 32 7 32 31 33 30 32 7 33 31 32 31 33 31 34 32 33 34 31 27 35 32 32 31 33 7 32 31 30 29 34 30 33 7 32 30 30 34 32 33 33 34 31 34 32 34 33 31 30 31 7 8 8 6 0 34 33 8 33 29 31 7 30 5 32 31 33 36 32 34 32 32 32 29 5 31 34 28 29 34 32 32 34 34 6 30 30 7 30 32 30
0 30 35 8 7 5 31 33 29 31 32 35 34 34 32 6 30 29 31 30 32 32 32 31 32 32 7 34 6 32 29 28 32 28 7 34 28 33 6 31 35 33 32 31 31 29 29 34 32 9 7 32 31 30 35 6 31 31 30 30 33 35 31 32 32 0 9 32 32 29 31 29 31 31 31 30 30 31 32 10 30 32 31 5 32 31 11 34 32 33 31 31 34 36 31 32 30 30 31 9 34
0 32 35 7 8 8 31 29 32 33 31 36 34 30 31 4 30 32 34 32 31 32 32 30 35 32 6 32 7 33 34 28 31 31 5 32 31 34 7 32 34 31 32 30 32 31 28 33 31 9 8 32 31 32 35 6 31 30 31 32 35 31 32 31 35 9 0 34 32 32 30 34 32 31 31 32 32 37 26 9 31 31 33 7 32 32 10 34 28 35 32 29 28 34 30 30 29 32 32 9 34
0 33 33 33 34 32 33 8 33 32 34 10 35 34 30 32 31 7 33 33 34 34 36 33 37 32 35 32 32 36 36 32 32 32 31 7 33 28 33 34 36 34 36 7 34 33 32 33 32 35 34 35 33 34 37 34 34 33 33 33 11 9 9 9 10 34 29 0 33 32 33 8 36 7 34 33 34 37 30 36 33 35 34 32 10 34 36 37 31 37 32 28 32 37 7 34 32 8 33 32 36
0 31 33 30 31 28 30 31 31 29 5 33 31 31 30 30 3 31 7 27 30 29 33 31 34 5 29 31 29 33 7 30 32 30 29 32 30 7 31 31 34 7 30 28 4 26 26 33 35 31 29 30 29 30 8 32 6 5 28 27 34 32 29 30 34 30 33 32 0 28 29 32 33 29 30 27 29 34 7 32 30 29 28 31 32 4 33 33 30 8 28 3 31 8 28 30 30 32 29 32 33
0 30 34 30 28 31 30 31 30 32 31 34 30 5 30 30 34 30 29 6 28 3 32 5 34 32 34 34 33 5 32 8 6 29 32 30 33 34 29 30 33 30 31 31 29 8 31 32 33 29 31 33 29 7 33 30 30 32 1 31 32 32 29 29 32 33 34 32 33 0 30 30 33 31 31 6 32 37 32 30 5 34 31 28 31 27 32 7 31 34 32 32 33 36 32 7 31 30 2 33 33
0 31 30 32 31 31 7 32 6 29 26 34 5 32 6 27 31 30 32 31 5 31 32 29 7 32 33 33 32 33 32 29 29 5 32 31 5 30 31 2 32 32 6 32 30 29 30 32 7 34 33 9 30 32 31 31 32 28 31 6 34 30 31 30 33 32 32 33 33 30 0 32 10 33 31 31 32 37 30 32 30 6 31 30 31 32 33 35 27 34 32 30 33 36 32 31 3 31 31 29 29
0 31 32 32 31 26 31 8 31 31 31 9 32 33 28 29 29 7 29 32 29 31 33 30 34 34 33 34 31 29 30 31 31 31 33 6 31 33 28 30 34 33 33 8 29 31 30 32 34 32 31 28 30 32 34 33 31 30 29 32 8 9 5 7 9 33 34 7 32 29 30 0 34 6 32 32 33 37 30 31 31 33 33 31 8 30 33 31 31 35 31 27 32 36 5 31 29 7 29 31 32
0 31 33 30 31 27 5 32 6 31 29 31 7 33 5 29 27 30 32 29 4 28 33 29 10 28 29 31 29 32 31 29 29 5 29 31 5 32 30 5 32 32 6 29 30 26 26 32 2 32 31 7 26 32 34 32 31 28 30 5 33 32 30 30 33 31 33 32 30 30 4 31 0 26 30 30 29 34 31 31 30 5 30 30 32 28 33 32 29 33 29 28 31 33 28 31 5 31 31 32 32
0 30 33 30 32 28 30 7 30 31 29 6 32 33 32 30 31 5 31 29 29 28 33 28 35 32 33 34 31 32 32 29 29 29 33 6 29 32 31 29 32 34 32 6 29 29 30 31 34 33 32 32 26 32 33 31 31 28 30 29 8 8 5 5 8 32 33 7 32 30 28 6 33 0 31 29 32 37 33 31 30 33 30 30 7 28 34 33 29 35 30 32 34 33 7 32 30 6 31 32 32
0 4 8 28 29 29 29 32 28 5 31 34 30 31 31 31 32 28 30 29 29 28 8 30 33 31 32 9 33 30 33 30 30 27 32 28 30 30 26 29 9 31 29 30 29 30 6 8 32 30 31 31 5 30 31 31 29 30 27 29 31 33 30 27 31 32 32 31 32 26 30 31 31 32 0 29 8 12 31 31 27 31 5 28 30 28 33 32 7 34 5 32 9 34 33 30 29 28 27 32 5
0 29 34 31 29 30 30 29 30 32 32 31 29 6 30 30 32 29 30 5 28 2 32 6 33 31 31 32 30 6 32 7 7 29 31 29 31 31 30 30 34 31 30 26 29 7 28 31 33 29 27 33 29 4 31 30 30 31 1 30 32 31 29 28 32 28 32 31 33 2 31 32 33 32 30 0 32 34 31 30 3 31 31 29 31 27 32 8 32 31 26 29 30 31 32 3 30 30 3 33 32
0 8 8 35 33 33 33 34 32 7 31 36 34 35 31 32 33 32 34 31 31 32 10 30 31 33 35 10 34 33 34 31 31 31 35 33 31 34 31 32 9 35 29 32 32 31 7 8 34 30 33 34 7 34 35 33 34 30 31 31 35 34 32 32 35 34 35 35 33 30 31 33 36 35 8 31 0 13 34 34 32 35 7 30 34 32 36 34 7 37 7 34 9 33 34 33 29 32 32 34 9
0 3 11 31 33 32 32 35 34 10 33 30 35 35 36 31 35 34 32 33 33 32 10 32 31 31 34 13 35 33 36 31 33 33 36 30 33 32 34 32 11 35 35 34 34 33 9 10 35 36 36 34 5 36 36 33 32 32 34 33 37 37 34 33 36 36 33 32 33 33 32 34 34 29 9 33 11 0 34 35 34 36 9 33 33 32 37 34 9 37 9 35 11 37 35 33 31 34 31 35 10
0 33 34 33 33 33 30 35 33 32 7 35 33 34 34 29 4 32 9 33 32 32 32 31 34 9 35 36 31 35 11 27 32 32 32 32 32 8 30 30 34 9 33 32 8 31 32 34 32 34 32 35 31 35 10 29 6 6 31 32 36 34 33 31 35 32 34 33 6 30 31 33 31 30 30 33 34 37 0 34 31 34 33 33 31 7 37 36 32 11 31 9 35 11 29 32 30 33 31 33 33
0 31 34 4 9 7 29 33 31 33 30 32 33 35 33 6 34 31 33 31 30 30 34 29 34 32 9 36 5 35 30 33 30 30 7 31 33 32 7 30 32 35 32 33 30 32 31 28 29 7 9 34 31 32 34 7 30 32 32 31 34 28 31 30 34 8 5 30 33 31 29 35 32 32 34 32 31 36 31 0 31 34 32 6 31 33 9 36 30 34 32 32 32 35 33 31 31 31 32 8 32
0 31 36 33 33 32 34 34 31 33 34 36 34 7 33 32 34 31 33 7 33 7 35 8 37 34 33 34 35 9 35 9 9 30 32 34 34 31 29 34 36 32 34 31 32 9 29 34 36 34 32 34 32 8 36 35 34 33 6 31 34 35 33 33 34 33 33 34 36 6 33 36 36 34 33 5 34 37 33 32 0 33 32 31 29 32 37 10 34 36 31 31 34 34 35 5 32 31 7 35 36
0 29 32 29 29 29 4 32 4 30 31 35 6 31 7 29 33 28 30 29 5 29 31 30 8 32 32 34 33 31 33 31 31 3 31 29 6 31 26 5 34 31 2 30 30 31 31 31 7 30 31 7 30 31 32 29 29 30 27 5 32 30 30 27 31 32 32 32 32 27 6 32 7 32 26 29 31 37 31 31 27 0 30 29 30 28 33 33 32 34 30 32 32 35 33 31 4 29 27 31 30
0 5 10 32 29 32 32 34 31 1 32 34 32 29 33 29 30 30 31 31 31 29 7 31 34 31 34 10 32 31 34 31 32 30 33 31 31 33 31 32 9 29 32 32 32 30 6 9 35 32 33 27 7 33 34 33 30 30 29 31 34 34 32 29 33 34 34 34 29 30 31 32 34 31 8 31 8 13 29 33 31 34 0 30 33 30 33 33 7 32 7 32 10 36 30 33 29 31 28 34 9
0 30 32 5 3 5 30 31 30 30 28 33 30 30 30 4 32 30 29 31 28 27 30 27 34 31 9 34 8 30 32 31 28 29 6 30 31 31 2 29 31 30 31 31 29 31 31 30 32 5 7 33 29 30 33 6 30 30 26 31 32 32 29 29 31 7 7 32 31 25 27 30 31 31 31 31 32 36 31 6 30 33 31 0 32 27 7 32 28 33 32 32 33 34 32 32 29 30 26 6 31
0 32 33 29 30 32 30 7 32 32 32 8 34 33 29 31 30 7 33 33 31 32 33 33 34 32 29 30 32 30 34 32 33 31 29 7 33 27 30 30 36 33 30 4 32 33 26 33 33 31 33 33 32 32 34 32 30 32 31 32 7 8 7 6 10 34 29 6 32 30 32 7 33 7 29 33 30 36 30 33 30 29 33 31 0 32 35 32 31 35 32 27 30 30 6 26 31 7 31 32 33
0 29 33 29 31 29 29 29 29 30 6 32 32 33 32 29 8 28 4 29 27 26 33 30 33 7 32 33 32 29 6 31 31 27 34 28 31 7 29 29 33 7 29 29 3 31 31 31 32 32 31 32 27 31 7 31 4 5 29 29 31 32 28 27 31 32 34 30 7 29 30 32 32 32 29 29 31 37 6 29 29 33 29 28 30 0 35 31 32 9 30 7 34 10 31 30 29 29 29 32 32
0 29 34 5 7 5 29 30 29 31 32 32 33 33 33 5 31 29 29 29 27 26 33 31 27 32 8 33 7 28 31 32 32 28 7 29 32 33 5 30 34 33 30 30 28 29 29 32 32 8 7 29 28 31 29 7 29 31 30 29 31 32 28 28 32 7 9 30 28 29 31 32 32 32 29 29 31 37 31 5 29 32 30 4 31 26 0 30 31 34 30 31 33 35 31 31 29 29 30 8 32
0 30 32 32 27 31 32 32 30 32 29 34 32 5 30 27 31 30 32 6 29 5 32 4 34 32 33 34 27 3 32 5 5 29 32 32 29 32 29 30 32 30 32 32 30 5 29 32 32 32 33 32 30 8 33 31 32 28 4 31 33 30 31 30 33 33 34 30 30 3 29 30 33 32 32 6 32 33 32 32 5 33 32 28 32 30 34 0 26 34 32 31 34 36 32 8 27 30 4 32 32
0 5 7 32 32 30 30 31 29 6 28 33 32 30 29 26 30 29 31 30 28 30 6 27 33 31 32 8 30 32 31 28 28 28 31 32 28 31 30 29 6 30 32 31 29 28 4 6 32 33 32 32 4 31 32 30 31 27 30 30 32 29 29 30 32 32 32 32 32 29 27 33 33 32 6 30 6 12 32 31 29 32 6 29 32 31 33 34 0 34 6 30 8 35 31 32 26 29 30 31 6
0 31 33 31 31 32 31 34 31 32 9 36 33 33 29 32 5 30 7 31 32 31 34 33 35 9 34 35 32 33 11 30 33 30 33 31 30 8 26 32 36 9 32 31 7 30 31 31 32 32 32 34 32 33 9 32 7 8 29 31 34 35 32 29 32 34 34 34 7 29 33 34 30 31 28 31 33 37 8 33 29 33 32 31 32 5 34 35 34 0 32 3 35 11 31 32 31 31 29 32 32
0 4 9 31 32 32 30 32 31 6 31 30 28 34 30 31 31 31 33 31 31 33 6 30 32 30 30 7 29 34 31 30 31 30 30 33 30 30 30 31 9 34 31 30 32 30 2 8 34 32 27 33 7 32 30 32 30 30 32 31 31 30 32 32 34 27 31 32 33 31 30 32 33 33 6 32 6 8 30 33 31 30 7 31 32 33 36 33 7 30 0 28 7 30 32 27 29 32 31 32 8
0 32 31 33 33 30 33 34 32 30 9 35 33 33 27 32 3 31 6 32 32 32 34 33 35 9 33 34 30 34 9 31 33 31 32 34 30 8 32 34 36 8 33 32 8 31 30 31 37 35 31 34 30 34 10 32 9 8 32 32 35 33 33 33 34 32 34 32 5 32 33 33 36 30 33 32 33 37 7 34 32 33 32 32 34 7 34 35 34 10 30 0 33 10 29 32 32 32 32 30 36
0 7 8 29 30 32 29 26 32 7 32 34 33 32 29 31 30 32 32 32 30 30 9 32 34 34 29 5 32 31 34 32 33 31 27 31 32 33 30 30 10 32 30 27 31 33 1 8 34 31 33 30 5 30 34 32 30 32 29 32 34 31 32 31 35 34 34 34 32 29 31 33 32 32 4 32 10 13 33 33 29 29 8 31 31 29 33 32 8 33 7 27 0 36 31 31 31 30 31 31 8
0 33 35 33 32 30 33 30 33 32 7 36 34 34 31 29 9 32 9 33 32 32 32 31 35 10 32 27 32 30 7 32 32 32 31 34 32 7 33 32 34 9 34 32 8 32 30 33 35 31 34 29 32 29 11 34 8 6 31 33 27 36 33 33 36 35 30 29 10 30 31 34 36 35 33 33 34 32 7 34 32 33 34 32 32 7 34 32 32 8 34 7 29 0 34 32 30 33 31 34 34
0 33 32 32 33 34 32 7 33 31 34 11 35 34 32 33 32 8 33 33 32 31 35 34 34 33 32 33 26 34 32 31 34 32 29 8 33 29 32 32 33 31 32 4 32 33 29 31 36 32 28 35 32 32 32 33 32 33 29 33 9 5 8 7 11 36 30 4 34 30 34 9 34 9 32 33 33 34 28 33 30 32 34 33 9 30 34 35 32 32 34 30 33 33 0 29 32 7 31 33 34
0 32 32 29 30 32 29 31 32 31 32 32 33 7 29 31 30 32 33 7 32 7 32 7 34 34 29 30 32 9 33 7 8 31 28 32 32 33 29 30 36 32 29 29 32 8 25 33 34 31 33 33 32 7 33 32 30 32 6 31 31 32 33 31 34 34 34 33 32 5 31 33 32 32 29 8 30 36 33 34 5 28 33 31 31 31 35 7 32 34 32 27 30 30 31 0 31 31 6 31 32
0 29 32 32 31 29 5 30 4 30 27 32 6 33 7 28 29 28 30 29 3 31 31 27 9 30 31 33 30 31 32 27 27 3 31 31 3 30 29 3 30 32 6 30 28 27 28 30 6 32 31 7 28 31 32 29 30 26 29 4 32 31 29 30 31 31 32 31 31 29 2 32 8 31 30 29 30 36 31 30 28 6 30 29 31 30 33 33 28 34 30 30 33 34 30 31 0 29 29 30 30
0 29 32 32 30 29 28 6 28 31 28 6 31 32 32 28 30 4 27 29 28 31 32 27 32 31 32 33 30 32 30 28 28 28 31 7 28 31 29 28 31 32 32 6 26 28 29 30 31 33 32 32 27 31 31 30 28 27 30 29 7 7 2 6 6 31 32 4 31 29 27 6 31 6 30 29 30 36 28 30 25 32 30 29 4 31 33 33 28 34 30 30 33 34 6 29 26 0 29 31 31
0 31 34 32 27 30 32 33 31 32 30 34 31 4 32 29 33 31 28 7 30 4 32 4 34 31 33 36 33 4 34 7 5 30 32 31 32 33 28 30 32 29 32 33 31 7 32 32 34 31 33 32 31 7 32 32 32 31 3 32 34 32 31 30 32 33 34 33 33 2 29 29 32 30 32 7 32 37 32 32 7 34 32 27 33 29 34 6 29 33 32 31 34 36 33 9 29 31 0 33 32
0 30 27 7 4 5 30 31 30 25 31 33 31 28 31 4 32 30 28 27 29 29 32 30 31 29 8 34 7 31 32 31 31 29 7 30 31 29 6 31 34 28 29 28 29 31 30 33 34 6 5 30 29 30 33 7 31 30 27 27 33 33 29 29 33 5 6 31 32 28 30 28 33 30 32 27 34 34 29 7 30 33 28 5 32 28 5 33 31 32 28 29 32 33 33 29 29 30 27 0 33
0 2 8 30 31 28 31 31 27 4 30 33 32 31 33 30 32 30 32 31 30 30 4 29 29 31 33 7 34 31 32 31 30 29 29 30 32 26 28 30 8 31 28 29 31 32 5 8 27 32 32 32 7 32 27 30 28 31 29 31 30 32 30 29 29 34 28 33 31 28 29 32 33 33 3 31 5 10 29 32 29 27 7 30 32 29 35 32 5 30 7 32 5 36 33 32 30 30 29 32 0
SETUP_COST
0.0 20.0 160.0 100.0 80.0 40.0 100.0 100.0 20.0 60.0 80.0 140.0 100.0 120.0 100.0 80.0 120.0 20.0 100.0 40.0 80.0 60.0 120.0 60.0 140.0 80.0 140.0 120.0 140.0 100.0 120.0 140.0 80.0 100.0 120.0 120.0 120.0 100.0 40.0 80.0 120.0 100.0 140.0 60.0 60.0 140.0 80.0 120.0 140.0 100.0 80.0 80.0 80.0 60.0 140.0 120.0 100.0 100.0 40.0 40.0 80.0 140.0 80.0 100.0 80.0 100.0 120.0 80.0 120.0 20.0 60.0 80.0 140.0 140.0 80.0 40.0 160.0 200.0 120.0 120.0 80.0 140.0 40.0 20.0 60.0 60.0 160.0 120.0 80.0 40.0 60.0 80.0 120.0 140.0 140.0 80.0 100.0 120.0 40.0 140.0 100.0
0.0 0.0 200.0 660.0 680.0 640.0 660.0 680.0 640.0 180.0 620.0 700.0 660.0 660.0 700.0 560.0 640.0 620.0 660.0 640.0 620.0 680.0 160.0 600.0 720.0 660.0 640.0 220.0 660.0 680.0 700.0 620.0 620.0 620.0 680.0 660.0 620.0 580.0 660.0 620.0 160.0 660.0 680.0 660.0 640.0 620.0 120.0 160.0 680.0 700.0 680.0 700.0 120.0 680.0 700.0 660.0 660.0 580.0 640.0 640.0 700.0 680.0 640.0 660.0 680.0 680.0 600.0 680.0 680.0 640.0 600.0 700.0 720.0 660.0 160.0 640.0 180.0 260.0 620.0 660.0 620.0 680.0 160.0 640.0 680.0 660.0 720.0 720.0 120.0 740.0 160.0 660.0 160.0 740.0 640.0 680.0 580.0 640.0 660.0 660.0 180.0
0.0 140.0 0.0 660.0 620.0 620.0 620.0 640.0 620.0 60.0 660.0 680.0 640.0 600.0 660.0 600.0 660.0 620.0 600.0 580.0 600.0 580.0 180.0 640.0 580.0 620.0 680.0 200.0 680.0 620.0 680.0 640.0 660.0 600.0 660.0 640.0 660.0 560.0 620.0 640.0 200.0 600.0 540.0 600.0 600.0 640.0 140.0 180.0 680.0 640.0 620.0 640.0 120.0 640.0 640.0 660.0 640.0 640.0 580.0 580.0 640.0 660.0 620.0 600.0 680.0 640.0 580.0 660.0 620.0 600.0 640.0 600.0 680.0 640.0 100.0 580.0 180.0 160.0 600.0 640.0 620.0 680.0 100.0 620.0 620.0 580.0 560.0 660.0 120.0 680.0 100.0 620.0 140.0 680.0 680.0 620.0 620.0 620.0 580.0 540.0 180.0
0.0 600.0 600.0 0.0 120.0 120.0 520.0 660.0 600.0 580.0 620.0 680.0 580.0 640.0 620.0 80.0 620.0 600.0 640.0 620.0 600.0 600.0 600.0 600.0 600.0 600.0 120.0 640.0 160.0 640.0 640.0 620.0 620.0 580.0 120.0 580.0 620.0 580.0 140.0 520.0 660.0 640.0 600.0 620.0 580.0 580.0 540.0 640.0 600.0 160.0 100.0 620.0 580.0 640.0 600.0 80.0 520.0 600.0 620.0 540.0 620.0 640.0 600.0 580.0 660.0 180.0 120.0 640.0 640.0 600.0 600.0 640.0 560.0 580.0 600.0 620.0 640.0 740.0 580.0 120.0 600.0 600.0 620.0 120.0 540.0 580.0 160.0 660.0 620.0 660.0 640.0 580.0 640.0 640.0 620.0 540.0 580.0 600.0 600.0 80.0 560.0
0.0 600.0 640.0 100.0 0.0 80.0 600.0 620.0 600.0 600.0 560.0 660.0 600.0 540.0 620.0 60.0 640.0 580.0 580.0 600.0 560.0 560.0 600.0 560.0 680.0 580.0 140.0 700.0 160.0 600.0 640.0 600.0 560.0 580.0 120.0 580.0 600.0 620.0 40.0 580.0 620.0 560.0 600.0 620.0 580.0 600.0 620.0 620.0 660.0 100.0 140.0 600.0 580.0 600.0 660.0 120.0 620.0 580.0 540.0 600.0 660.0 620.0 600.0 560.0 620.0 140.0 160.0 640.0 640.0 520.0 560.0 560.0 620.0 600.0 620.0 600.0 600.0 720.0 600.0 120.0 600.0 660.0 620.0 20.0 640.0 540.0 160.0 640.0 580.0 640.0 620.0 580.0 660.0 680.0 660.0 640.0 560.0 600.0 540.0 120.0 620.0
0.0 620.0 680.0 120.0 100.0 0.0 600.0 660.0 620.0 660.0 600.0 660.0 640.0 640.0 640.0 60.0 640.0 620.0 620.0 620.0 560.0 580.0 640.0 580.0 680.0 660.0 160.0 680.0 140.0 640.0 580.0 600.0 600.0 600.0 160.0 600.0 600.0 660.0 140.0 600.0 640.0 640.0 660.0 640.0 580.0 600.0 600.0 640.0 660.0 140.0 100.0 640.0 580.0 620.0 660.0 140.0 600.0 580.0 560.0 620.0 640.0 660.0 580.0 620.0 660.0 160.0 180.0 620.0 660.0 540.0 580.0 600.0 660.0 660.0 640.0 620.0 660.0 740.0 660.0 100.0 600.0 660.0 640.0 120.0 620.0 580.0 200.0 620.0 600.0 680.0 640.0 620.0 700.0 680.0 640.0 600.0 560.0 620.0 560.0 160.0 660.0
0.0 600.0 600.0 620.0 640.0 600.0 0.0 660.0 100.0 580.0 640.0 680.0 80.0 620.0 120.0 620.0 600.0 600.0 620.0 600.0 100.0 580.0 620.0 620.0 100.0 600.0 600.0 640.0 640.0 620.0 620.0 620.0 640.0 80.0 600.0 600.0 140.0 580.0 620.0 20.0 700.0 640.0 100.0 600.0 580.0 580.0 540.0 640.0 100.0 660.0 600.0 160.0 580.0 640.0 600.0 660.0 520.0 620.0 620.0 60.0 660.0 620.0 580.0 580.0 640.0 660.0 600.0 640.0 640.0 600.0 140.0 620.0 60.0 560.0 600.0 600.0 620.0 740.0 580.0 600.0 600.0 100.0 620.0 600.0 540.0 580.0 640.0 660.0 640.0 660.0 620.0 580.0 640.0 640.0 620.0 540.0 120.0 600.0 620.0 580.0 560.0
0.0 660.0 720.0 680.0 680.0 660.0 640.0 0.0 640.0 700.0 640.0 180.0 700.0 620.0 680.0 620.0 680.0 160.0 620.0 680.0 640.0 640.0 680.0 620.0 660.0 660.0 700.0 740.0 680.0 600.0 640.0 640.0 640.0 640.0 700.0 160.0 640.0 700.0 680.0 640.0 680.0 620.0 680.0 200.0 600.0 640.0 640.0 680.0 700.0 720.0 640.0 700.0 580.0 680.0 700.0 680.0 640.0 620.0 660.0 660.0 220.0 120.0 120.0 140.0 200.0 700.0 720.0 160.0 680.0 660.0 620.0 180.0 700.0 160.0 680.0 680.0 680.0 740.0 640.0 680.0 580.0 700.0 680.0 660.0 160.0 640.0 640.0 640.0 640.0 700.0 680.0 640.0 740.0 720.0 180.0 640.0 600.0 100.0 660.0 700.0 680.0
0.0 500.0 680.0 580.0 620.0 520.0 100.0 680.0 0.0 660.0 620.0 680.0 160.0 660.0 140.0 560.0 640.0 620.0 640.0 620.0 80.0 600.0 660.0 600.0 180.0 620.0 640.0 600.0 660.0 580.0 600.0 620.0 620.0 100.0 660.0 620.0 120.0 580.0 640.0 100.0 660.0 580.0 140.0 660.0 580.0 620.0 620.0 660.0 180.0 640.0 620.0 100.0 580.0 600.0 680.0 640.0 600.0 580.0 580.0 140.0 560.0 680.0 560.0 600.0 560.0 680.0 600.0 640.0 680.0 560.0 100.0 600.0 160.0 620.0 660.0 640.0 680.0 740.0 620.0 620.0 620.0 180.0 640.0 620.0 620.0 600.0 700.0 620.0 620.0 660.0 640.0 640.0 660.0 700.0 660.0 620.0 80.0 620.0 580.0 660.0 660.0
0.0 100.0 200.0 620.0 580.0 620.0 640.0 680.0 600.0 0.0 620.0 660.0 660.0 560.0 680.0 560.0 640.0 600.0 600.0 620.0 620.0 560.0 140.0 600.0 720.0 600.0 680.0 220.0 660.0 620.0 700.0 620.0 620.0 580.0 640.0 600.0 620.0 640.0 600.0 620.0 180.0 560.0 620.0 640.0 620.0 620.0 140.0 160.0 680.0 660.0 660.0 660.0 120.0 640.0 680.0 660.0 640.0 600.0 600.0 620.0 660.0 680.0 640.0 580.0 660.0 660.0 680.0 660.0 680.0 580.0 600.0 620.0 680.0 600.0 140.0 620.0 180.0 260.0 560.0 660.0 600.0 680.0 140.0 580.0 640.0 620.0 720.0 640.0 140.0 640.0 140.0 660.0 200.0 720.0 660.0 660.0 580.0 600.0 540.0 680.0 180.0
0.0 600.0 600.0 620.0 600.0 600.0 620.0 620.0 600.0 580.0 0.0 660.0 580.0 620.0 580.0 520.0 120.0 580.0 140.0 600.0 580.0 600.0 620.0 560.0 640.0 140.0 640.0 640.0 620.0 640.0 120.0 580.0 580.0 580.0 640.0 600.0 560.0 100.0 600.0 520.0 620.0 120.0 580.0 620.0 100.0 580.0 580.0 620.0 600.0 680.0 640.0 660.0 580.0 640.0 100.0 600.0 120.0 60.0 600.0 600.0 660.0 580.0 600.0 580.0 640.0 640.0 620.0 640.0 140.0 600.0 560.0 620.0 680.0 640.0 600.0 600.0 620.0 740.0 80.0 620.0 580.0 600.0 620.0 580.0 600.0 140.0 640.0 680.0 520.0 160.0 620.0 100.0 640.0 200.0 620.0 600.0 520.0 600.0 620.0 580.0 560.0
0.0 600.0 680.0 580.0 580.0 620.0 580.0 140.0 600.0 620.0 600.0 0.0 660.0 620.0 660.0 580.0 620.0 100.0 640.0 600.0 600.0 620.0 620.0 580.0 680.0 660.0 640.0 680.0 620.0 640.0 680.0 540.0 600.0 580.0 640.0 60.0 580.0 660.0 600.0 600.0 660.0 620.0 640.0 140.0 620.0 580.0 580.0 640.0 680.0 660.0 660.0 640.0 580.0 640.0 660.0 580.0 600.0 560.0 600.0 600.0 160.0 180.0 140.0 120.0 160.0 660.0 680.0 160.0 660.0 580.0 580.0 140.0 640.0 160.0 580.0 600.0 640.0 720.0 640.0 660.0 580.0 640.0 600.0 580.0 120.0 620.0 700.0 680.0 600.0 700.0 620.0 620.0 640.0 700.0 140.0 620.0 580.0 100.0 580.0 640.0 640.0
0.0 640.0 620.0 640.0 600.0 660.0 120.0 580.0 140.0 600.0 660.0 700.0 0.0 640.0 160.0 620.0 660.0 680.0 620.0 640.0 160.0 640.0 640.0 640.0 200.0 680.0 640.0 660.0 660.0 640.0 600.0 640.0 600.0 160.0 600.0 640.0 160.0 680.0 620.0 120.0 700.0 640.0 160.0 620.0 600.0 620.0 580.0 680.0 200.0 680.0 660.0 140.0 600.0 620.0 700.0 600.0 620.0 640.0 620.0 140.0 700.0 540.0 620.0 660.0 680.0 680.0 700.0 660.0 640.0 600.0 140.0 640.0 180.0 660.0 640.0 640.0 640.0 740.0 660.0 640.0 640.0 140.0 640.0 600.0 640.0 640.0 680.0 680.0 660.0 660.0 660.0 600.0 580.0 740.0 640.0 660.0 120.0 680.0 560.0 600.0 660.0
0.0 560.0 640.0 580.0 600.0 560.0 580.0 620.0 540.0 580.0 560.0 600.0 640.0 0.0 640.0 520.0 600.0 540.0 580.0 60.0 560.0 60.0 580.0 60.0 660.0 540.0 620.0 660.0 600.0 140.0 640.0 60.0 60.0 520.0 580.0 540.0 560.0 600.0 560.0 580.0 620.0 500.0 560.0 580.0 580.0 60.0 580.0 600.0 620.0 620.0 600.0 620.0 560.0 100.0 640.0 600.0 580.0 540.0 80.0 560.0 620.0 640.0 580.0 520.0 600.0 620.0 620.0 600.0 640.0 60.0 540.0 640.0 640.0 540.0 600.0 60.0 620.0 720.0 600.0 600.0 60.0 640.0 580.0 540.0 600.0 580.0 660.0 160.0 580.0 580.0 580.0 600.0 640.0 680.0 620.0 100.0 520.0 560.0 80.0 620.0 620.0
0.0 600.0 680.0 640.0 640.0 560.0 120.0 660.0 100.0 640.0 640.0 700.0 180.0 680.0 0.0 600.0 620.0 580.0 620.0 600.0 100.0 640.0 660.0 640.0 200.0 660.0 620.0 640.0 580.0 640.0 640.0 580.0 640.0 80.0 620.0 640.0 80.0 660.0 620.0 140.0 700.0 660.0 140.0 620.0 620.0 580.0 560.0 580.0 220.0 660.0 640.0 160.0 620.0 640.0 680.0 620.0 640.0 620.0 620.0 100.0 660.0 700.0 640.0 620.0 640.0 660.0 680.0 620.0 660.0 600.0 140.0 640.0 180.0 640.0 620.0 600.0 640.0 740.0 640.0 660.0 600.0 120.0 620.0 600.0 640.0 640.0 720.0 660.0 640.0 700.0 620.0 580.0 640.0 700.0 620.0 640.0 100.0 600.0 600.0 660.0 680.0
0.0 580.0 640.0 140.0 140.0 100.0 600.0 620.0 580.0 600.0 560.0 660.0 620.0 600.0 640.0 0.0 580.0 560.0 600.0 580.0 560.0 620.0 600.0 540.0 660.0 620.0 140.0 660.0 100.0 620.0 640.0 560.0 560.0 560.0 120.0 620.0 560.0 620.0 100.0 560.0 600.0 600.0 620.0 600.0 580.0 560.0 560.0 600.0 620.0 160.0 140.0 640.0 560.0 620.0 640.0 100.0 600.0 540.0 600.0 580.0 640.0 640.0 580.0 600.0 620.0 120.0 140.0 620.0 620.0 580.0 540.0 640.0 660.0 620.0 600.0 580.0 620.0 720.0 620.0 100.0 560.0 620.0 600.0 80.0 620.0 600.0 160.0 660.0 560.0 680.0 600.0 600.0 660.0 680.0 600.0 620.0 520.0 580.0 600.0 120.0 620.0
0.0 600.0 640.0 640.0 660.0 580.0 640.0 640.0 640.0 620.0 120.0 640.0 600.0 660.0 620.0 640.0 0.0 640.0 160.0 580.0 600.0 580.0 640.0 600.0 680.0 140.0 640.0 660.0 540.0 660.0 140.0 620.0 620.0 620.0 580.0 640.0 620.0 100.0 640.0 620.0 660.0 100.0 660.0 580.0 120.0 560.0 560.0 640.0 720.0 660.0 560.0 640.0 560.0 640.0 140.0 660.0 140.0 100.0 600.0 580.0 660.0 600.0 640.0 620.0 680.0 580.0 620.0 580.0 60.0 620.0 600.0 640.0 680.0 540.0 640.0 580.0 620.0 680.0 80.0 660.0 620.0 640.0 600.0 640.0 660.0 100.0 700.0 700.0 620.0 140.0 540.0 100.0 660.0 140.0 520.0 580.0 620.0 640.0 640.0 660.0 680.0
0.0 520.0 640.0 600.0 560.0 540.0 580.0 100.0 520.0 540.0 560.0 140.0 600.0 600.0 600.0 580.0 620.0 0.0 580.0 520.0 560.0 560.0 600.0 540.0 640.0 560.0 640.0 620.0 620.0 580.0 620.0 620.0 560.0 580.0 620.0 120.0 620.0 580.0 540.0 580.0 620.0 580.0 620.0 60.0 560.0 620.0 560.0 620.0 660.0 580.0 560.0 580.0 560.0 560.0 640.0 620.0 580.0 600.0 540.0 520.0 80.0 140.0 80.0 100.0 80.0 580.0 620.0 80.0 620.0 520.0 540.0 120.0 620.0 140.0 620.0 520.0 660.0 700.0 620.0 620.0 580.0 620.0 540.0 520.0 60.0 540.0 660.0 620.0 580.0 620.0 540.0 600.0 620.0 640.0 140.0 560.0 580.0 120.0 540.0 620.0 620.0
0.0 660.0 700.0 680.0 680.0 680.0 620.0 660.0 660.0 620.0 220.0 680.0 680.0 660.0 700.0 680.0 200.0 640.0 0.0 660.0 640.0 640.0 700.0 680.0 720.0 160.0 720.0 700.0 680.0 620.0 220.0 680.0 580.0 640.0 700.0 640.0 700.0 160.0 680.0 620.0 740.0 120.0 660.0 600.0 160.0 680.0 660.0 720.0 680.0 680.0 680.0 640.0 660.0 700.0 180.0 700.0 140.0 180.0 660.0 660.0 660.0 740.0 680.0 620.0 600.0 640.0 620.0 720.0 180.0 660.0 680.0 720.0 680.0 660.0 680.0 640.0 720.0 740.0 140.0 700.0 640.0 660.0 600.0 660.0 640.0 120.0 740.0 660.0 680.0 200.0 660.0 200.0 660.0 220.0 660.0 660.0 660.0 660.0 660.0 680.0 640.0
0.0 580.0 660.0 620.0 580.0 600.0 560.0 580.0 580.0 540.0 620.0 620.0 580.0 100.0 600.0 580.0 620.0 580.0 600.0 0.0 560.0 40.0 640.0 120.0 660.0 560.0 620.0 640.0 600.0 120.0 600.0 120.0 140.0 580.0 620.0 580.0 620.0 620.0 600.0 580.0 660.0 580.0 600.0 540.0 540.0 120.0 560.0 620.0 660.0 580.0 540.0 560.0 540.0 80.0 620.0 600.0 580.0 600.0 20.0 500.0 640.0 620.0 540.0 560.0 640.0 560.0 640.0 600.0 600.0 40.0 600.0 640.0 620.0 640.0 600.0 20.0 640.0 680.0 600.0 600.0 60.0 620.0 520.0 580.0 600.0 540.0 640.0 160.0 640.0 620.0 520.0 580.0 600.0 620.0 620.0 60.0 580.0 600.0 60.0 640.0 620.0
0.0 560.0 640.0 620.0 600.0 580.0 60.0 660.0 60.0 620.0 600.0 620.0 140.0 640.0 160.0 560.0 640.0 620.0 640.0 640.0 0.0 640.0 660.0 580.0 140.0 640.0 640.0 640.0 640.0 640.0 580.0 600.0 600.0 100.0 640.0 640.0 100.0 620.0 620.0 60.0 640.0 640.0 140.0 660.0 520.0 600.0 580.0 600.0 140.0 680.0 620.0 140.0 520.0 620.0 620.0 640.0 560.0 580.0 620.0 100.0 580.0 620.0 540.0 620.0 620.0 640.0 640.0 580.0 680.0 600.0 100.0 620.0 120.0 620.0 640.0 640.0 660.0 740.0 620.0 560.0 620.0 140.0 640.0 620.0 580.0 620.0 680.0 680.0 620.0 680.0 580.0 620.0 680.0 680.0 640.0 580.0 60.0 640.0 580.0 620.0 600.0
0.0 560.0 680.0 580.0 600.0 580.0 580.0 640.0 560.0 600.0 620.0 680.0 640.0 160.0 640.0 620.0 660.0 560.0 580.0 80.0 620.0 0.0 640.0 100.0 680.0 620.0 640.0 660.0 620.0 140.0 660.0 120.0 120.0 540.0 660.0 560.0 620.0 640.0 580.0 600.0 660.0 640.0 580.0 580.0 580.0 120.0 620.0 660.0 620.0 640.0 620.0 620.0 580.0 100.0 680.0 620.0 600.0 600.0 80.0 580.0 620.0 640.0 600.0 540.0 620.0 620.0 660.0 620.0 620.0 60.0 600.0 660.0 640.0 640.0 580.0 80.0 600.0 720.0 600.0 620.0 60.0 680.0 580.0 560.0 600.0 600.0 700.0 180.0 620.0 660.0 580.0 640.0 660.0 680.0 600.0 120.0 580.0 560.0 80.0 660.0 640.0
0.0 120.0 160.0 620.0 580.0 620.0 640.0 580.0 600.0 20.0 620.0 660.0 660.0 560.0 620.0 580.0 600.0 600.0 600.0 620.0 580.0 580.0 0.0 600.0 640.0 600.0 660.0 180.0 620.0 620.0 680.0 620.0 620.0 580.0 520.0 600.0 620.0 660.0 600.0 580.0 180.0 560.0 620.0 520.0 600.0 620.0 100.0 160.0 680.0 600.0 660.0 680.0 120.0 580.0 680.0 660.0 560.0 600.0 600.0 620.0 660.0 680.0 620.0 580.0 660.0 680.0 680.0 660.0 640.0 580.0 600.0 640.0 680.0 600.0 120.0 620.0 180.0 240.0 580.0 640.0 560.0 600.0 140.0 580.0 640.0 620.0 700.0 660.0 140.0 640.0 140.0 620.0 100.0 720.0 600.0 640.0 580.0 600.0 540.0 640.0 140.0
0.0 580.0 600.0 640.0 620.0 560.0 560.0 640.0 580.0 580.0 520.0 620.0 580.0 140.0 600.0 540.0 620.0 600.0 620.0 100.0 520.0 120.0 640.0 0.0 640.0 580.0 660.0 640.0 620.0 160.0 600.0 100.0 20.0 580.0 640.0 620.0 580.0 580.0 620.0 540.0 580.0 640.0 600.0 620.0 540.0 100.0 600.0 560.0 620.0 660.0 620.0 620.0 540.0 140.0 620.0 620.0 580.0 560.0 100.0 600.0 600.0 600.0 540.0 600.0 640.0 580.0 600.0 580.0 580.0 100.0 500.0 640.0 620.0 640.0 620.0 100.0 600.0 700.0 600.0 560.0 100.0 620.0 580.0 600.0 600.0 620.0 620.0 160.0 540.0 680.0 600.0 600.0 660.0 660.0 640.0 100.0 540.0 620.0 100.0 580.0 580.0
0.0 640.0 660.0 640.0 620.0 580.0 140.0 660.0 140.0 600.0 640.0 680.0 160.0 660.0 140.0 600.0 580.0 660.0 680.0 580.0 140.0 600.0 680.0 640.0 0.0 620.0 620.0 660.0 620.0 540.0 660.0 640.0 660.0 140.0 620.0 660.0 140.0 640.0 620.0 100.0 700.0 660.0 140.0 600.0 620.0 560.0 560.0 700.0 160.0 640.0 620.0 60.0 620.0 640.0 640.0 660.0 640.0 620.0 580.0 80.0 660.0 660.0 620.0 640.0 680.0 640.0 660.0 660.0 540.0 600.0 120.0 660.0 200.0 620.0 620.0 580.0 600.0 720.0 640.0 680.0 640.0 120.0 580.0 620.0 660.0 600.0 660.0 580.0 600.0 700.0 600.0 600.0 640.0 680.0 600.0 620.0 120.0 660.0 620.0 640.0 600.0
0.0 660.0 740.0 740.0 700.0 680.0 720.0 680.0 660.0 720.0 220.0 740.0 740.0 720.0 660.0 660.0 200.0 720.0 160.0 740.0 700.0 720.0 740.0 680.0 740.0 0.0 720.0 660.0 640.0 740.0 200.0 680.0 700.0 700.0 680.0 740.0 700.0 180.0 720.0 680.0 720.0 200.0 740.0 680.0 220.0 700.0 660.0 720.0 720.0 740.0 680.0 740.0 720.0 720.0 240.0 720.0 240.0 180.0 700.0 740.0 720.0 700.0 640.0 700.0 720.0 740.0 600.0 680.0 240.0 700.0 680.0 740.0 740.0 720.0 720.0 740.0 680.0 740.0 140.0 740.0 720.0 720.0 740.0 720.0 740.0 220.0 740.0 740.0 660.0 240.0 740.0 200.0 660.0 260.0 620.0 680.0 660.0 720.0 680.0 740.0 720.0
0.0 620.0 580.0 20.0 140.0 140.0 520.0 620.0 620.0 560.0 600.0 680.0 600.0 620.0 580.0 60.0 620.0 620.0 620.0 600.0 600.0 600.0 620.0 580.0 620.0 620.0 0.0 660.0 140.0 640.0 640.0 600.0 600.0 600.0 120.0 580.0 600.0 600.0 140.0 540.0 640.0 620.0 600.0 620.0 600.0 580.0 560.0 600.0 620.0 60.0 100.0 620.0 600.0 580.0 620.0 80.0 540.0 580.0 600.0 560.0 620.0 640.0 580.0 600.0 660.0 160.0 120.0 640.0 640.0 620.0 580.0 620.0 580.0 580.0 620.0 600.0 640.0 720.0 600.0 140.0 600.0 620.0 600.0 120.0 540.0 600.0 140.0 680.0 600.0 640.0 620.0 600.0 600.0 640.0 640.0 560.0 560.0 620.0 600.0 60.0 580.0
0.0 180.0 180.0 640.0 620.0 640.0 640.0 580.0 660.0 160.0 680.0 740.0 660.0 660.0 600.0 640.0 660.0 660.0 640.0 640.0 620.0 600.0 200.0 660.0 700.0 680.0 620.0 0.0 660.0 660.0 620.0 640.0 680.0 640.0 580.0 640.0 660.0 660.0 640.0 600.0 180.0 660.0 640.0 600.0 640.0 660.0 60.0 180.0 680.0 640.0 680.0 640.0 140.0 560.0 680.0 660.0 620.0 660.0 580.0 640.0 700.0 680.0 640.0 640.0 700.0 700.0 580.0 700.0 700.0 560.0 660.0 660.0 700.0 680.0 140.0 640.0 220.0 200.0 600.0 680.0 620.0 620.0 160.0 620.0 660.0 600.0 700.0 680.0 140.0 620.0 180.0 600.0 60.0 740.0 660.0 660.0 640.0 660.0 580.0 660.0 140.0
0.0 660.0 600.0 160.0 140.0 180.0 660.0 660.0 640.0 640.0 680.0 720.0 680.0 680.0 640.0 160.0 660.0 640.0 640.0 660.0 600.0 600.0 680.0 660.0 660.0 640.0 160.0 700.0 0.0 680.0 700.0 640.0 680.0 620.0 180.0 640.0 640.0 600.0 160.0 660.0 640.0 680.0 660.0 680.0 620.0 640.0 660.0 600.0 700.0 140.0 180.0 700.0 640.0 680.0 620.0 160.0 640.0 640.0 580.0 660.0 700.0 700.0 640.0 620.0 700.0 220.0 140.0 560.0 700.0 580.0 660.0 660.0 720.0 680.0 660.0 660.0 700.0 740.0 660.0 140.0 620.0 680.0 680.0 140.0 680.0 580.0 160.0 680.0 660.0 740.0 680.0 600.0 680.0 740.0 680.0 680.0 620.0 620.0 600.0 140.0 660.0
0.0 620.0 640.0 660.0 580.0 640.0 660.0 680.0 620.0 620.0 620.0 720.0 620.0 140.0 640.0 580.0 660.0 640.0 680.0 160.0 620.0 140.0 640.0 100.0 660.0 660.0 680.0 680.0 580.0 0.0 680.0 120.0 120.0 620.0 640.0 640.0 620.0 600.0 620.0 560.0 680.0 640.0 640.0 660.0 640.0 120.0 620.0 660.0 620.0 680.0 640.0 680.0 640.0 180.0 620.0 660.0 640.0 600.0 120.0 640.0 640.0 640.0 640.0 620.0 660.0 680.0 620.0 640.0 640.0 100.0 600.0 640.0 700.0 680.0 620.0 160.0 660.0 700.0 620.0 660.0 140.0 620.0 660.0 600.0 680.0 640.0 700.0 40.0 560.0 680.0 660.0 640.0 680.0 740.0 580.0 160.0 580.0 640.0 120.0 620.0 580.0
0.0 660.0 680.0 660.0 640.0 620.0 640.0 580.0 660.0 600.0 160.0 720.0 680.0 660.0 560.0 640.0 180.0 640.0 180.0 660.0 640.0 640.0 680.0 640.0 740.0 200.0 640.0 680.0 580.0 680.0 0.0 640.0 620.0 640.0 620.0 680.0 640.0 120.0 600.0 660.0 700.0 160.0 660.0 640.0 160.0 640.0 580.0 640.0 720.0 680.0 620.0 680.0 660.0 540.0 200.0 640.0 160.0 160.0 620.0 660.0 700.0 640.0 680.0 660.0 700.0 680.0 640.0 640.0 220.0 600.0 640.0 700.0 700.0 700.0 640.0 660.0 660.0 720.0 120.0 700.0 660.0 640.0 680.0 600.0 580.0 140.0 720.0 700.0 660.0 100.0 680.0 120.0 620.0 180.0 560.0 580.0 640.0 660.0 620.0 700.0 700.0
0.0 620.0 640.0 600.0 620.0 620.0 560.0 660.0 620.0 580.0 600.0 700.0 620.0 140.0 660.0 540.0 640.0 600.0 640.0 120.0 600.0 120.0 580.0 80.0 640.0 640.0 660.0 680.0 640.0 160.0 680.0 0.0 100.0 580.0 600.0 600.0 600.0 640.0 560.0 560.0 640.0 640.0 620.0 600.0 620.0 100.0 600.0 640.0 640.0 640.0 640.0 680.0 600.0 160.0 640.0 540.0 560.0 580.0 80.0 600.0 680.0 640.0 620.0 580.0 660.0 660.0 660.0 660.0 660.0 80.0 580.0 620.0 620.0 620.0 540.0 120.0 660.0 740.0 640.0 640.0 80.0 640.0 640.0 600.0 580.0 600.0 700.0 200.0 600.0 720.0 640.0 620.0 660.0 680.0 640.0 100.0 560.0 620.0 100.0 620.0 620.0
0.0 660.0 680.0 680.0 640.0 680.0 600.0 640.0 660.0 660.0 700.0 600.0 640.0 180.0 660.0 660.0 680.0 640.0 600.0 160.0 620.0 100.0 700.0 180.0 680.0 680.0 680.0 680.0 660.0 180.0 640.0 140.0 0.0 640.0 680.0 660.0 640.0 660.0 680.0 600.0 740.0 680.0 680.0 600.0 640.0 140.0 620.0 680.0 680.0 640.0 620.0 660.0 640.0 140.0 680.0 660.0 600.0 660.0 80.0 640.0 640.0 680.0 640.0 640.0 680.0 580.0 700.0 680.0 700.0 100.0 680.0 660.0 660.0 660.0 680.0 80.0 660.0 680.0 660.0 660.0 120.0 680.0 680.0 660.0 620.0 600.0 700.0 220.0 700.0 680.0 580.0 640.0 660.0 640.0 680.0 120.0 660.0 660.0 120.0 660.0 660.0
0.0 540.0 640.0 620.0 580.0 540.0 80.0 620.0 40.0 560.0 580.0 640.0 120.0 620.0 120.0 580.0 620.0 520.0 560.0 540.0 80.0 560.0 620.0 560.0 160.0 580.0 640.0 640.0 620.0 600.0 620.0 580.0 580.0 0.0 640.0 620.0 80.0 600.0 540.0 100.0 640.0 600.0 140.0 560.0 540.0 580.0 580.0 620.0 160.0 600.0 580.0 100.0 560.0 580.0 640.0 620.0 580.0 560.0 540.0 40.0 580.0 660.0 560.0 600.0 580.0 600.0 640.0 580.0 640.0 540.0 80.0 640.0 140.0 600.0 620.0 540.0 620.0 700.0 580.0 620.0 540.0 140.0 540.0 520.0 580.0 560.0 660.0 640.0 580.0 640.0 560.0 620.0 640.0 640.0 640.0 580.0 40.0 540.0 540.0 640.0 640.0
0.0 640.0 700.0 120.0 140.0 160.0 620.0 560.0 640.0 660.0 680.0 680.0 700.0 680.0 600.0 140.0 660.0 620.0 660.0 640.0 580.0 680.0 700.0 660.0 700.0 660.0 160.0 700.0 120.0 640.0 660.0 680.0 680.0 640.0 0.0 580.0 680.0 660.0 120.0 620.0 660.0 680.0 680.0 520.0 580.0 680.0 620.0 640.0 660.0 100.0 160.0 700.0 600.0 560.0 680.0 180.0 620.0 640.0 640.0 640.0 660.0 660.0 600.0 640.0 680.0 200.0 200.0 640.0 700.0 640.0 660.0 680.0 680.0 680.0 680.0 640.0 700.0 720.0 660.0 120.0 540.0 680.0 660.0 140.0 620.0 660.0 180.0 680.0 680.0 640.0 660.0 600.0 680.0 720.0 580.0 620.0 640.0 640.0 600.0 180.0 680.0
0.0 640.0 620.0 540.0 560.0 640.0 540.0 120.0 640.0 600.0 620.0 200.0 620.0 600.0 640.0 600.0 640.0 140.0 580.0 640.0 600.0 600.0 640.0 600.0 620.0 620.0 580.0 660.0 680.0 600.0 660.0 640.0 620.0 600.0 640.0 0.0 640.0 600.0 580.0 540.0 660.0 600.0 620.0 140.0 600.0 600.0 580.0 660.0 620.0 620.0 640.0 640.0 620.0 640.0 640.0 580.0 540.0 620.0 580.0 580.0 140.0 160.0 120.0 100.0 160.0 680.0 640.0 160.0 660.0 560.0 600.0 120.0 600.0 100.0 640.0 640.0 660.0 680.0 620.0 640.0 640.0 620.0 640.0 560.0 60.0 580.0 680.0 640.0 620.0 680.0 660.0 600.0 660.0 660.0 160.0 580.0 600.0 140.0 520.0 600.0 600.0
0.0 540.0 640.0 600.0 580.0 540.0 60.0 620.0 40.0 560.0 580.0 640.0 120.0 620.0 100.0 540.0 540.0 520.0 560.0 540.0 80.0 580.0 580.0 560.0 160.0 580.0 580.0 600.0 560.0 580.0 620.0 500.0 580.0 20.0 580.0 600.0 0.0 600.0 540.0 80.0 640.0 600.0 80.0 560.0 560.0 500.0 520.0 620.0 160.0 600.0 580.0 100.0 560.0 580.0 640.0 540.0 560.0 560.0 540.0 40.0 580.0 640.0 560.0 580.0 580.0 600.0 640.0 580.0 580.0 540.0 80.0 620.0 120.0 580.0 540.0 540.0 560.0 680.0 580.0 620.0 540.0 80.0 540.0 520.0 580.0 560.0 660.0 620.0 580.0 640.0 560.0 560.0 600.0 640.0 560.0 580.0 40.0 540.0 540.0 620.0 620.0
0.0 600.0 700.0 600.0 640.0 620.0 620.0 600.0 600.0 640.0 140.0 640.0 680.0 640.0 640.0 580.0 120.0 600.0 140.0 600.0 620.0 640.0 680.0 620.0 700.0 100.0 640.0 680.0 660.0 680.0 180.0 600.0 620.0 580.0 620.0 580.0 620.0 0.0 620.0 620.0 680.0 140.0 660.0 620.0 120.0 640.0 580.0 680.0 640.0 680.0 660.0 660.0 640.0 640.0 220.0 640.0 120.0 100.0 620.0 600.0 660.0 640.0 640.0 660.0 660.0 660.0 540.0 660.0 180.0 600.0 620.0 660.0 660.0 660.0 640.0 600.0 640.0 740.0 60.0 680.0 600.0 640.0 620.0 600.0 640.0 140.0 720.0 700.0 560.0 200.0 620.0 120.0 580.0 220.0 640.0 620.0 580.0 600.0 600.0 680.0 680.0
0.0 620.0 700.0 160.0 160.0 140.0 640.0 700.0 620.0 640.0 660.0 740.0 700.0 700.0 680.0 140.0 640.0 600.0 640.0 620.0 640.0 620.0 680.0 660.0 740.0 680.0 180.0 700.0 140.0 660.0 700.0 600.0 660.0 600.0 160.0 660.0 600.0 680.0 0.0 660.0 720.0 680.0 660.0 640.0 640.0 600.0 600.0 720.0 720.0 180.0 120.0 680.0 640.0 660.0 680.0 140.0 660.0 640.0 600.0 620.0 680.0 720.0 640.0 640.0 660.0 180.0 220.0 680.0 680.0 620.0 660.0 720.0 700.0 660.0 600.0 620.0 660.0 740.0 660.0 200.0 620.0 660.0 640.0 120.0 660.0 620.0 240.0 700.0 680.0 700.0 640.0 640.0 700.0 720.0 640.0 620.0 620.0 620.0 640.0 180.0 680.0
0.0 580.0 580.0 620.0 640.0 600.0 120.0 660.0 100.0 560.0 640.0 720.0 80.0 620.0 120.0 620.0 640.0 580.0 620.0 600.0 140.0 620.0 620.0 640.0 140.0 640.0 660.0 680.0 680.0 660.0 620.0 620.0 640.0 80.0 640.0 580.0 160.0 580.0 600.0 0.0 700.0 620.0 80.0 620.0 620.0 640.0 640.0 680.0 100.0 660.0 640.0 160.0 620.0 640.0 580.0 640.0 620.0 620.0 600.0 100.0 640.0 620.0 620.0 560.0 640.0 660.0 600.0 640.0 680.0 600.0 140.0 620.0 180.0 660.0 600.0 600.0 640.0 740.0 580.0 640.0 600.0 100.0 620.0 580.0 640.0 620.0 640.0 700.0 640.0 640.0 620.0 580.0 640.0 700.0 640.0 640.0 100.0 600.0 600.0 560.0 560.0
0.0 140.0 140.0 660.0 640.0 640.0 640.0 640.0 640.0 120.0 540.0 700.0 620.0 660.0 620.0 560.0 660.0 620.0 640.0 640.0 580.0 580.0 160.0 600.0 580.0 520.0 680.0 180.0 640.0 620.0 660.0 620.0 620.0 600.0 680.0 640.0 620.0 640.0 640.0 560.0 0.0 620.0 640.0 660.0 600.0 620.0 120.0 160.0 580.0 680.0 680.0 640.0 120.0 580.0 640.0 660.0 640.0 580.0 600.0 640.0 680.0 620.0 620.0 600.0 680.0 680.0 620.0 660.0 620.0 580.0 540.0 660.0 700.0 660.0 140.0 640.0 120.0 220.0 600.0 640.0 620.0 640.0 140.0 640.0 660.0 560.0 560.0 660.0 60.0 640.0 160.0 640.0 160.0 740.0 620.0 660.0 580.0 640.0 620.0 600.0 120.0
0.0 540.0 660.0 560.0 600.0 560.0 580.0 640.0 540.0 580.0 100.0 660.0 620.0 640.0 620.0 600.0 140.0 540.0 80.0 560.0 600.0 560.0 640.0 580.0 660.0 40.0 620.0 640.0 640.0 620.0 140.0 600.0 600.0 520.0 640.0 540.0 600.0 120.0 560.0 580.0 640.0 0.0 560.0 580.0 80.0 600.0 600.0 640.0 660.0 620.0 600.0 600.0 560.0 580.0 160.0 600.0 80.0 80.0 560.0 560.0 600.0 640.0 580.0 520.0 600.0 620.0 640.0 600.0 140.0 540.0 580.0 640.0 640.0 540.0 620.0 560.0 640.0 720.0 100.0 600.0 540.0 660.0 560.0 540.0 580.0 80.0 680.0 660.0 600.0 100.0 580.0 140.0 640.0 180.0 640.0 600.0 560.0 540.0 560.0 640.0 640.0
0.0 580.0 680.0 660.0 620.0 600.0 140.0 660.0 80.0 620.0 640.0 700.0 160.0 660.0 160.0 600.0 680.0 580.0 600.0 580.0 140.0 620.0 660.0 620.0 200.0 640.0 700.0 680.0 680.0 660.0 660.0 640.0 640.0 60.0 680.0 660.0 140.0 660.0 600.0 140.0 680.0 660.0 0.0 600.0 600.0 640.0 640.0 680.0 200.0 640.0 640.0 140.0 600.0 620.0 700.0 680.0 640.0 600.0 580.0 100.0 640.0 620.0 620.0 640.0 640.0 640.0 680.0 640.0 680.0 580.0 120.0 680.0 180.0 660.0 680.0 580.0 680.0 740.0 620.0 680.0 580.0 200.0 600.0 580.0 620.0 600.0 700.0 680.0 640.0 680.0 600.0 660.0 680.0 700.0 680.0 640.0 100.0 580.0 580.0 680.0 680.0
0.0 620.0 720.0 680.0 660.0 640.0 680.0 60.0 620.0 660.0 680.0 220.0 700.0 680.0 600.0 620.0 660.0 120.0 680.0 640.0 660.0 660.0 720.0 660.0 700.0 660.0 680.0 720.0 680.0 660.0 640.0 660.0 660.0 620.0 620.0 160.0 660.0 660.0 620.0 680.0 640.0 680.0 660.0 0.0 660.0 680.0 620.0 640.0 720.0 580.0 680.0 680.0 640.0 660.0 740.0 700.0 680.0 640.0 640.0 640.0 180.0 160.0 100.0 140.0 180.0 680.0 680.0 180.0 700.0 620.0 660.0 220.0 720.0 180.0 680.0 640.0 700.0 720.0 680.0 680.0 540.0 680.0 640.0 620.0 120.0 660.0 680.0 680.0 680.0 740.0 660.0 600.0 660.0 700.0 180.0 620.0 620.0 140.0 640.0 680.0 700.0
0.0 540.0 620.0 600.0 580.0 560.0 540.0 640.0 540.0 600.0 100.0 600.0 620.0 620.0 640.0 540.0 140.0 600.0 120.0 620.0 580.0 620.0 640.0 580.0 620.0 120.0 640.0 640.0 640.0 620.0 80.0 580.0 580.0 580.0 640.0 620.0 580.0 120.0 600.0 540.0 620.0 120.0 620.0 640.0 0.0 580.0 580.0 640.0 620.0 680.0 640.0 640.0 520.0 600.0 100.0 640.0 60.0 80.0 600.0 580.0 600.0 660.0 520.0 600.0 600.0 660.0 640.0 560.0 160.0 600.0 580.0 600.0 600.0 600.0 640.0 620.0 640.0 740.0 120.0 640.0 600.0 620.0 640.0 600.0 560.0 120.0 680.0 660.0 600.0 160.0 640.0 100.0 660.0 160.0 620.0 580.0 540.0 620.0 560.0 600.0 600.0
0.0 620.0 660.0 580.0 600.0 540.0 600.0 620.0 620.0 640.0 620.0 680.0 640.0 160.0 580.0 580.0 540.0 600.0 640.0 120.0 580.0 140.0 660.0 100.0 680.0 660.0 580.0 600.0 580.0 160.0 620.0 100.0 120.0 600.0 580.0 640.0 600.0 640.0 600.0 600.0 680.0 640.0 600.0 580.0 600.0 0.0 520.0 660.0 680.0 620.0 600.0 680.0 580.0 140.0 680.0 640.0 600.0 580.0 100.0 620.0 680.0 640.0 620.0 620.0 660.0 620.0 660.0 620.0 580.0 100.0 600.0 620.0 660.0 580.0 580.0 120.0 560.0 680.0 620.0 640.0 100.0 580.0 640.0 620.0 620.0 620.0 640.0 140.0 620.0 640.0 580.0 540.0 600.0 680.0 560.0 120.0 580.0 620.0 100.0 620.0 660.0
0.0 140.0 140.0 580.0 600.0 620.0 580.0 620.0 640.0 120.0 640.0 720.0 660.0 640.0 580.0 620.0 600.0 640.0 640.0 640.0 640.0 640.0 180.0 640.0 680.0 680.0 560.0 100.0 640.0 680.0 700.0 640.0 660.0 620.0 560.0 640.0 640.0 660.0 580.0 600.0 220.0 640.0 580.0 580.0 640.0 640.0 0.0 160.0 680.0 620.0 640.0 680.0 140.0 620.0 680.0 640.0 600.0 640.0 600.0 620.0 680.0 680.0 660.0 600.0 680.0 680.0 680.0 660.0 640.0 580.0 620.0 660.0 640.0 620.0 80.0 640.0 180.0 260.0 660.0 680.0 600.0 560.0 160.0 600.0 620.0 620.0 700.0 640.0 140.0 680.0 140.0 540.0 100.0 700.0 600.0 620.0 620.0 640.0 620.0 620.0 140.0
0.0 80.0 160.0 600.0 620.0 580.0 600.0 660.0 580.0 120.0 620.0 680.0 660.0 660.0 660.0 640.0 660.0 560.0 600.0 580.0 620.0 620.0 160.0 620.0 660.0 640.0 640.0 180.0 540.0 660.0 660.0 640.0 620.0 560.0 680.0 580.0 640.0 640.0 580.0 620.0 180.0 640.0 580.0 600.0 600.0 640.0 140.0 0.0 700.0 660.0 620.0 640.0 100.0 620.0 660.0 640.0 600.0 600.0 580.0 580.0 640.0 660.0 600.0 540.0 620.0 640.0 680.0 600.0 660.0 580.0 620.0 680.0 660.0 640.0 180.0 580.0 180.0 240.0 620.0 620.0 580.0 680.0 100.0 580.0 620.0 600.0 640.0 680.0 140.0 680.0 100.0 640.0 180.0 700.0 680.0 620.0 580.0 580.0 600.0 660.0 160.0
0.0 620.0 640.0 600.0 640.0 580.0 100.0 660.0 120.0 620.0 560.0 660.0 140.0 640.0 140.0 560.0 640.0 620.0 660.0 640.0 60.0 600.0 660.0 540.0 160.0 620.0 680.0 680.0 640.0 680.0 640.0 600.0 560.0 100.0 660.0 640.0 100.0 620.0 640.0 60.0 620.0 640.0 100.0 640.0 580.0 600.0 600.0 600.0 0.0 640.0 660.0 160.0 580.0 660.0 640.0 640.0 600.0 580.0 580.0 100.0 640.0 600.0 580.0 620.0 680.0 620.0 640.0 640.0 640.0 600.0 60.0 660.0 160.0 660.0 640.0 620.0 540.0 660.0 620.0 600.0 620.0 140.0 620.0 620.0 640.0 600.0 660.0 700.0 540.0 700.0 640.0 640.0 680.0 700.0 660.0 640.0 60.0 620.0 620.0 620.0 600.0
0.0 580.0 700.0 100.0 120.0 80.0 600.0 620.0 580.0 620.0 620.0 640.0 660.0 660.0 520.0 80.0 640.0 580.0 600.0 580.0 620.0 620.0 660.0 600.0 700.0 640.0 140.0 680.0 100.0 640.0 600.0 600.0 620.0 560.0 120.0 580.0 600.0 640.0 100.0 620.0 660.0 640.0 600.0 600.0 600.0 600.0 580.0 560.0 680.0 0.0 140.0 640.0 560.0 620.0 660.0 140.0 620.0 580.0 600.0 580.0 640.0 660.0 540.0 540.0 620.0 140.0 180.0 640.0 660.0 580.0 600.0 640.0 660.0 640.0 640.0 580.0 660.0 740.0 620.0 140.0 580.0 640.0 600.0 80.0 620.0 620.0 200.0 680.0 620.0 680.0 600.0 620.0 600.0 700.0 640.0 640.0 580.0 580.0 580.0 180.0 620.0
0.0 600.0 640.0 100.0 120.0 120.0 580.0 620.0 600.0 640.0 640.0 640.0 660.0 640.0 580.0 120.0 600.0 580.0 640.0 600.0 640.0 640.0 660.0 640.0 620.0 640.0 80.0 600.0 140.0 640.0 660.0 620.0 640.0 620.0 80.0 640.0 640.0 640.0 100.0 580.0 700.0 660.0 600.0 580.0 640.0 640.0 520.0 640.0 680.0 120.0 0.0 640.0 640.0 640.0 580.0 140.0 580.0 640.0 620.0 600.0 600.0 640.0 640.0 620.0 640.0 160.0 180.0 640.0 640.0 600.0 640.0 660.0 640.0 620.0 580.0 600.0 600.0 720.0 580.0 180.0 600.0 580.0 620.0 100.0 600.0 620.0 200.0 640.0 660.0 580.0 620.0 540.0 600.0 600.0 600.0 520.0 620.0 620.0 620.0 140.0 640.0
0.0 620.0 680.0 640.0 600.0 640.0 140.0 640.0 140.0 640.0 680.0 700.0 100.0 660.0 140.0 620.0 700.0 620.0 640.0 640.0 100.0 560.0 660.0 660.0 140.0 680.0 700.0 680.0 680.0 640.0 660.0 660.0 680.0 100.0 660.0 620.0 180.0 700.0 640.0 140.0 720.0 660.0 140.0 640.0 600.0 660.0 660.0 660.0 200.0 600.0 680.0 0.0 600.0 660.0 680.0 620.0 640.0 660.0 540.0 140.0 660.0 640.0 620.0 600.0 680.0 680.0 720.0 660.0 680.0 560.0 160.0 660.0 180.0 680.0 620.0 640.0 620.0 740.0 680.0 640.0 620.0 220.0 640.0 620.0 660.0 560.0 620.0 680.0 660.0 720.0 640.0 680.0 660.0 740.0 660.0 660.0 140.0 620.0 580.0 700.0 680.0
0.0 180.0 200.0 600.0 660.0 620.0 600.0 720.0 680.0 180.0 660.0 600.0 680.0 700.0 660.0 660.0 680.0 680.0 680.0 680.0 620.0 680.0 200.0 680.0 700.0 620.0 700.0 220.0 720.0 680.0 700.0 620.0 700.0 660.0 660.0 640.0 660.0 680.0 640.0 620.0 120.0 700.0 660.0 660.0 640.0 680.0 140.0 220.0 680.0 740.0 700.0 640.0 0.0 680.0 700.0 660.0 620.0 640.0 680.0 640.0 700.0 680.0 640.0 660.0 720.0 740.0 700.0 680.0 720.0 660.0 640.0 600.0 660.0 680.0 180.0 680.0 200.0 260.0 680.0 660.0 640.0 700.0 160.0 680.0 640.0 680.0 680.0 700.0 180.0 740.0 200.0 620.0 240.0 720.0 680.0 640.0 660.0 640.0 660.0 680.0 180.0
0.0 640.0 700.0 640.0 620.0 600.0 660.0 680.0 640.0 660.0 620.0 720.0 660.0 160.0 540.0 640.0 640.0 620.0 640.0 140.0 620.0 120.0 640.0 100.0 740.0 680.0 640.0 680.0 620.0 160.0 680.0 120.0 120.0 600.0 640.0 660.0 600.0 680.0 580.0 640.0 680.0 660.0 680.0 660.0 640.0 120.0 600.0 620.0 700.0 640.0 680.0 700.0 640.0 0.0 720.0 640.0 660.0 660.0 100.0 640.0 700.0 660.0 640.0 640.0 680.0 680.0 700.0 660.0 680.0 80.0 600.0 680.0 680.0 680.0 620.0 140.0 660.0 740.0 680.0 660.0 140.0 660.0 660.0 560.0 680.0 600.0 700.0 200.0 640.0 580.0 660.0 600.0 680.0 740.0 660.0 180.0 640.0 640.0 100.0 680.0 680.0
0.0 600.0 620.0 620.0 640.0 600.0 620.0 680.0 580.0 600.0 140.0 700.0 620.0 660.0 680.0 640.0 140.0 580.0 120.0 600.0 640.0 640.0 660.0 620.0 560.0 160.0 660.0 680.0 660.0 580.0 180.0 640.0 640.0 560.0 660.0 580.0 640.0 140.0 580.0 560.0 700.0 160.0 580.0 620.0 120.0 600.0 600.0 680.0 660.0 680.0 640.0 600.0 620.0 640.0 0.0 640.0 40.0 120.0 600.0 600.0 660.0 680.0 620.0 560.0 640.0 660.0 660.0 640.0 100.0 580.0 620.0 660.0 680.0 660.0 580.0 600.0 660.0 740.0 140.0 640.0 600.0 560.0 620.0 580.0 640.0 140.0 680.0 620.0 640.0 200.0 620.0 140.0 680.0 220.0 640.0 640.0 600.0 600.0 600.0 600.0 600.0
0.0 580.0 600.0 140.0 120.0 100.0 520.0 620.0 580.0 560.0 560.0 660.0 580.0 600.0 620.0 20.0 600.0 580.0 600.0 580.0 560.0 600.0 540.0 540.0 600.0 600.0 120.0 640.0 100.0 620.0 640.0 560.0 560.0 560.0 60.0 600.0 560.0 580.0 100.0 520.0 600.0 600.0 600.0 560.0 580.0 560.0 560.0 600.0 600.0 140.0 120.0 640.0 560.0 620.0 600.0 0.0 520.0 540.0 600.0 560.0 640.0 620.0 580.0 580.0 640.0 120.0 120.0 620.0 620.0 580.0 540.0 640.0 580.0 580.0 600.0 580.0 620.0 720.0 580.0 100.0 560.0 600.0 600.0 80.0 540.0 580.0 160.0 660.0 560.0 680.0 600.0 580.0 620.0 640.0 600.0 560.0 520.0 580.0 580.0 80.0 580.0
0.0 620.0 600.0 640.0 640.0 640.0 640.0 680.0 620.0 580.0 180.0 720.0 600.0 640.0 640.0 640.0 160.0 620.0 140.0 600.0 660.0 640.0 640.0 660.0 580.0 160.0 680.0 640.0 700.0 620.0 140.0 640.0 680.0 600.0 660.0 620.0 680.0 100.0 640.0 540.0 720.0 140.0 600.0 640.0 140.0 640.0 640.0 640.0 620.0 680.0 660.0 640.0 640.0 660.0 120.0 680.0 0.0 160.0 620.0 600.0 680.0 640.0 660.0 600.0 660.0 660.0 640.0 680.0 120.0 620.0 660.0 640.0 700.0 680.0 620.0 600.0 660.0 740.0 100.0 600.0 620.0 620.0 620.0 620.0 660.0 140.0 640.0 660.0 660.0 180.0 620.0 120.0 660.0 220.0 680.0 660.0 640.0 620.0 620.0 580.0 580.0
0.0 560.0 640.0 620.0 600.0 560.0 580.0 580.0 540.0 580.0 60.0 620.0 620.0 640.0 620.0 560.0 80.0 540.0 100.0 560.0 560.0 580.0 600.0 540.0 660.0 120.0 600.0 640.0 580.0 600.0 140.0 520.0 560.0 540.0 600.0 640.0 520.0 120.0 560.0 560.0 600.0 140.0 600.0 580.0 80.0 540.0 540.0 600.0 660.0 640.0 600.0 620.0 540.0 600.0 120.0 560.0 100.0 0.0 560.0 560.0 620.0 620.0 580.0 600.0 600.0 620.0 640.0 600.0 120.0 560.0 540.0 620.0 640.0 600.0 580.0 560.0 580.0 700.0 100.0 600.0 540.0 600.0 580.0 540.0 600.0 100.0 660.0 640.0 560.0 160.0 580.0 80.0 640.0 180.0 580.0 600.0 560.0 560.0 580.0 620.0 620.0
0.0 580.0 680.0 600.0 580.0 600.0 580.0 600.0 580.0 620.0 640.0 660.0 600.0 120.0 580.0 580.0 680.0 580.0 600.0 100.0 540.0 40.0 640.0 120.0 660.0 640.0 660.0 680.0 640.0 100.0 640.0 140.0 140.0 560.0 620.0 580.0 640.0 660.0 600.0 600.0 680.0 620.0 600.0 600.0 560.0 140.0 620.0 620.0 640.0 560.0 640.0 640.0 560.0 140.0 660.0 580.0 600.0 620.0 0.0 600.0 640.0 660.0 580.0 560.0 640.0 660.0 680.0 620.0 640.0 20.0 620.0 620.0 640.0 640.0 600.0 100.0 640.0 740.0 640.0 600.0 100.0 680.0 600.0 580.0 620.0 520.0 620.0 140.0 620.0 680.0 620.0 640.0 660.0 700.0 640.0 140.0 600.0 580.0 40.0 660.0 640.0
0.0 580.0 660.0 640.0 620.0 600.0 80.0 680.0 80.0 620.0 620.0 640.0 120.0 640.0 180.0 580.0 660.0 640.0 640.0 660.0 120.0 640.0 680.0 600.0 160.0 560.0 660.0 680.0 660.0 660.0 600.0 620.0 620.0 120.0 660.0 660.0 120.0 640.0 620.0 80.0 660.0 640.0 160.0 660.0 540.0 620.0 600.0 660.0 160.0 700.0 660.0 160.0 540.0 640.0 640.0 660.0 580.0 600.0 640.0 0.0 640.0 660.0 540.0 640.0 640.0 680.0 660.0 580.0 680.0 620.0 120.0 640.0 140.0 640.0 660.0 660.0 680.0 740.0 640.0 660.0 640.0 160.0 600.0 620.0 600.0 640.0 700.0 700.0 640.0 700.0 680.0 640.0 680.0 680.0 660.0 600.0 80.0 640.0 580.0 640.0 620.0
0.0 640.0 680.0 640.0 640.0 560.0 640.0 120.0 640.0 660.0 600.0 200.0 640.0 660.0 600.0 560.0 640.0 120.0 660.0 640.0 600.0 600.0 660.0 600.0 680.0 660.0 620.0 540.0 660.0 680.0 640.0 600.0 600.0 600.0 640.0 160.0 600.0 660.0 640.0 620.0 660.0 660.0 680.0 140.0 620.0 620.0 600.0 640.0 680.0 580.0 660.0 540.0 620.0 600.0 700.0 640.0 640.0 580.0 580.0 640.0 0.0 180.0 120.0 140.0 180.0 680.0 620.0 180.0 680.0 600.0 600.0 160.0 700.0 180.0 660.0 640.0 660.0 700.0 640.0 660.0 620.0 660.0 660.0 640.0 120.0 600.0 660.0 680.0 620.0 660.0 660.0 640.0 600.0 700.0 160.0 620.0 560.0 140.0 620.0 660.0 660.0
0.0 600.0 640.0 620.0 640.0 600.0 580.0 140.0 600.0 620.0 640.0 160.0 640.0 660.0 620.0 600.0 600.0 160.0 660.0 640.0 640.0 660.0 680.0 620.0 680.0 680.0 640.0 680.0 620.0 660.0 540.0 580.0 640.0 640.0 620.0 100.0 640.0 640.0 620.0 560.0 680.0 680.0 640.0 120.0 560.0 580.0 580.0 640.0 660.0 680.0 640.0 680.0 560.0 580.0 640.0 640.0 600.0 620.0 640.0 620.0 160.0 0.0 80.0 140.0 140.0 660.0 660.0 120.0 600.0 640.0 620.0 160.0 640.0 140.0 620.0 640.0 580.0 740.0 640.0 600.0 640.0 620.0 640.0 640.0 120.0 660.0 680.0 680.0 640.0 600.0 620.0 620.0 660.0 700.0 100.0 620.0 600.0 160.0 620.0 620.0 620.0
0.0 540.0 660.0 620.0 580.0 560.0 620.0 140.0 540.0 640.0 580.0 180.0 640.0 620.0 620.0 540.0 620.0 100.0 600.0 600.0 580.0 620.0 640.0 560.0 680.0 640.0 660.0 640.0 620.0 620.0 560.0 580.0 580.0 580.0 640.0 140.0 580.0 620.0 600.0 580.0 640.0 600.0 640.0 140.0 600.0 580.0 580.0 620.0 640.0 660.0 640.0 640.0 580.0 580.0 660.0 620.0 640.0 560.0 600.0 600.0 100.0 160.0 0.0 120.0 100.0 640.0 640.0 160.0 640.0 580.0 560.0 140.0 680.0 140.0 620.0 600.0 640.0 740.0 640.0 620.0 580.0 660.0 620.0 580.0 140.0 620.0 680.0 640.0 580.0 660.0 620.0 620.0 680.0 720.0 120.0 640.0 540.0 100.0 540.0 640.0 640.0
0.0 540.0 640.0 560.0 580.0 540.0 560.0 120.0 540.0 560.0 580.0 160.0 620.0 620.0 620.0 580.0 620.0 40.0 560.0 540.0 580.0 580.0 620.0 560.0 640.0 580.0 600.0 640.0 640.0 620.0 620.0 580.0 580.0 520.0 640.0 40.0 580.0 600.0 540.0 560.0 640.0 600.0 540.0 60.0 560.0 580.0 580.0 620.0 660.0 620.0 580.0 600.0 560.0 580.0 640.0 580.0 560.0 560.0 540.0 540.0 100.0 120.0 80.0 0.0 100.0 600.0 640.0 100.0 620.0 540.0 580.0 140.0 620.0 120.0 640.0 540.0 620.0 700.0 580.0 580.0 540.0 640.0 560.0 540.0 80.0 560.0 680.0 640.0 600.0 640.0 560.0 620.0 640.0 660.0 140.0 580.0 540.0 40.0 560.0 620.0 620.0
0.0 640.0 660.0 660.0 620.0 640.0 660.0 200.0 640.0 640.0 640.0 140.0 640.0 620.0 660.0 600.0 640.0 140.0 660.0 620.0 640.0 620.0 660.0 620.0 680.0 640.0 660.0 680.0 620.0 540.0 700.0 640.0 640.0 620.0 660.0 140.0 640.0 620.0 600.0 580.0 680.0 600.0 660.0 140.0 640.0 600.0 600.0 680.0 640.0 660.0 660.0 680.0 620.0 680.0 640.0 680.0 660.0 620.0 600.0 620.0 140.0 160.0 160.0 120.0 0.0 680.0 660.0 160.0 660.0 580.0 620.0 140.0 600.0 100.0 640.0 620.0 660.0 720.0 640.0 680.0 640.0 640.0 640.0 580.0 100.0 620.0 680.0 560.0 580.0 680.0 640.0 640.0 680.0 680.0 120.0 600.0 600.0 140.0 600.0 640.0 600.0
0.0 600.0 700.0 160.0 140.0 100.0 620.0 660.0 580.0 620.0 640.0 700.0 680.0 680.0 640.0 120.0 600.0 580.0 620.0 600.0 640.0 640.0 640.0 620.0 640.0 640.0 140.0 680.0 120.0 640.0 580.0 560.0 640.0 560.0 140.0 680.0 560.0 660.0 120.0 620.0 700.0 660.0 640.0 620.0 620.0 580.0 580.0 680.0 640.0 180.0 140.0 640.0 620.0 600.0 700.0 120.0 620.0 620.0 600.0 600.0 660.0 700.0 620.0 640.0 640.0 0.0 180.0 640.0 640.0 580.0 620.0 580.0 620.0 620.0 620.0 600.0 600.0 620.0 640.0 200.0 600.0 640.0 620.0 100.0 640.0 620.0 220.0 680.0 640.0 660.0 620.0 620.0 680.0 720.0 620.0 640.0 600.0 600.0 620.0 180.0 680.0
0.0 640.0 700.0 140.0 160.0 160.0 620.0 580.0 640.0 660.0 620.0 720.0 680.0 600.0 620.0 80.0 600.0 640.0 680.0 640.0 620.0 640.0 640.0 600.0 700.0 640.0 120.0 640.0 140.0 660.0 680.0 560.0 620.0 620.0 100.0 640.0 620.0 680.0 140.0 640.0 680.0 620.0 640.0 600.0 640.0 620.0 560.0 660.0 620.0 180.0 160.0 640.0 620.0 640.0 700.0 120.0 620.0 600.0 620.0 640.0 700.0 620.0 640.0 620.0 700.0 180.0 0.0 680.0 640.0 640.0 600.0 680.0 640.0 620.0 620.0 640.0 640.0 740.0 520.0 180.0 620.0 620.0 660.0 140.0 640.0 640.0 200.0 680.0 560.0 700.0 640.0 580.0 560.0 680.0 600.0 600.0 580.0 640.0 640.0 180.0 680.0
0.0 660.0 660.0 660.0 680.0 640.0 660.0 160.0 660.0 640.0 680.0 200.0 700.0 680.0 600.0 640.0 620.0 140.0 660.0 660.0 680.0 680.0 720.0 660.0 740.0 640.0 700.0 640.0 640.0 720.0 720.0 640.0 640.0 640.0 620.0 140.0 660.0 560.0 660.0 680.0 720.0 680.0 720.0 140.0 680.0 660.0 640.0 660.0 640.0 700.0 680.0 700.0 660.0 680.0 740.0 680.0 680.0 660.0 660.0 660.0 220.0 180.0 180.0 180.0 200.0 680.0 580.0 0.0 660.0 640.0 660.0 160.0 720.0 140.0 680.0 660.0 680.0 740.0 600.0 720.0 660.0 700.0 680.0 640.0 200.0 680.0 720.0 740.0 620.0 740.0 640.0 560.0 640.0 740.0 140.0 680.0 640.0 160.0 660.0 640.0 720.0
0.0 620.0 660.0 600.0 620.0 560.0 600.0 620.0 620.0 580.0 100.0 660.0 620.0 620.0 600.0 600.0 60.0 620.0 140.0 540.0 600.0 580.0 660.0 620.0 680.0 100.0 580.0 620.0 580.0 660.0 140.0 600.0 640.0 600.0 580.0 640.0 600.0 140.0 620.0 620.0 680.0 140.0 600.0 560.0 80.0 520.0 520.0 660.0 700.0 620.0 580.0 600.0 580.0 600.0 160.0 640.0 120.0 100.0 560.0 540.0 680.0 640.0 580.0 600.0 680.0 600.0 660.0 640.0 0.0 560.0 580.0 640.0 660.0 580.0 600.0 540.0 580.0 680.0 140.0 640.0 600.0 580.0 560.0 620.0 640.0 80.0 660.0 660.0 600.0 160.0 560.0 60.0 620.0 160.0 560.0 600.0 600.0 640.0 580.0 640.0 660.0
0.0 600.0 680.0 600.0 560.0 620.0 600.0 620.0 600.0 640.0 620.0 680.0 600.0 100.0 600.0 600.0 680.0 600.0 580.0 120.0 560.0 60.0 640.0 100.0 680.0 640.0 680.0 680.0 660.0 100.0 640.0 160.0 120.0 580.0 640.0 600.0 660.0 680.0 580.0 600.0 660.0 600.0 620.0 620.0 580.0 160.0 620.0 640.0 660.0 580.0 620.0 660.0 580.0 140.0 660.0 600.0 600.0 640.0 20.0 620.0 640.0 640.0 580.0 580.0 640.0 660.0 680.0 640.0 660.0 0.0 600.0 600.0 660.0 620.0 620.0 120.0 640.0 740.0 640.0 600.0 100.0 680.0 620.0 560.0 620.0 540.0 640.0 140.0 620.0 680.0 640.0 640.0 660.0 720.0 640.0 140.0 620.0 600.0 40.0 660.0 660.0
0.0 620.0 600.0 640.0 620.0 620.0 140.0 640.0 120.0 580.0 520.0 680.0 100.0 640.0 120.0 540.0 620.0 600.0 640.0 620.0 100.0 620.0 640.0 580.0 140.0 640.0 660.0 660.0 640.0 660.0 640.0 580.0 580.0 100.0 640.0 620.0 100.0 600.0 620.0 40.0 640.0 640.0 120.0 640.0 600.0 580.0 600.0 640.0 140.0 680.0 660.0 180.0 600.0 640.0 620.0 620.0 640.0 560.0 620.0 120.0 680.0 600.0 620.0 600.0 660.0 640.0 640.0 660.0 660.0 600.0 0.0 640.0 200.0 660.0 620.0 620.0 640.0 740.0 600.0 640.0 600.0 120.0 620.0 600.0 620.0 640.0 660.0 700.0 540.0 680.0 640.0 600.0 660.0 720.0 640.0 620.0 60.0 620.0 620.0 580.0 580.0
0.0 620.0 640.0 640.0 620.0 520.0 620.0 160.0 620.0 620.0 620.0 180.0 640.0 660.0 560.0 580.0 580.0 140.0 580.0 640.0 580.0 620.0 660.0 600.0 680.0 680.0 660.0 680.0 620.0 580.0 600.0 620.0 620.0 620.0 660.0 120.0 620.0 660.0 560.0 600.0 680.0 660.0 660.0 160.0 580.0 620.0 600.0 640.0 680.0 640.0 620.0 560.0 600.0 640.0 680.0 660.0 620.0 600.0 580.0 640.0 160.0 180.0 100.0 140.0 180.0 660.0 680.0 140.0 640.0 580.0 600.0 0.0 680.0 120.0 640.0 640.0 660.0 740.0 600.0 620.0 620.0 660.0 660.0 620.0 160.0 600.0 660.0 620.0 620.0 700.0 620.0 540.0 640.0 720.0 100.0 620.0 580.0 140.0 580.0 620.0 640.0
0.0 620.0 660.0 600.0 620.0 540.0 100.0 640.0 120.0 620.0 580.0 620.0 140.0 660.0 100.0 580.0 540.0 600.0 640.0 580.0 80.0 560.0 660.0 580.0 200.0 560.0 580.0 620.0 580.0 640.0 620.0 580.0 580.0 100.0 580.0 620.0 100.0 640.0 600.0 100.0 640.0 640.0 120.0 580.0 600.0 520.0 520.0 640.0 40.0 640.0 620.0 140.0 520.0 640.0 680.0 640.0 620.0 560.0 600.0 100.0 660.0 640.0 600.0 600.0 660.0 620.0 660.0 640.0 600.0 600.0 80.0 620.0 0.0 520.0 600.0 600.0 580.0 680.0 620.0 620.0 600.0 100.0 600.0 600.0 640.0 560.0 660.0 640.0 580.0 660.0 580.0 560.0 620.0 660.0 560.0 620.0 100.0 620.0 620.0 640.0 640.0
0.0 600.0 660.0 600.0 640.0 560.0 600.0 140.0 600.0 620.0 580.0 120.0 640.0 660.0 640.0 600.0 620.0 100.0 620.0 580.0 580.0 560.0 660.0 560.0 700.0 640.0 660.0 680.0 620.0 640.0 640.0 580.0 580.0 580.0 660.0 120.0 580.0 640.0 620.0 580.0 640.0 680.0 640.0 120.0 580.0 580.0 600.0 620.0 680.0 660.0 640.0 640.0 520.0 640.0 660.0 620.0 620.0 560.0 600.0 580.0 160.0 160.0 100.0 100.0 160.0 640.0 660.0 140.0 640.0 600.0 560.0 120.0 660.0 0.0 620.0 580.0 640.0 740.0 660.0 620.0 600.0 660.0 600.0 600.0 140.0 560.0 680.0 660.0 580.0 700.0 600.0 640.0 680.0 660.0 140.0 640.0 600.0 120.0 620.0 640.0 640.0
0.0 80.0 160.0 560.0 580.0 580.0 580.0 640.0 560.0 100.0 620.0 680.0 600.0 620.0 620.0 620.0 640.0 560.0 600.0 580.0 580.0 560.0 160.0 600.0 660.0 620.0 640.0 180.0 660.0 600.0 660.0 600.0 600.0 540.0 640.0 560.0 600.0 600.0 520.0 580.0 180.0 620.0 580.0 600.0 580.0 600.0 120.0 160.0 640.0 600.0 620.0 620.0 100.0 600.0 620.0 620.0 580.0 600.0 540.0 580.0 620.0 660.0 600.0 540.0 620.0 640.0 640.0 620.0 640.0 520.0 600.0 620.0 620.0 640.0 0.0 580.0 160.0 240.0 620.0 620.0 540.0 620.0 100.0 560.0 600.0 560.0 660.0 640.0 140.0 680.0 100.0 640.0 180.0 680.0 660.0 600.0 580.0 560.0 540.0 640.0 100.0
0.0 580.0 680.0 620.0 580.0 600.0 600.0 580.0 600.0 640.0 640.0 620.0 580.0 120.0 600.0 600.0 640.0 580.0 600.0 100.0 560.0 40.0 640.0 120.0 660.0 620.0 620.0 640.0 600.0 120.0 640.0 140.0 140.0 580.0 620.0 580.0 620.0 620.0 600.0 600.0 680.0 620.0 600.0 520.0 580.0 140.0 560.0 620.0 660.0 580.0 540.0 660.0 580.0 80.0 620.0 600.0 600.0 620.0 20.0 600.0 640.0 620.0 580.0 560.0 640.0 560.0 640.0 620.0 660.0 40.0 620.0 640.0 660.0 640.0 600.0 0.0 640.0 680.0 620.0 600.0 60.0 620.0 620.0 580.0 620.0 540.0 640.0 160.0 640.0 620.0 520.0 580.0 600.0 620.0 640.0 60.0 600.0 600.0 60.0 660.0 640.0
0.0 160.0 160.0 700.0 660.0 660.0 660.0 680.0 640.0 140.0 620.0 720.0 680.0 700.0 620.0 640.0 660.0 640.0 680.0 620.0 620.0 640.0 200.0 600.0 620.0 660.0 700.0 200.0 680.0 660.0 680.0 620.0 620.0 620.0 700.0 660.0 620.0 680.0 620.0 640.0 180.0 700.0 580.0 640.0 640.0 620.0 140.0 160.0 680.0 600.0 660.0 680.0 140.0 680.0 700.0 660.0 680.0 600.0 620.0 620.0 700.0 680.0 640.0 640.0 700.0 680.0 700.0 700.0 660.0 600.0 620.0 660.0 720.0 700.0 160.0 620.0 0.0 260.0 680.0 680.0 640.0 700.0 140.0 600.0 680.0 640.0 720.0 680.0 140.0 740.0 140.0 680.0 180.0 660.0 680.0 660.0 580.0 640.0 640.0 680.0 180.0
0.0 60.0 220.0 620.0 660.0 640.0 640.0 700.0 680.0 200.0 660.0 600.0 700.0 700.0 720.0 620.0 700.0 680.0 640.0 660.0 660.0 640.0 200.0 640.0 620.0 620.0 680.0 260.0 700.0 660.0 720.0 620.0 660.0 660.0 720.0 600.0 660.0 640.0 680.0 640.0 220.0 700.0 700.0 680.0 680.0 660.0 180.0 200.0 700.0 720.0 720.0 680.0 100.0 720.0 720.0 660.0 640.0 640.0 680.0 660.0 740.0 740.0 680.0 660.0 720.0 720.0 660.0 640.0 660.0 660.0 640.0 680.0 680.0 580.0 180.0 660.0 220.0 0.0 680.0 700.0 680.0 720.0 180.0 660.0 660.0 640.0 740.0 680.0 180.0 740.0 180.0 700.0 220.0 740.0 700.0 660.0 620.0 680.0 620.0 700.0 200.0
0.0 660.0 680.0 660.0 660.0 660.0 600.0 700.0 660.0 640.0 140.0 700.0 660.0 680.0 680.0 580.0 80.0 640.0 180.0 660.0 640.0 640.0 640.0 620.0 680.0 180.0 700.0 720.0 620.0 700.0 220.0 540.0 640.0 640.0 640.0 640.0 640.0 160.0 600.0 600.0 680.0 180.0 660.0 640.0 160.0 620.0 640.0 680.0 640.0 680.0 640.0 700.0 620.0 700.0 200.0 580.0 120.0 120.0 620.0 640.0 720.0 680.0 660.0 620.0 700.0 640.0 680.0 660.0 120.0 600.0 620.0 660.0 620.0 600.0 600.0 660.0 680.0 740.0 0.0 680.0 620.0 680.0 660.0 660.0 620.0 140.0 740.0 720.0 640.0 220.0 620.0 180.0 700.0 220.0 580.0 640.0 600.0 660.0 620.0 660.0 660.0
0.0 620.0 680.0 80.0 180.0 140.0 580.0 660.0 620.0 660.0 600.0 640.0 660.0 700.0 660.0 120.0 680.0 620.0 660.0 620.0 600.0 600.0 680.0 580.0 680.0 640.0 180.0 720.0 100.0 700.0 600.0 660.0 600.0 600.0 140.0 620.0 660.0 640.0 140.0 600.0 640.0 700.0 640.0 660.0 600.0 640.0 620.0 560.0 580.0 140.0 180.0 680.0 620.0 640.0 680.0 140.0 600.0 640.0 640.0 620.0 680.0 560.0 620.0 600.0 680.0 160.0 100.0 600.0 660.0 620.0 580.0 700.0 640.0 640.0 680.0 640.0 620.0 720.0 620.0 0.0 620.0 680.0 640.0 120.0 620.0 660.0 180.0 720.0 600.0 680.0 640.0 640.0 640.0 700.0 660.0 620.0 620.0 620.0 640.0 160.0 640.0
0.0 620.0 720.0 660.0 660.0 640.0 680.0 680.0 620.0 660.0 680.0 720.0 680.0 140.0 660.0 640.0 680.0 620.0 660.0 140.0 660.0 140.0 700.0 160.0 740.0 680.0 660.0 680.0 700.0 180.0 700.0 180.0 180.0 600.0 640.0 680.0 680.0 620.0 580.0 680.0 720.0 640.0 680.0 620.0 640.0 180.0 580.0 680.0 720.0 680.0 640.0 680.0 640.0 160.0 720.0 700.0 680.0 660.0 120.0 620.0 680.0 700.0 660.0 660.0 680.0 660.0 660.0 680.0 720.0 120.0 660.0 720.0 720.0 680.0 660.0 100.0 680.0 740.0 660.0 640.0 0.0 660.0 640.0 620.0 580.0 640.0 740.0 200.0 680.0 720.0 620.0 620.0 680.0 680.0 700.0 100.0 640.0 620.0 140.0 700.0 720.0
0.0 580.0 640.0 580.0 580.0 580.0 80.0 640.0 80.0 600.0 620.0 700.0 120.0 620.0 140.0 580.0 660.0 560.0 600.0 580.0 100.0 580.0 620.0 600.0 160.0 640.0 640.0 680.0 660.0 620.0 660.0 620.0 620.0 60.0 620.0 580.0 120.0 620.0 520.0 100.0 680.0 620.0 40.0 600.0 600.0 620.0 620.0 620.0 140.0 600.0 620.0 140.0 600.0 620.0 640.0 580.0 580.0 600.0 540.0 100.0 640.0 600.0 600.0 540.0 620.0 640.0 640.0 640.0 640.0 540.0 120.0 640.0 140.0 640.0 520.0 580.0 620.0 740.0 620.0 620.0 540.0 0.0 600.0 580.0 600.0 560.0 660.0 660.0 640.0 680.0 600.0 640.0 640.0 700.0 660.0 620.0 80.0 580.0 540.0 620.0 600.0
0.0 100.0 200.0 640.0 580.0 640.0 640.0 680.0 620.0 20.0 640.0 680.0 640.0 580.0 660.0 580.0 600.0 600.0 620.0 620.0 620.0 580.0 140.0 620.0 680.0 620.0 680.0 200.0 640.0 620.0 680.0 620.0 640.0 600.0 660.0 620.0 620.0 660.0 620.0 640.0 180.0 580.0 640.0 640.0 640.0 600.0 120.0 180.0 700.0 640.0 660.0 540.0 140.0 660.0 680.0 660.0 600.0 600.0 580.0 620.0 680.0 680.0 640.0 580.0 660.0 680.0 680.0 680.0 580.0 600.0 620.0 640.0 680.0 620.0 160.0 620.0 160.0 260.0 580.0 660.0 620.0 680.0 0.0 600.0 660.0 600.0 660.0 660.0 140.0 640.0 140.0 640.0 200.0 720.0 600.0 660.0 580.0 620.0 560.0 680.0 180.0
0.0 600.0 640.0 100.0 60.0 100.0 600.0 620.0 600.0 600.0 560.0 660.0 600.0 600.0 600.0 80.0 640.0 600.0 580.0 620.0 560.0 540.0 600.0 540.0 680.0 620.0 180.0 680.0 160.0 600.0 640.0 620.0 560.0 580.0 120.0 600.0 620.0 620.0 40.0 580.0 620.0 600.0 620.0 620.0 580.0 620.0 620.0 600.0 640.0 100.0 140.0 660.0 580.0 600.0 660.0 120.0 600.0 600.0 520.0 620.0 640.0 640.0 580.0 580.0 620.0 140.0 140.0 640.0 620.0 500.0 540.0 600.0 620.0 620.0 620.0 620.0 640.0 720.0 620.0 120.0 600.0 660.0 620.0 0.0 640.0 540.0 140.0 640.0 560.0 660.0 640.0 640.0 660.0 680.0 640.0 640.0 580.0 600.0 520.0 120.0 620.0
0.0 640.0 660.0 580.0 600.0 640.0 600.0 140.0 640.0 640.0 640.0 160.0 680.0 660.0 580.0 620.0 600.0 140.0 660.0 660.0 620.0 640.0 660.0 660.0 680.0 640.0 580.0 600.0 640.0 600.0 680.0 640.0 660.0 620.0 580.0 140.0 660.0 540.0 600.0 600.0 720.0 660.0 600.0 80.0 640.0 660.0 520.0 660.0 660.0 620.0 660.0 660.0 640.0 640.0 680.0 640.0 600.0 640.0 620.0 640.0 140.0 160.0 140.0 120.0 200.0 680.0 580.0 120.0 640.0 600.0 640.0 140.0 660.0 140.0 580.0 660.0 600.0 720.0 600.0 660.0 600.0 580.0 660.0 620.0 0.0 640.0 700.0 640.0 620.0 700.0 640.0 540.0 600.0 600.0 120.0 520.0 620.0 140.0 620.0 640.0 660.0
0.0 580.0 660.0 580.0 620.0 580.0 580.0 580.0 580.0 600.0 120.0 640.0 640.0 660.0 640.0 580.0 160.0 560.0 80.0 580.0 540.0 520.0 660.0 600.0 660.0 140.0 640.0 660.0 640.0 580.0 120.0 620.0 620.0 540.0 680.0 560.0 620.0 140.0 580.0 580.0 660.0 140.0 580.0 580.0 60.0 620.0 620.0 620.0 640.0 640.0 620.0 640.0 540.0 620.0 140.0 620.0 80.0 100.0 580.0 580.0 620.0 640.0 560.0 540.0 620.0 640.0 680.0 600.0 140.0 580.0 600.0 640.0 640.0 640.0 580.0 580.0 620.0 740.0 120.0 580.0 580.0 660.0 580.0 560.0 600.0 0.0 700.0 620.0 640.0 180.0 600.0 140.0 680.0 200.0 620.0 600.0 580.0 580.0 580.0 640.0 640.0
0.0 580.0 680.0 100.0 140.0 100.0 580.0 600.0 580.0 620.0 640.0 640.0 660.0 660.0 660.0 100.0 620.0 580.0 580.0 580.0 540.0 520.0 660.0 620.0 540.0 640.0 160.0 660.0 140.0 560.0 620.0 640.0 640.0 560.0 140.0 580.0 640.0 660.0 100.0 600.0 680.0 660.0 600.0 600.0 560.0 580.0 580.0 640.0 640.0 160.0 140.0 580.0 560.0 620.0 580.0 140.0 580.0 620.0 600.0 580.0 620.0 640.0 560.0 560.0 640.0 140.0 180.0 600.0 560.0 580.0 620.0 640.0 640.0 640.0 580.0 580.0 620.0 740.0 620.0 100.0 580.0 640.0 600.0 80.0 620.0 520.0 0.0 600.0 620.0 680.0 600.0 620.0 660.0 700.0 620.0 620.0 580.0 580.0 600.0 160.0 640.0
0.0 600.0 640.0 640.0 540.0 620.0 640.0 640.0 600.0 640.0 580.0 680.0 640.0 100.0 600.0 540.0 620.0 600.0 640.0 120.0 580.0 100.0 640.0 80.0 680.0 640.0 660.0 680.0 540.0 60.0 640.0 100.0 100.0 580.0 640.0 640.0 580.0 640.0 580.0 600.0 640.0 600.0 640.0 640.0 600.0 100.0 580.0 640.0 640.0 640.0 660.0 640.0 600.0 160.0 660.0 620.0 640.0 560.0 80.0 620.0 660.0 600.0 620.0 600.0 660.0 660.0 680.0 600.0 600.0 60.0 580.0 600.0 660.0 640.0 640.0 120.0 640.0 660.0 640.0 640.0 100.0 660.0 640.0 560.0 640.0 600.0 680.0 0.0 520.0 680.0 640.0 620.0 680.0 720.0 640.0 160.0 540.0 600.0 80.0 640.0 640.0
0.0 100.0 140.0 640.0 640.0 600.0 600.0 620.0 580.0 120.0 560.0 660.0 640.0 600.0 580.0 520.0 600.0 580.0 620.0 600.0 560.0 600.0 120.0 540.0 660.0 620.0 640.0 160.0 600.0 640.0 620.0 560.0 560.0 560.0 620.0 640.0 560.0 620.0 600.0 580.0 120.0 600.0 640.0 620.0 580.0 560.0 80.0 120.0 640.0 660.0 640.0 640.0 80.0 620.0 640.0 600.0 620.0 540.0 600.0 600.0 640.0 580.0 580.0 600.0 640.0 640.0 640.0 640.0 640.0 580.0 540.0 660.0 660.0 640.0 120.0 600.0 120.0 240.0 640.0 620.0 580.0 640.0 120.0 580.0 640.0 620.0 660.0 680.0 0.0 680.0 120.0 600.0 160.0 700.0 620.0 640.0 520.0 580.0 600.0 620.0 120.0
0.0 620.0 660.0 620.0 620.0 640.0 620.0 680.0 620.0 640.0 180.0 720.0 660.0 660.0 580.0 640.0 100.0 600.0 140.0 620.0 640.0 620.0 680.0 660.0 700.0 180.0 680.0 700.0 640.0 660.0 220.0 600.0 660.0 600.0 660.0 620.0 600.0 160.0 520.0 640.0 720.0 180.0 640.0 620.0 140.0 600.0 620.0 620.0 640.0 640.0 640.0 680.0 640.0 660.0 180.0 640.0 140.0 160.0 580.0 620.0 680.0 700.0 640.0 580.0 640.0 680.0 680.0 680.0 140.0 580.0 660.0 680.0 600.0 620.0 560.0 620.0 660.0 740.0 160.0 660.0 580.0 660.0 640.0 620.0 640.0 100.0 680.0 700.0 680.0 0.0 640.0 60.0 700.0 220.0 620.0 640.0 620.0 620.0 580.0 640.0 640.0
0.0 80.0 180.0 620.0 640.0 640.0 600.0 640.0 620.0 120.0 620.0 600.0 560.0 680.0 600.0 620.0 620.0 620.0 660.0 620.0 620.0 660.0 120.0 600.0 640.0 600.0 600.0 140.0 580.0 680.0 620.0 600.0 620.0 600.0 600.0 660.0 600.0 600.0 600.0 620.0 180.0 680.0 620.0 600.0 640.0 600.0 40.0 160.0 680.0 640.0 540.0 660.0 140.0 640.0 600.0 640.0 600.0 600.0 640.0 620.0 620.0 600.0 640.0 640.0 680.0 540.0 620.0 640.0 660.0 620.0 600.0 640.0 660.0 660.0 120.0 640.0 120.0 160.0 600.0 660.0 620.0 600.0 140.0 620.0 640.0 660.0 720.0 660.0 140.0 600.0 0.0 560.0 140.0 600.0 640.0 540.0 580.0 640.0 620.0 640.0 160.0
0.0 640.0 620.0 660.0 660.0 600.0 660.0 680.0 640.0 600.0 180.0 700.0 660.0 660.0 540.0 640.0 60.0 620.0 120.0 640.0 640.0 640.0 680.0 660.0 700.0 180.0 660.0 680.0 600.0 680.0 180.0 620.0 660.0 620.0 640.0 680.0 600.0 160.0 640.0 680.0 720.0 160.0 660.0 640.0 160.0 620.0 600.0 620.0 740.0 700.0 620.0 680.0 600.0 680.0 200.0 640.0 180.0 160.0 640.0 640.0 700.0 660.0 660.0 660.0 680.0 640.0 680.0 640.0 100.0 640.0 660.0 660.0 720.0 600.0 660.0 640.0 660.0 740.0 140.0 680.0 640.0 660.0 640.0 640.0 680.0 140.0 680.0 700.0 680.0 200.0 600.0 0.0 660.0 200.0 580.0 640.0 640.0 640.0 640.0 600.0 720.0
0.0 140.0 160.0 580.0 600.0 640.0 580.0 520.0 640.0 140.0 640.0 680.0 660.0 640.0 580.0 620.0 600.0 640.0 640.0 640.0 600.0 600.0 180.0 640.0 680.0 680.0 580.0 100.0 640.0 620.0 680.0 640.0 660.0 620.0 540.0 620.0 640.0 660.0 600.0 600.0 200.0 640.0 600.0 540.0 620.0 660.0 20.0 160.0 680.0 620.0 660.0 600.0 100.0 600.0 680.0 640.0 600.0 640.0 580.0 640.0 680.0 620.0 640.0 620.0 700.0 680.0 680.0 680.0 640.0 580.0 620.0 660.0 640.0 640.0 80.0 640.0 200.0 260.0 660.0 660.0 580.0 580.0 160.0 620.0 620.0 580.0 660.0 640.0 160.0 660.0 140.0 540.0 0.0 720.0 620.0 620.0 620.0 600.0 620.0 620.0 160.0
0.0 660.0 700.0 660.0 640.0 600.0 660.0 600.0 660.0 640.0 140.0 720.0 680.0 680.0 620.0 580.0 180.0 640.0 180.0 660.0 640.0 640.0 640.0 620.0 700.0 200.0 640.0 540.0 640.0 600.0 140.0 640.0 640.0 640.0 620.0 680.0 640.0 140.0 660.0 640.0 680.0 180.0 680.0 640.0 160.0 640.0 600.0 660.0 700.0 620.0 680.0 580.0 640.0 580.0 220.0 680.0 160.0 120.0 620.0 660.0 540.0 720.0 660.0 660.0 720.0 700.0 600.0 580.0 200.0 600.0 620.0 680.0 720.0 700.0 660.0 660.0 680.0 640.0 140.0 680.0 640.0 660.0 680.0 640.0 640.0 140.0 680.0 640.0 640.0 160.0 680.0 140.0 580.0 0.0 680.0 640.0 600.0 660.0 620.0 680.0 680.0
0.0 660.0 640.0 640.0 660.0 680.0 640.0 140.0 660.0 620.0 680.0 220.0 700.0 680.0 640.0 660.0 640.0 160.0 660.0 660.0 640.0 620.0 700.0 680.0 680.0 660.0 640.0 660.0 520.0 680.0 640.0 620.0 680.0 640.0 580.0 160.0 660.0 580.0 640.0 640.0 660.0 620.0 640.0 80.0 640.0 660.0 580.0 620.0 720.0 640.0 560.0 700.0 640.0 640.0 640.0 660.0 640.0 660.0 580.0 660.0 180.0 100.0 160.0 140.0 220.0 720.0 600.0 80.0 680.0 600.0 680.0 180.0 680.0 180.0 640.0 660.0 660.0 680.0 560.0 660.0 600.0 640.0 680.0 660.0 180.0 600.0 680.0 700.0 640.0 640.0 680.0 600.0 660.0 660.0 0.0 580.0 640.0 140.0 620.0 660.0 680.0
0.0 640.0 640.0 580.0 600.0 640.0 580.0 620.0 640.0 620.0 640.0 640.0 660.0 140.0 580.0 620.0 600.0 640.0 660.0 140.0 640.0 140.0 640.0 140.0 680.0 680.0 580.0 600.0 640.0 180.0 660.0 140.0 160.0 620.0 560.0 640.0 640.0 660.0 580.0 600.0 720.0 640.0 580.0 580.0 640.0 160.0 500.0 660.0 680.0 620.0 660.0 660.0 640.0 140.0 660.0 640.0 600.0 640.0 120.0 620.0 620.0 640.0 660.0 620.0 680.0 680.0 680.0 660.0 640.0 100.0 620.0 660.0 640.0 640.0 580.0 160.0 600.0 720.0 660.0 680.0 100.0 560.0 660.0 620.0 620.0 620.0 700.0 140.0 640.0 680.0 640.0 540.0 600.0 600.0 620.0 0.0 620.0 620.0 120.0 620.0 640.0
0.0 580.0 640.0 640.0 620.0 580.0 100.0 600.0 80.0 600.0 540.0 640.0 120.0 660.0 140.0 560.0 580.0 560.0 600.0 580.0 60.0 620.0 620.0 540.0 180.0 600.0 620.0 660.0 600.0 620.0 640.0 540.0 540.0 60.0 620.0 620.0 60.0 600.0 580.0 60.0 600.0 640.0 120.0 600.0 560.0 540.0 560.0 600.0 120.0 640.0 620.0 140.0 560.0 620.0 640.0 580.0 600.0 520.0 580.0 80.0 640.0 620.0 580.0 600.0 620.0 620.0 640.0 620.0 620.0 580.0 40.0 640.0 160.0 620.0 600.0 580.0 600.0 720.0 620.0 600.0 560.0 120.0 600.0 580.0 620.0 600.0 660.0 660.0 560.0 680.0 600.0 600.0 660.0 680.0 600.0 620.0 0.0 580.0 580.0 600.0 600.0
0.0 580.0 640.0 640.0 600.0 580.0 560.0 120.0 560.0 620.0 560.0 120.0 620.0 640.0 640.0 560.0 600.0 80.0 540.0 580.0 560.0 620.0 640.0 540.0 640.0 620.0 640.0 660.0 600.0 640.0 600.0 560.0 560.0 560.0 620.0 140.0 560.0 620.0 580.0 560.0 620.0 640.0 640.0 120.0 520.0 560.0 580.0 600.0 620.0 660.0 640.0 640.0 540.0 620.0 620.0 600.0 560.0 540.0 600.0 580.0 140.0 140.0 40.0 120.0 120.0 620.0 640.0 80.0 620.0 580.0 540.0 120.0 620.0 120.0 600.0 580.0 600.0 720.0 560.0 600.0 500.0 640.0 600.0 580.0 80.0 620.0 660.0 660.0 560.0 680.0 600.0 600.0 660.0 680.0 120.0 580.0 520.0 0.0 580.0 620.0 620.0
0.0 620.0 680.0 640.0 540.0 600.0 640.0 660.0 620.0 640.0 600.0 680.0 620.0 80.0 640.0 580.0 660.0 620.0 560.0 140.0 600.0 80.0 640.0 80.0 680.0 620.0 660.0 720.0 660.0 80.0 680.0 140.0 100.0 600.0 640.0 620.0 640.0 660.0 560.0 600.0 640.0 580.0 640.0 660.0 620.0 140.0 640.0 640.0 680.0 620.0 660.0 640.0 620.0 140.0 640.0 640.0 640.0 620.0 60.0 640.0 680.0 640.0 620.0 600.0 640.0 660.0 680.0 660.0 660.0 40.0 580.0 580.0 640.0 600.0 640.0 140.0 640.0 740.0 640.0 640.0 140.0 680.0 640.0 540.0 660.0 580.0 680.0 120.0 580.0 660.0 640.0 620.0 680.0 720.0 660.0 180.0 580.0 620.0 0.0 660.0 640.0
0.0 600.0 540.0 140.0 80.0 100.0 600.0 620.0 600.0 500.0 620.0 660.0 620.0 560.0 620.0 80.0 640.0 600.0 560.0 540.0 580.0 580.0 640.0 600.0 620.0 580.0 160.0 680.0 140.0 620.0 640.0 620.0 620.0 580.0 140.0 600.0 620.0 580.0 120.0 620.0 680.0 560.0 580.0 560.0 580.0 620.0 600.0 660.0 680.0 120.0 100.0 600.0 580.0 600.0 660.0 140.0 620.0 600.0 540.0 540.0 660.0 660.0 580.0 580.0 660.0 100.0 120.0 620.0 640.0 560.0 600.0 560.0 660.0 600.0 640.0 540.0 680.0 680.0 580.0 140.0 600.0 660.0 560.0 100.0 640.0 560.0 100.0 660.0 620.0 640.0 560.0 580.0 640.0 660.0 660.0 580.0 580.0 600.0 540.0 0.0 660.0
0.0 40.0 160.0 600.0 620.0 560.0 620.0 620.0 540.0 80.0 600.0 660.0 640.0 620.0 660.0 600.0 640.0 600.0 640.0 620.0 600.0 600.0 80.0 580.0 580.0 620.0 660.0 140.0 680.0 620.0 640.0 620.0 600.0 580.0 580.0 600.0 640.0 520.0 560.0 600.0 160.0 620.0 560.0 580.0 620.0 640.0 100.0 160.0 540.0 640.0 640.0 640.0 140.0 640.0 540.0 600.0 560.0 620.0 580.0 620.0 600.0 640.0 600.0 580.0 580.0 680.0 560.0 660.0 620.0 560.0 580.0 640.0 660.0 660.0 60.0 620.0 100.0 200.0 580.0 640.0 580.0 540.0 140.0 600.0 640.0 580.0 700.0 640.0 100.0 600.0 140.0 640.0 100.0 720.0 660.0 640.0 600.0 600.0 580.0 640.0 0.0
OUTSOURCING_COST
328 410 140 294 12 147.5 108 378 10 94.5 45.5 16 276.5 222 351 100.5 45 252 114 355 3 156 45 105 136 260 10 245 162.5 268 68 301 76 432 206.5 240 432 224 76 290 243 188 333 345 261 351 230 414 220.5 108 135 81 440 192.5 100 322 147.5 380 470 115.5 306 236 184 10 266 184 28.5 240 28 6 12 400.5 27.5 115 204 4 78 60 292.5 195 180 127.5 308 348 294 276 135 470 246 240 210 220 220.5 235 261 256 136.5 440 31.5 140
OUTSOURCING_TARIFF
3
0.000000000 4000.000000000 1.000000000 0.000000000
4000.000000000 8000.000000000 0.850000000 600.000000000
8000.000000000 20165.500000000 0.700000000 1800.000000000
