80 5
95 395 555 6 1
83 434 600 2 1
25 598 758 9 10
18 700 914 6 4
6 425 621 3 3
34 626 820 10 5
75 485 681 9 1
68 592 780 8 9
46 538 738 6 8
86 721 887 7 8
99 577 745 5 3
72 493 701 7 10
62 610 850 10 9
70 705 889 3 1
69 535 723 6 10
70 384 586 10 1
80 582 776 5 2
83 686 916 5 4
40 584 784 10 5
42 619 789 3 5
61 654 894 2 5
82 496 658 6 9
18 569 795 2 4
17 672 906 1 4
13 609 827 6 8
14 688 884 9 10
11 514 698 1 1
100 520 748 7 8
34 367 561 1 6
60 479 683 5 4
70 688 904 8 8
47 514 710 3 5
50 507 683 3 9
33 558 796 5 10
84 606 766 6 2
37 486 676 7 10
45 629 841 1 5
92 457 633 2 7
82 414 646 2 9
62 511 715 7 2
59 731 919 7 1
88 732 928 1 7
3 396 590 3 7
89 428 604 5 9
30 678 890 2 6
2 568 774 2 3
23 476 702 2 3
5 570 738 10 2
64 568 734 10 9
19 619 781 8 3
44 724 958 4 8
76 354 556 2 1
99 616 846 9 7
28 420 604 10 9
35 543 765 8 10
19 377 555 1 3
83 468 672 1 2
11 724 958 7 7
38 728 934 1 3
38 679 891 1 4
86 666 844 8 4
64 366 550 9 1
29 565 777 5 3
79 364 592 8 6
3 435 675 3 9
73 732 938 10 4
89 701 895 6 9
52 641 881 4 7
9 365 581 7 9
64 597 797 3 3
64 377 607 8 8
69 645 835 9 9
89 700 922 7 10
96 564 804 5 3
84 381 555 10 1
19 658 828 2 5
68 668 860 5 10
28 374 598 2 3
99 404 602 4 1
12 393 563 1 10
SETUP
0 8 3 10 9 6 8 6 6 8 1 3 6 8 7 7 6 6 8 7 6 3 8 6 5 9 10 5 8 8 6 9 8 4 7 8 9 7 6 5 6 6 8 4 8 6 5 9 5 8 3 5 10 6 8 8 7 8 7 8 6 5 7 7 9 8 8 7 8 5 7 6 3 9 7 6 2 5 6 7 6
0 0 33 31 3 32 27 36 32 2 33 34 33 29 32 31 32 10 34 33 32 32 31 33 32 32 32 8 9 5 32 11 5 32 1 35 35 32 33 30 7 32 32 32 31 32 33 33 6 4 7 9 33 32 33 6 32 34 31 33 32 32 33 6 34 9 31 34 9 32 32 6 33 35 31 29 36 33 33 34 34
0 32 0 9 32 34 33 34 30 34 7 32 34 32 8 6 7 35 33 31 31 6 32 31 30 32 34 32 33 31 7 34 32 31 30 34 9 30 31 28 31 31 32 1 8 30 6 8 32 32 32 34 8 33 7 32 6 7 4 32 34 32 35 35 32 34 31 35 33 32 32 30 33 33 4 31 33 32 35 34 3
0 31 5 0 33 34 32 35 33 32 7 33 33 30 7 6 5 35 34 33 29 4 32 31 30 33 33 32 33 31 9 34 32 29 32 33 9 30 31 31 31 29 31 4 1 32 4 8 34 31 32 32 6 30 7 32 9 6 2 32 29 31 34 35 31 32 32 34 32 32 32 32 33 35 2 33 35 30 30 33 4
0 8 32 29 0 34 34 36 32 8 34 33 34 31 33 31 32 8 32 33 30 31 33 32 30 30 36 6 8 6 33 9 7 30 8 33 36 30 32 27 6 30 31 31 29 33 31 31 6 5 6 7 33 32 33 8 34 33 29 32 31 31 34 9 31 9 32 34 8 32 32 7 34 35 29 34 35 30 32 34 33
0 32 35 36 34 0 32 11 35 34 35 36 35 8 36 32 35 37 10 34 7 34 8 6 9 30 37 33 32 33 34 35 33 34 32 38 36 9 6 34 32 33 5 34 36 7 35 34 34 35 34 37 36 34 34 32 35 34 32 6 6 35 36 37 35 35 7 36 34 8 8 33 9 38 33 6 36 8 33 36 36
0 34 34 33 36 37 0 37 6 35 36 8 11 29 35 30 36 35 34 9 34 34 34 32 35 8 10 34 35 36 36 36 35 7 34 10 39 36 33 7 32 9 34 32 33 34 32 35 35 29 35 34 34 6 34 36 33 35 34 35 35 6 6 33 10 35 35 11 35 31 36 34 35 9 34 35 9 34 10 11 35
0 31 31 34 33 6 31 0 29 32 35 31 34 7 33 31 34 34 10 34 8 31 4 7 6 35 31 33 32 33 34 33 33 30 31 34 36 9 5 33 32 34 9 31 34 7 31 33 35 33 32 33 32 32 34 35 29 35 32 10 7 32 36 28 35 36 8 35 35 7 8 33 6 32 33 6 32 7 34 35 32
0 34 29 36 35 32 8 33 0 34 34 3 6 32 32 33 35 32 35 6 32 29 33 32 30 7 6 32 31 32 33 31 33 2 33 7 34 33 33 5 32 8 33 29 32 31 29 35 34 33 31 31 36 7 34 34 30 33 32 34 31 4 9 34 9 34 33 7 34 30 34 31 30 4 33 32 4 31 6 7 31
0 8 33 29 9 35 33 34 34 0 34 35 34 32 34 32 32 10 36 31 31 32 34 31 32 30 34 6 7 8 35 10 8 31 8 35 36 32 31 33 5 31 31 32 29 30 32 33 10 7 8 9 34 32 33 8 32 32 30 31 30 33 35 10 33 7 33 35 7 34 34 4 34 36 30 33 35 32 31 35 32
0 34 3 9 34 33 34 34 32 33 0 28 31 33 6 8 7 31 35 32 31 2 33 33 32 33 35 33 32 33 7 34 33 29 32 33 8 32 33 30 33 31 33 3 7 32 4 9 33 33 28 30 9 32 8 33 8 7 6 33 31 30 34 36 34 33 33 32 33 30 34 32 28 35 6 31 34 30 32 32 5
0 33 27 34 33 34 7 33 4 34 33 0 4 33 34 32 33 30 34 6 30 27 32 32 31 7 8 33 34 32 33 35 32 6 31 9 35 31 32 3 32 6 33 28 32 31 33 34 32 33 32 29 33 5 32 32 33 34 31 32 34 6 7 35 7 33 32 5 33 28 32 31 33 8 31 30 8 29 9 5 30
0 36 33 33 35 35 8 36 5 34 35 7 0 32 35 33 33 36 34 5 31 32 34 32 32 9 9 33 34 33 36 32 34 6 35 10 32 32 32 8 32 5 33 32 29 30 32 34 37 33 32 34 34 9 34 35 32 34 30 34 31 7 10 36 7 34 34 7 34 34 34 34 35 9 31 35 9 32 6 8 35
0 32 33 31 34 11 32 9 35 33 34 34 35 0 32 28 34 33 6 33 6 32 8 4 8 31 36 32 33 34 34 35 33 33 32 33 37 8 5 34 30 33 6 30 31 6 30 33 33 27 33 35 36 30 32 34 34 32 32 7 7 30 30 37 34 33 7 35 33 3 8 32 9 38 32 8 35 6 34 35 33
0 33 8 9 35 32 33 36 37 35 8 33 35 34 0 4 8 37 35 32 33 7 35 32 32 33 36 31 32 35 8 38 35 32 34 37 11 36 30 36 29 35 34 7 9 31 8 6 33 31 32 36 7 32 5 36 8 9 8 34 36 34 33 37 33 35 35 35 35 35 36 31 35 32 8 35 37 34 36 35 10
0 30 5 8 32 35 31 35 34 32 6 32 34 32 7 0 7 34 34 32 30 5 34 29 32 31 35 30 31 32 7 38 31 32 31 36 9 32 29 33 29 32 32 6 9 31 7 5 34 32 31 33 9 28 5 32 7 5 5 32 35 33 33 35 32 32 31 33 31 32 32 31 33 36 6 32 36 31 36 33 7
0 36 7 8 38 32 29 33 34 36 10 35 36 31 11 6 0 35 32 33 34 6 36 33 36 35 31 33 36 37 8 38 35 35 36 37 7 36 34 32 33 30 36 8 8 32 9 10 33 31 36 34 5 34 9 33 9 10 7 32 36 34 34 35 36 36 35 34 36 33 35 32 36 37 8 34 37 32 37 35 9
0 10 32 36 8 33 30 35 35 10 35 35 35 32 34 33 31 0 32 34 30 31 35 34 30 34 35 10 11 7 35 10 7 31 9 35 36 30 35 31 9 29 35 31 35 33 32 36 10 6 6 7 35 35 35 8 34 36 32 32 34 32 35 8 35 11 33 36 9 31 33 7 35 37 30 34 36 30 34 36 34
0 32 28 35 34 9 33 9 32 34 33 34 34 7 35 33 34 33 0 33 7 28 7 7 6 33 35 34 35 32 34 36 31 33 32 36 35 6 7 30 33 33 8 29 35 6 34 35 33 33 33 30 34 31 33 32 34 35 32 8 8 33 34 35 34 33 5 35 35 3 6 32 8 35 32 5 35 1 35 36 31
0 36 32 32 36 36 10 37 9 30 34 10 9 34 30 34 34 33 36 0 30 31 36 34 35 7 12 34 35 32 34 39 33 9 34 12 36 35 33 8 33 6 33 33 32 33 35 34 33 35 35 33 36 9 35 34 35 36 33 34 33 6 11 36 9 36 33 10 36 33 34 32 35 10 33 34 6 31 8 9 34
0 34 29 34 32 8 35 8 32 36 31 32 32 5 34 31 34 36 7 33 0 28 7 7 6 34 35 34 34 29 34 36 30 33 31 36 33 6 7 30 33 33 7 29 35 6 34 35 33 32 32 30 35 32 31 31 34 35 32 8 8 33 34 36 34 36 3 35 34 4 5 32 6 33 32 5 35 1 35 32 31
0 33 1 8 33 34 33 34 31 34 8 32 34 32 8 7 7 36 34 32 32 0 31 32 31 32 34 33 34 32 7 35 32 32 31 35 10 31 32 29 32 32 33 2 8 31 7 8 32 33 32 29 8 31 6 32 7 8 4 32 35 32 33 35 33 34 32 35 34 28 33 30 33 34 5 30 34 29 36 35 3
0 36 31 36 35 10 34 11 34 36 36 30 33 6 35 32 32 33 9 33 5 30 0 7 7 33 37 33 34 34 33 37 34 32 34 32 38 7 6 33 32 32 8 32 36 6 32 34 32 33 34 33 29 34 32 35 34 35 30 8 9 33 36 36 33 36 8 34 34 6 8 34 8 37 31 3 37 6 35 34 33
0 31 30 34 32 8 31 7 32 32 30 30 32 4 31 27 31 32 6 30 2 29 6 0 4 29 33 28 29 30 31 35 29 30 30 34 33 4 1 31 27 32 4 31 33 3 31 29 32 30 29 32 34 29 29 30 31 29 31 4 7 31 31 35 30 29 3 31 29 5 4 28 5 34 31 6 34 3 34 31 31
0 33 34 36 34 9 33 7 35 34 35 36 36 6 31 32 35 37 7 31 8 33 6 8 0 36 34 33 34 36 35 33 33 35 32 32 39 10 7 35 32 35 10 33 35 8 28 35 34 32 35 31 34 34 34 37 31 35 36 11 8 35 34 31 36 37 10 33 35 8 8 34 10 36 34 6 35 8 35 33 36
0 32 31 35 33 34 7 34 7 33 32 6 7 31 32 29 32 33 34 5 29 31 33 28 31 0 9 30 31 32 32 33 31 4 32 8 34 31 29 6 28 4 27 31 34 30 31 31 34 31 31 33 33 5 30 32 32 30 28 28 33 5 6 33 5 31 31 7 31 30 32 29 33 9 29 33 9 30 8 7 32
0 33 33 35 35 28 6 33 9 33 33 7 7 31 33 31 29 35 33 4 31 32 34 30 33 5 0 31 32 33 34 36 32 7 33 10 35 33 30 8 30 6 32 33 35 29 33 32 35 32 32 35 33 7 32 33 31 32 31 31 33 8 7 35 8 33 32 8 32 34 31 29 34 12 32 32 9 32 8 9 34
0 8 30 34 9 34 32 33 33 6 33 29 32 32 32 30 34 7 31 29 31 29 34 29 33 32 33 0 6 7 34 11 6 32 7 36 35 33 30 32 4 32 33 31 35 28 33 32 9 7 6 6 35 32 30 7 31 32 31 31 35 33 29 9 33 6 32 33 6 31 33 2 34 36 31 32 34 31 36 33 32
0 9 32 34 10 32 35 36 35 11 34 35 35 34 35 32 34 10 36 34 30 31 35 31 34 30 33 7 0 6 29 8 7 33 8 37 32 34 32 34 5 32 30 33 34 33 34 32 11 8 8 8 36 34 33 8 35 33 32 31 36 34 35 10 34 8 33 33 8 33 34 7 34 36 32 34 38 31 37 34 34
0 8 31 32 4 32 33 32 30 8 29 30 30 29 31 30 32 8 30 31 31 30 31 31 30 32 33 7 7 0 33 8 1 31 2 34 31 30 31 29 5 32 31 32 32 30 32 33 6 3 3 7 33 32 29 2 32 33 30 33 32 32 32 8 33 8 27 33 6 31 28 7 29 33 31 33 33 31 33 30 33
0 34 7 11 36 30 34 36 36 36 9 34 34 32 9 5 8 36 34 34 34 7 35 33 35 33 31 32 35 36 0 32 35 36 35 38 13 35 33 35 33 37 34 8 11 33 10 5 36 33 36 35 12 33 6 35 9 7 9 35 35 34 34 36 37 36 36 34 33 34 32 33 36 39 10 35 38 32 36 34 9
0 10 32 35 8 35 35 32 34 8 32 32 33 32 35 34 36 6 34 34 32 32 32 34 33 37 36 9 9 8 36 0 5 34 6 35 35 33 33 33 7 34 35 33 36 33 32 35 9 7 7 8 33 35 33 7 34 33 33 32 35 35 33 8 36 10 32 34 6 33 32 8 33 37 33 33 38 32 36 30 34
0 7 30 32 4 31 32 31 33 7 28 29 29 28 33 30 32 7 30 30 32 30 34 30 29 33 32 6 7 7 32 7 0 31 2 33 34 29 31 30 4 32 34 31 32 29 31 33 5 2 4 6 36 31 32 8 31 32 32 32 32 32 32 7 34 7 33 33 7 30 27 6 30 36 32 32 34 30 33 34 32
0 33 33 34 35 33 7 33 8 32 33 8 8 31 30 31 34 35 33 4 32 32 32 31 34 7 8 32 33 32 34 32 33 0 34 5 36 33 31 9 31 6 32 27 31 30 27 33 33 31 33 35 34 7 33 34 32 32 32 32 30 2 8 35 9 33 33 6 32 33 33 29 34 9 32 31 7 33 4 7 31
0 9 33 31 2 32 35 37 33 6 34 35 34 32 35 33 33 10 33 34 31 32 35 33 32 32 31 8 10 6 33 11 6 32 0 35 36 32 34 29 7 32 33 32 31 33 33 33 6 7 8 9 34 34 34 7 35 35 30 33 33 33 36 10 33 10 32 35 9 34 33 7 34 37 31 36 37 32 34 35 34
0 31 32 34 32 33 5 33 9 33 33 5 7 31 33 28 29 32 33 4 30 31 32 30 33 6 8 28 29 32 31 35 32 4 32 0 34 33 27 6 27 4 31 27 34 29 31 29 33 32 29 33 33 3 29 33 31 32 31 31 33 5 5 35 5 32 32 7 32 32 33 29 32 9 29 31 9 30 8 7 32
0 33 7 2 32 34 33 31 33 32 5 32 32 31 7 6 6 34 32 33 30 6 30 32 32 35 35 34 34 33 9 35 30 31 31 34 0 32 33 33 32 31 33 6 3 32 5 9 34 32 33 34 7 31 4 33 8 6 3 33 30 32 32 33 32 30 33 29 31 33 31 34 32 34 4 33 37 31 31 29 6
0 33 34 36 34 4 34 7 35 34 35 36 34 6 31 32 35 37 7 31 9 34 6 9 1 33 34 34 35 36 35 33 33 35 32 32 39 0 7 35 32 35 8 33 35 8 29 35 34 32 28 31 34 34 34 36 32 35 35 9 8 35 34 31 33 37 10 33 34 8 9 34 10 37 34 6 35 8 35 33 36
0 30 32 34 33 8 30 9 34 32 32 32 34 5 33 27 33 34 9 32 4 31 8 3 7 32 35 30 29 33 31 36 32 32 31 37 34 7 0 33 29 32 5 33 34 5 33 29 34 31 29 33 36 29 31 33 33 31 31 7 9 31 32 36 33 32 6 32 32 7 7 31 8 34 32 7 35 5 36 32 33
0 35 31 33 33 34 7 36 5 35 34 7 8 30 33 32 31 33 31 7 29 30 32 31 30 4 10 32 33 31 35 35 32 3 33 6 35 30 31 0 31 3 31 30 33 32 30 32 36 31 32 33 32 8 33 33 34 33 28 31 32 5 8 35 5 34 32 9 33 32 32 32 34 8 28 33 9 30 7 9 33
0 5 31 34 6 33 31 33 34 7 33 30 33 31 33 27 34 8 32 30 31 31 32 29 33 32 33 2 3 7 31 9 6 30 5 34 34 33 27 33 0 32 31 31 34 29 31 29 9 6 3 7 34 29 28 7 31 32 31 31 33 31 31 9 30 6 32 32 6 32 33 2 34 34 31 32 34 32 34 32 33
0 35 29 35 35 34 5 35 7 35 34 9 9 32 35 33 29 35 33 6 31 29 33 32 32 6 7 34 35 33 33 36 32 5 33 9 34 32 32 3 32 0 33 30 35 31 32 34 34 32 34 31 32 7 34 33 33 34 30 29 34 7 8 37 7 35 32 9 33 30 33 31 35 10 30 32 10 28 9 9 32
0 35 35 39 37 11 35 10 38 37 36 37 37 10 39 34 39 35 12 38 8 34 8 10 9 38 36 37 36 36 38 39 35 38 35 39 38 11 8 35 36 37 0 36 37 11 36 36 39 36 32 37 36 36 38 38 33 37 36 13 13 35 37 33 39 39 10 34 36 10 9 38 12 39 37 10 37 8 39 34 37
0 33 7 9 35 35 32 33 35 33 8 34 33 33 8 5 7 35 36 30 31 6 32 30 34 32 34 32 32 33 8 38 33 32 33 37 10 33 31 34 30 32 33 0 9 29 8 7 32 34 33 34 8 32 6 34 5 6 5 32 33 34 34 35 34 33 32 34 32 33 34 29 34 38 6 30 35 32 34 34 5
0 34 4 7 32 33 33 35 32 31 6 33 33 29 6 5 5 34 33 32 28 4 32 30 30 33 33 32 33 31 9 34 32 29 32 33 9 30 31 31 30 29 31 3 0 32 4 7 34 30 32 32 6 33 6 32 8 5 1 31 28 30 33 34 30 32 31 33 31 31 31 32 32 34 2 33 35 29 29 32 7
0 32 32 32 34 6 30 9 33 31 32 32 33 6 31 29 33 34 8 27 4 31 8 2 6 31 31 30 31 32 33 37 31 32 32 36 35 6 3 33 28 33 6 32 33 0 33 31 34 32 31 33 36 31 30 32 29 31 32 6 8 33 32 36 32 31 5 33 31 7 6 30 7 36 32 8 32 4 35 33 33
0 34 6 8 35 34 34 34 36 32 8 34 35 30 3 4 7 35 35 29 32 6 33 32 35 34 37 32 32 35 9 31 32 33 33 30 12 34 31 34 30 33 34 5 8 32 0 7 35 30 33 34 9 32 6 36 8 9 9 35 32 33 33 36 34 35 35 31 33 32 33 32 35 34 7 34 34 33 33 32 9
0 30 5 7 33 34 31 32 34 32 4 30 33 29 5 1 7 32 32 31 30 4 32 29 31 32 34 28 32 33 7 36 31 32 31 35 9 31 29 32 29 32 32 6 7 30 6 0 32 29 32 32 8 29 5 33 6 3 5 32 34 32 30 34 33 32 32 30 29 31 32 29 32 37 6 33 35 31 34 30 5
0 9 29 35 6 31 29 32 32 9 32 33 33 32 34 32 27 9 30 33 33 31 31 33 32 34 32 7 8 7 28 7 5 33 6 35 33 32 34 31 7 31 35 30 33 32 32 32 0 6 8 7 31 34 33 9 34 33 32 33 34 34 33 8 35 10 33 30 6 32 32 6 33 33 32 33 36 30 35 30 31
0 5 33 30 8 37 32 36 36 7 34 33 35 34 33 32 35 10 32 33 32 33 34 31 34 31 36 7 8 9 36 11 8 33 6 37 37 34 32 34 5 33 32 30 31 32 34 34 9 0 8 9 36 31 33 9 34 33 32 32 32 34 30 11 34 8 34 35 8 35 35 6 36 39 32 33 38 32 33 36 34
0 11 37 37 12 34 37 36 38 13 35 36 37 33 36 33 36 13 38 36 35 36 34 35 34 37 38 8 9 10 36 12 9 33 10 37 39 34 33 34 7 36 35 33 37 35 34 35 9 7 0 12 37 35 34 12 37 37 35 37 36 34 36 12 36 12 36 34 6 35 36 9 36 39 35 33 39 36 37 34 34
0 11 31 37 9 32 32 35 34 11 33 32 34 33 36 35 31 9 33 35 32 31 29 35 35 36 32 10 10 8 31 10 6 32 7 34 36 34 35 33 8 33 36 32 36 34 33 35 4 8 6 0 31 35 34 7 36 35 33 36 35 34 36 11 35 11 32 33 9 32 33 8 32 36 32 27 38 32 35 33 33
0 36 9 10 34 36 32 36 37 34 9 36 34 34 9 7 6 37 36 31 33 8 32 32 34 34 35 33 33 35 8 39 34 35 32 33 12 34 32 34 32 35 35 8 10 30 10 8 33 35 34 36 0 34 8 35 6 8 10 35 37 36 35 38 33 35 34 33 34 35 35 34 35 39 9 30 36 34 38 33 10
0 28 32 32 31 34 3 36 8 30 32 8 9 31 33 32 32 34 35 8 30 32 32 32 32 7 7 32 33 32 34 36 33 5 29 9 36 32 33 5 32 5 34 31 33 33 32 31 33 31 33 34 33 0 33 34 34 31 29 33 33 6 9 34 6 35 33 7 31 33 33 33 33 11 30 31 11 31 9 8 33
0 37 6 9 33 31 37 37 35 39 9 36 35 34 11 8 10 39 36 36 30 5 35 35 35 33 37 36 30 32 6 36 33 36 34 39 10 35 35 33 35 35 34 7 10 35 11 10 35 34 35 33 9 36 0 34 11 11 9 34 37 37 37 39 37 38 33 36 37 33 34 35 35 36 9 33 39 31 36 35 8
0 10 31 35 7 34 35 34 32 10 29 31 32 31 31 32 35 8 32 33 33 31 35 33 32 34 35 9 9 9 35 10 4 32 5 36 33 32 34 31 8 33 29 32 35 32 32 36 8 6 5 7 34 34 31 0 34 36 32 35 33 33 35 10 35 9 29 35 8 32 31 9 31 35 32 33 33 33 34 35 33
0 35 5 9 33 30 34 36 34 35 7 34 34 32 10 7 6 38 34 32 34 4 35 32 34 34 29 32 35 32 7 37 31 35 31 38 11 33 33 33 32 35 35 6 9 32 10 9 36 33 34 32 10 34 9 34 0 9 8 34 34 36 35 34 36 35 33 37 35 32 32 31 34 37 8 33 30 32 35 36 7
0 31 4 6 32 32 32 31 32 33 2 29 32 27 3 3 5 30 32 32 31 3 30 31 28 32 32 33 32 31 5 34 30 30 31 33 9 28 32 29 31 31 30 5 5 32 4 8 30 28 29 31 7 30 3 31 7 0 4 32 32 31 31 32 33 34 31 29 27 30 31 33 29 34 5 32 35 30 32 29 3
0 34 4 7 31 32 32 35 33 34 7 32 32 29 5 4 4 35 32 32 28 3 31 30 29 32 34 31 32 30 8 33 31 28 32 32 8 29 30 30 30 28 33 3 6 31 3 6 34 29 31 31 5 32 6 32 7 6 0 31 31 29 32 33 29 32 31 34 32 31 31 31 32 34 1 32 34 28 32 33 6
0 33 30 33 32 7 32 7 34 32 33 33 32 3 32 30 31 35 7 29 2 30 6 4 4 32 33 31 32 31 34 34 31 29 32 33 35 4 4 31 30 28 7 29 33 2 30 32 33 30 31 32 32 32 32 32 31 32 27 0 6 30 33 34 30 32 5 32 30 3 5 28 7 33 28 6 34 3 32 32 32
0 34 32 31 32 8 33 8 31 29 30 31 35 4 31 30 31 32 9 33 8 31 7 7 5 32 35 33 32 33 33 35 32 32 33 36 37 5 4 31 32 29 3 33 32 7 32 32 32 31 31 34 35 32 31 32 34 29 33 6 0 32 34 35 34 30 8 31 29 7 7 32 5 32 33 7 34 5 27 32 31
0 33 33 36 34 36 8 32 8 34 34 7 7 32 32 34 33 36 34 7 31 32 35 33 33 10 10 30 35 32 37 34 32 6 32 7 36 32 33 8 33 6 33 32 30 32 30 36 36 33 34 35 34 9 34 33 34 34 30 34 31 0 7 34 7 34 32 9 34 33 32 32 34 11 31 36 5 32 6 9 30
0 34 30 34 35 36 9 36 8 36 33 4 7 30 36 32 34 33 28 9 34 30 34 34 34 9 11 35 32 34 34 36 32 9 33 11 37 34 34 6 34 9 36 31 35 33 34 36 35 31 35 32 36 7 35 34 36 36 33 35 36 8 0 37 10 35 33 8 36 31 33 33 34 11 34 32 11 29 11 8 32
0 3 31 32 5 31 29 36 34 5 33 31 34 31 34 29 32 9 34 33 32 31 28 31 33 34 30 6 5 5 32 12 6 33 3 33 36 34 29 32 5 32 33 32 33 32 34 31 7 6 5 7 30 31 33 7 27 33 31 34 34 33 35 0 34 8 32 34 8 32 32 6 34 33 32 30 30 33 35 34 33
0 36 32 31 29 36 10 35 8 36 35 6 5 32 35 33 34 35 34 9 32 32 28 33 32 7 11 34 36 34 33 37 35 6 36 7 36 32 34 3 33 6 33 32 32 34 33 33 33 33 34 34 30 8 32 35 36 34 31 34 33 7 10 36 0 36 34 10 34 34 34 35 35 11 31 31 11 32 7 10 35
0 9 32 35 10 33 30 34 35 10 36 32 35 32 34 34 28 8 34 34 33 32 35 35 35 37 32 6 10 8 35 10 9 34 9 35 34 34 34 33 9 32 35 33 32 34 32 37 8 7 10 8 32 36 36 9 35 36 32 34 33 29 35 8 35 0 34 35 10 33 34 8 36 38 33 35 33 33 34 34 32
0 33 30 32 30 5 32 5 29 33 28 30 29 2 32 30 32 33 4 30 5 30 8 5 3 32 32 32 32 33 32 33 27 31 28 33 30 3 5 28 31 31 5 31 32 3 31 33 31 29 30 32 34 32 28 28 31 33 30 7 7 32 32 33 32 33 0 32 33 5 2 32 4 32 30 6 32 4 33 32 32
0 33 31 33 30 32 7 29 5 34 29 4 4 29 32 31 33 32 31 5 32 31 28 31 30 8 7 33 34 33 33 34 27 6 29 6 35 30 32 5 31 6 32 32 30 30 29 34 32 29 31 33 30 6 31 34 31 30 31 33 32 7 4 31 7 34 34 0 29 31 28 33 31 9 31 31 9 31 7 1 31
0 6 31 32 6 33 32 31 33 8 29 30 32 27 33 29 30 8 32 33 31 31 30 31 32 32 32 7 6 5 31 10 3 32 5 34 34 32 32 29 5 31 30 31 32 32 31 34 4 2 5 7 32 31 28 6 33 32 30 33 33 31 31 7 33 8 31 28 0 30 30 7 31 36 31 33 35 32 34 29 29
0 37 36 32 37 9 37 7 35 37 35 36 37 9 36 36 37 39 11 34 8 35 10 10 10 37 37 37 34 36 36 39 35 35 36 38 39 10 10 36 36 34 9 35 32 11 36 38 39 36 36 37 38 35 31 32 35 37 33 11 9 36 39 34 36 38 9 38 36 0 9 38 10 38 34 11 38 9 35 38 36
0 32 30 31 34 9 32 9 32 34 34 29 28 1 33 29 31 32 3 32 6 29 8 5 7 32 35 32 33 33 31 34 33 32 32 32 33 7 5 31 31 33 7 31 31 6 31 33 30 27 33 31 35 30 33 34 34 33 32 7 7 31 31 37 34 34 7 33 33 3 0 32 9 36 32 6 34 3 33 33 32
0 6 31 33 8 32 30 31 33 5 31 32 31 31 31 29 32 7 33 28 29 30 32 28 32 30 32 3 4 6 32 10 5 30 6 34 33 31 28 32 2 30 31 31 33 27 31 30 7 6 5 7 33 30 30 6 29 30 29 29 33 32 32 7 32 5 30 32 4 32 32 0 32 36 29 30 32 30 34 32 32
0 36 33 34 32 6 35 11 33 32 33 34 37 7 32 32 33 35 12 35 9 32 9 9 8 34 36 33 31 36 32 37 35 33 36 32 34 7 6 33 32 32 6 32 35 8 34 34 35 33 27 32 35 34 34 35 34 32 34 9 3 33 36 38 36 31 9 34 32 8 10 34 0 35 34 7 37 6 30 34 34
0 33 33 32 34 33 8 30 7 34 34 9 9 32 31 32 35 32 33 6 31 32 32 31 27 3 8 32 27 33 30 33 34 4 33 6 31 34 31 9 31 7 30 30 33 32 29 33 35 32 33 32 34 8 33 35 32 33 31 31 32 5 9 31 8 34 33 7 33 33 35 32 35 0 32 32 9 32 8 7 34
0 34 3 8 31 34 32 34 32 33 6 33 33 32 5 5 3 35 33 31 27 2 33 32 33 33 34 32 34 30 8 33 30 28 31 32 8 32 32 30 32 27 33 2 6 31 3 8 34 32 32 31 8 33 6 31 7 7 5 30 31 29 35 36 33 34 30 33 33 30 31 30 32 34 0 32 33 28 32 33 5
0 36 31 37 35 7 32 9 34 37 35 32 35 8 36 34 30 34 6 35 5 30 2 9 8 35 34 35 36 33 30 36 33 33 34 33 36 8 8 32 34 33 10 32 35 8 34 34 29 34 32 32 30 35 34 35 36 35 32 10 8 35 36 36 35 36 8 32 34 6 8 34 5 36 32 0 37 6 35 32 33
0 32 32 36 34 35 6 35 9 34 33 5 9 33 34 31 34 34 33 6 31 31 32 30 34 7 8 29 32 34 34 39 33 8 32 11 36 34 31 8 30 8 33 33 36 31 34 32 35 34 33 34 34 4 32 34 31 32 33 33 36 9 6 31 8 33 32 9 32 33 34 30 35 7 33 34 0 32 11 9 34
0 33 28 34 33 9 34 9 31 35 32 33 33 6 35 33 33 36 8 32 6 27 6 6 5 33 34 34 35 32 34 35 31 32 32 35 34 5 7 30 32 32 8 29 35 5 33 35 33 32 33 30 34 32 32 32 33 34 31 7 9 33 34 36 34 35 5 35 35 3 6 31 8 34 31 4 34 0 36 35 30
0 33 31 33 34 33 7 33 8 35 29 5 8 29 30 31 30 31 34 8 33 31 32 33 30 7 9 34 34 32 32 36 31 6 32 9 36 30 33 5 33 2 28 32 33 33 32 36 32 30 31 33 34 6 30 32 34 28 32 31 33 7 7 34 9 33 33 4 28 32 32 33 31 10 32 33 11 30 0 5 30
0 33 31 32 30 32 7 29 5 33 29 4 4 29 31 30 33 32 30 5 32 30 28 31 30 8 7 32 33 33 33 33 27 5 28 6 35 30 32 5 31 7 32 32 32 30 29 33 32 29 31 33 30 6 31 34 31 30 32 33 32 6 4 31 9 34 33 5 29 31 28 33 30 8 32 31 9 31 6 0 31
0 30 7 8 32 34 31 34 32 32 5 32 32 31 5 6 7 34 32 32 33 6 33 33 32 34 35 34 34 29 9 35 29 33 31 36 7 32 33 31 33 31 33 8 9 32 8 10 34 31 32 35 8 33 5 30 8 9 6 34 34 34 34 36 35 36 29 35 34 30 30 35 31 35 7 33 35 32 35 32 0
SETUP_COST
0.0 160.0 60.0 200.0 180.0 120.0 160.0 120.0 120.0 160.0 20.0 60.0 120.0 160.0 140.0 140.0 120.0 120.0 160.0 140.0 120.0 60.0 160.0 120.0 100.0 180.0 200.0 100.0 160.0 160.0 120.0 180.0 160.0 80.0 140.0 160.0 180.0 140.0 120.0 100.0 120.0 120.0 160.0 80.0 160.0 120.0 100.0 180.0 100.0 160.0 60.0 100.0 200.0 120.0 160.0 160.0 140.0 160.0 140.0 160.0 120.0 100.0 140.0 140.0 180.0 160.0 160.0 140.0 160.0 100.0 140.0 120.0 60.0 180.0 140.0 120.0 40.0 100.0 120.0 140.0 120.0
0.0 0.0 660.0 620.0 60.0 640.0 540.0 720.0 640.0 40.0 660.0 680.0 660.0 580.0 640.0 620.0 640.0 200.0 680.0 660.0 640.0 640.0 620.0 660.0 640.0 640.0 640.0 160.0 180.0 100.0 640.0 220.0 100.0 640.0 20.0 700.0 700.0 640.0 660.0 600.0 140.0 640.0 640.0 640.0 620.0 640.0 660.0 660.0 120.0 80.0 140.0 180.0 660.0 640.0 660.0 120.0 640.0 680.0 620.0 660.0 640.0 640.0 660.0 120.0 680.0 180.0 620.0 680.0 180.0 640.0 640.0 120.0 660.0 700.0 620.0 580.0 720.0 660.0 660.0 680.0 680.0
0.0 640.0 0.0 180.0 640.0 680.0 660.0 680.0 600.0 680.0 140.0 640.0 680.0 640.0 160.0 120.0 140.0 700.0 660.0 620.0 620.0 120.0 640.0 620.0 600.0 640.0 680.0 640.0 660.0 620.0 140.0 680.0 640.0 620.0 600.0 680.0 180.0 600.0 620.0 560.0 620.0 620.0 640.0 20.0 160.0 600.0 120.0 160.0 640.0 640.0 640.0 680.0 160.0 660.0 140.0 640.0 120.0 140.0 80.0 640.0 680.0 640.0 700.0 700.0 640.0 680.0 620.0 700.0 660.0 640.0 640.0 600.0 660.0 660.0 80.0 620.0 660.0 640.0 700.0 680.0 60.0
0.0 620.0 100.0 0.0 660.0 680.0 640.0 700.0 660.0 640.0 140.0 660.0 660.0 600.0 140.0 120.0 100.0 700.0 680.0 660.0 580.0 80.0 640.0 620.0 600.0 660.0 660.0 640.0 660.0 620.0 180.0 680.0 640.0 580.0 640.0 660.0 180.0 600.0 620.0 620.0 620.0 580.0 620.0 80.0 20.0 640.0 80.0 160.0 680.0 620.0 640.0 640.0 120.0 600.0 140.0 640.0 180.0 120.0 40.0 640.0 580.0 620.0 680.0 700.0 620.0 640.0 640.0 680.0 640.0 640.0 640.0 640.0 660.0 700.0 40.0 660.0 700.0 600.0 600.0 660.0 80.0
0.0 160.0 640.0 580.0 0.0 680.0 680.0 720.0 640.0 160.0 680.0 660.0 680.0 620.0 660.0 620.0 640.0 160.0 640.0 660.0 600.0 620.0 660.0 640.0 600.0 600.0 720.0 120.0 160.0 120.0 660.0 180.0 140.0 600.0 160.0 660.0 720.0 600.0 640.0 540.0 120.0 600.0 620.0 620.0 580.0 660.0 620.0 620.0 120.0 100.0 120.0 140.0 660.0 640.0 660.0 160.0 680.0 660.0 580.0 640.0 620.0 620.0 680.0 180.0 620.0 180.0 640.0 680.0 160.0 640.0 640.0 140.0 680.0 700.0 580.0 680.0 700.0 600.0 640.0 680.0 660.0
0.0 640.0 700.0 720.0 680.0 0.0 640.0 220.0 700.0 680.0 700.0 720.0 700.0 160.0 720.0 640.0 700.0 740.0 200.0 680.0 140.0 680.0 160.0 120.0 180.0 600.0 740.0 660.0 640.0 660.0 680.0 700.0 660.0 680.0 640.0 760.0 720.0 180.0 120.0 680.0 640.0 660.0 100.0 680.0 720.0 140.0 700.0 680.0 680.0 700.0 680.0 740.0 720.0 680.0 680.0 640.0 700.0 680.0 640.0 120.0 120.0 700.0 720.0 740.0 700.0 700.0 140.0 720.0 680.0 160.0 160.0 660.0 180.0 760.0 660.0 120.0 720.0 160.0 660.0 720.0 720.0
0.0 680.0 680.0 660.0 720.0 740.0 0.0 740.0 120.0 700.0 720.0 160.0 220.0 580.0 700.0 600.0 720.0 700.0 680.0 180.0 680.0 680.0 680.0 640.0 700.0 160.0 200.0 680.0 700.0 720.0 720.0 720.0 700.0 140.0 680.0 200.0 780.0 720.0 660.0 140.0 640.0 180.0 680.0 640.0 660.0 680.0 640.0 700.0 700.0 580.0 700.0 680.0 680.0 120.0 680.0 720.0 660.0 700.0 680.0 700.0 700.0 120.0 120.0 660.0 200.0 700.0 700.0 220.0 700.0 620.0 720.0 680.0 700.0 180.0 680.0 700.0 180.0 680.0 200.0 220.0 700.0
0.0 620.0 620.0 680.0 660.0 120.0 620.0 0.0 580.0 640.0 700.0 620.0 680.0 140.0 660.0 620.0 680.0 680.0 200.0 680.0 160.0 620.0 80.0 140.0 120.0 700.0 620.0 660.0 640.0 660.0 680.0 660.0 660.0 600.0 620.0 680.0 720.0 180.0 100.0 660.0 640.0 680.0 180.0 620.0 680.0 140.0 620.0 660.0 700.0 660.0 640.0 660.0 640.0 640.0 680.0 700.0 580.0 700.0 640.0 200.0 140.0 640.0 720.0 560.0 700.0 720.0 160.0 700.0 700.0 140.0 160.0 660.0 120.0 640.0 660.0 120.0 640.0 140.0 680.0 700.0 640.0
0.0 680.0 580.0 720.0 700.0 640.0 160.0 660.0 0.0 680.0 680.0 60.0 120.0 640.0 640.0 660.0 700.0 640.0 700.0 120.0 640.0 580.0 660.0 640.0 600.0 140.0 120.0 640.0 620.0 640.0 660.0 620.0 660.0 40.0 660.0 140.0 680.0 660.0 660.0 100.0 640.0 160.0 660.0 580.0 640.0 620.0 580.0 700.0 680.0 660.0 620.0 620.0 720.0 140.0 680.0 680.0 600.0 660.0 640.0 680.0 620.0 80.0 180.0 680.0 180.0 680.0 660.0 140.0 680.0 600.0 680.0 620.0 600.0 80.0 660.0 640.0 80.0 620.0 120.0 140.0 620.0
0.0 160.0 660.0 580.0 180.0 700.0 660.0 680.0 680.0 0.0 680.0 700.0 680.0 640.0 680.0 640.0 640.0 200.0 720.0 620.0 620.0 640.0 680.0 620.0 640.0 600.0 680.0 120.0 140.0 160.0 700.0 200.0 160.0 620.0 160.0 700.0 720.0 640.0 620.0 660.0 100.0 620.0 620.0 640.0 580.0 600.0 640.0 660.0 200.0 140.0 160.0 180.0 680.0 640.0 660.0 160.0 640.0 640.0 600.0 620.0 600.0 660.0 700.0 200.0 660.0 140.0 660.0 700.0 140.0 680.0 680.0 80.0 680.0 720.0 600.0 660.0 700.0 640.0 620.0 700.0 640.0
0.0 680.0 60.0 180.0 680.0 660.0 680.0 680.0 640.0 660.0 0.0 560.0 620.0 660.0 120.0 160.0 140.0 620.0 700.0 640.0 620.0 40.0 660.0 660.0 640.0 660.0 700.0 660.0 640.0 660.0 140.0 680.0 660.0 580.0 640.0 660.0 160.0 640.0 660.0 600.0 660.0 620.0 660.0 60.0 140.0 640.0 80.0 180.0 660.0 660.0 560.0 600.0 180.0 640.0 160.0 660.0 160.0 140.0 120.0 660.0 620.0 600.0 680.0 720.0 680.0 660.0 660.0 640.0 660.0 600.0 680.0 640.0 560.0 700.0 120.0 620.0 680.0 600.0 640.0 640.0 100.0
0.0 660.0 540.0 680.0 660.0 680.0 140.0 660.0 80.0 680.0 660.0 0.0 80.0 660.0 680.0 640.0 660.0 600.0 680.0 120.0 600.0 540.0 640.0 640.0 620.0 140.0 160.0 660.0 680.0 640.0 660.0 700.0 640.0 120.0 620.0 180.0 700.0 620.0 640.0 60.0 640.0 120.0 660.0 560.0 640.0 620.0 660.0 680.0 640.0 660.0 640.0 580.0 660.0 100.0 640.0 640.0 660.0 680.0 620.0 640.0 680.0 120.0 140.0 700.0 140.0 660.0 640.0 100.0 660.0 560.0 640.0 620.0 660.0 160.0 620.0 600.0 160.0 580.0 180.0 100.0 600.0
0.0 720.0 660.0 660.0 700.0 700.0 160.0 720.0 100.0 680.0 700.0 140.0 0.0 640.0 700.0 660.0 660.0 720.0 680.0 100.0 620.0 640.0 680.0 640.0 640.0 180.0 180.0 660.0 680.0 660.0 720.0 640.0 680.0 120.0 700.0 200.0 640.0 640.0 640.0 160.0 640.0 100.0 660.0 640.0 580.0 600.0 640.0 680.0 740.0 660.0 640.0 680.0 680.0 180.0 680.0 700.0 640.0 680.0 600.0 680.0 620.0 140.0 200.0 720.0 140.0 680.0 680.0 140.0 680.0 680.0 680.0 680.0 700.0 180.0 620.0 700.0 180.0 640.0 120.0 160.0 700.0
0.0 640.0 660.0 620.0 680.0 220.0 640.0 180.0 700.0 660.0 680.0 680.0 700.0 0.0 640.0 560.0 680.0 660.0 120.0 660.0 120.0 640.0 160.0 80.0 160.0 620.0 720.0 640.0 660.0 680.0 680.0 700.0 660.0 660.0 640.0 660.0 740.0 160.0 100.0 680.0 600.0 660.0 120.0 600.0 620.0 120.0 600.0 660.0 660.0 540.0 660.0 700.0 720.0 600.0 640.0 680.0 680.0 640.0 640.0 140.0 140.0 600.0 600.0 740.0 680.0 660.0 140.0 700.0 660.0 60.0 160.0 640.0 180.0 760.0 640.0 160.0 700.0 120.0 680.0 700.0 660.0
0.0 660.0 160.0 180.0 700.0 640.0 660.0 720.0 740.0 700.0 160.0 660.0 700.0 680.0 0.0 80.0 160.0 740.0 700.0 640.0 660.0 140.0 700.0 640.0 640.0 660.0 720.0 620.0 640.0 700.0 160.0 760.0 700.0 640.0 680.0 740.0 220.0 720.0 600.0 720.0 580.0 700.0 680.0 140.0 180.0 620.0 160.0 120.0 660.0 620.0 640.0 720.0 140.0 640.0 100.0 720.0 160.0 180.0 160.0 680.0 720.0 680.0 660.0 740.0 660.0 700.0 700.0 700.0 700.0 700.0 720.0 620.0 700.0 640.0 160.0 700.0 740.0 680.0 720.0 700.0 200.0
0.0 600.0 100.0 160.0 640.0 700.0 620.0 700.0 680.0 640.0 120.0 640.0 680.0 640.0 140.0 0.0 140.0 680.0 680.0 640.0 600.0 100.0 680.0 580.0 640.0 620.0 700.0 600.0 620.0 640.0 140.0 760.0 620.0 640.0 620.0 720.0 180.0 640.0 580.0 660.0 580.0 640.0 640.0 120.0 180.0 620.0 140.0 100.0 680.0 640.0 620.0 660.0 180.0 560.0 100.0 640.0 140.0 100.0 100.0 640.0 700.0 660.0 660.0 700.0 640.0 640.0 620.0 660.0 620.0 640.0 640.0 620.0 660.0 720.0 120.0 640.0 720.0 620.0 720.0 660.0 140.0
0.0 720.0 140.0 160.0 760.0 640.0 580.0 660.0 680.0 720.0 200.0 700.0 720.0 620.0 220.0 120.0 0.0 700.0 640.0 660.0 680.0 120.0 720.0 660.0 720.0 700.0 620.0 660.0 720.0 740.0 160.0 760.0 700.0 700.0 720.0 740.0 140.0 720.0 680.0 640.0 660.0 600.0 720.0 160.0 160.0 640.0 180.0 200.0 660.0 620.0 720.0 680.0 100.0 680.0 180.0 660.0 180.0 200.0 140.0 640.0 720.0 680.0 680.0 700.0 720.0 720.0 700.0 680.0 720.0 660.0 700.0 640.0 720.0 740.0 160.0 680.0 740.0 640.0 740.0 700.0 180.0
0.0 200.0 640.0 720.0 160.0 660.0 600.0 700.0 700.0 200.0 700.0 700.0 700.0 640.0 680.0 660.0 620.0 0.0 640.0 680.0 600.0 620.0 700.0 680.0 600.0 680.0 700.0 200.0 220.0 140.0 700.0 200.0 140.0 620.0 180.0 700.0 720.0 600.0 700.0 620.0 180.0 580.0 700.0 620.0 700.0 660.0 640.0 720.0 200.0 120.0 120.0 140.0 700.0 700.0 700.0 160.0 680.0 720.0 640.0 640.0 680.0 640.0 700.0 160.0 700.0 220.0 660.0 720.0 180.0 620.0 660.0 140.0 700.0 740.0 600.0 680.0 720.0 600.0 680.0 720.0 680.0
0.0 640.0 560.0 700.0 680.0 180.0 660.0 180.0 640.0 680.0 660.0 680.0 680.0 140.0 700.0 660.0 680.0 660.0 0.0 660.0 140.0 560.0 140.0 140.0 120.0 660.0 700.0 680.0 700.0 640.0 680.0 720.0 620.0 660.0 640.0 720.0 700.0 120.0 140.0 600.0 660.0 660.0 160.0 580.0 700.0 120.0 680.0 700.0 660.0 660.0 660.0 600.0 680.0 620.0 660.0 640.0 680.0 700.0 640.0 160.0 160.0 660.0 680.0 700.0 680.0 660.0 100.0 700.0 700.0 60.0 120.0 640.0 160.0 700.0 640.0 100.0 700.0 20.0 700.0 720.0 620.0
0.0 720.0 640.0 640.0 720.0 720.0 200.0 740.0 180.0 600.0 680.0 200.0 180.0 680.0 600.0 680.0 680.0 660.0 720.0 0.0 600.0 620.0 720.0 680.0 700.0 140.0 240.0 680.0 700.0 640.0 680.0 780.0 660.0 180.0 680.0 240.0 720.0 700.0 660.0 160.0 660.0 120.0 660.0 660.0 640.0 660.0 700.0 680.0 660.0 700.0 700.0 660.0 720.0 180.0 700.0 680.0 700.0 720.0 660.0 680.0 660.0 120.0 220.0 720.0 180.0 720.0 660.0 200.0 720.0 660.0 680.0 640.0 700.0 200.0 660.0 680.0 120.0 620.0 160.0 180.0 680.0
0.0 680.0 580.0 680.0 640.0 160.0 700.0 160.0 640.0 720.0 620.0 640.0 640.0 100.0 680.0 620.0 680.0 720.0 140.0 660.0 0.0 560.0 140.0 140.0 120.0 680.0 700.0 680.0 680.0 580.0 680.0 720.0 600.0 660.0 620.0 720.0 660.0 120.0 140.0 600.0 660.0 660.0 140.0 580.0 700.0 120.0 680.0 700.0 660.0 640.0 640.0 600.0 700.0 640.0 620.0 620.0 680.0 700.0 640.0 160.0 160.0 660.0 680.0 720.0 680.0 720.0 60.0 700.0 680.0 80.0 100.0 640.0 120.0 660.0 640.0 100.0 700.0 20.0 700.0 640.0 620.0
0.0 660.0 20.0 160.0 660.0 680.0 660.0 680.0 620.0 680.0 160.0 640.0 680.0 640.0 160.0 140.0 140.0 720.0 680.0 640.0 640.0 0.0 620.0 640.0 620.0 640.0 680.0 660.0 680.0 640.0 140.0 700.0 640.0 640.0 620.0 700.0 200.0 620.0 640.0 580.0 640.0 640.0 660.0 40.0 160.0 620.0 140.0 160.0 640.0 660.0 640.0 580.0 160.0 620.0 120.0 640.0 140.0 160.0 80.0 640.0 700.0 640.0 660.0 700.0 660.0 680.0 640.0 700.0 680.0 560.0 660.0 600.0 660.0 680.0 100.0 600.0 680.0 580.0 720.0 700.0 60.0
0.0 720.0 620.0 720.0 700.0 200.0 680.0 220.0 680.0 720.0 720.0 600.0 660.0 120.0 700.0 640.0 640.0 660.0 180.0 660.0 100.0 600.0 0.0 140.0 140.0 660.0 740.0 660.0 680.0 680.0 660.0 740.0 680.0 640.0 680.0 640.0 760.0 140.0 120.0 660.0 640.0 640.0 160.0 640.0 720.0 120.0 640.0 680.0 640.0 660.0 680.0 660.0 580.0 680.0 640.0 700.0 680.0 700.0 600.0 160.0 180.0 660.0 720.0 720.0 660.0 720.0 160.0 680.0 680.0 120.0 160.0 680.0 160.0 740.0 620.0 60.0 740.0 120.0 700.0 680.0 660.0
0.0 620.0 600.0 680.0 640.0 160.0 620.0 140.0 640.0 640.0 600.0 600.0 640.0 80.0 620.0 540.0 620.0 640.0 120.0 600.0 40.0 580.0 120.0 0.0 80.0 580.0 660.0 560.0 580.0 600.0 620.0 700.0 580.0 600.0 600.0 680.0 660.0 80.0 20.0 620.0 540.0 640.0 80.0 620.0 660.0 60.0 620.0 580.0 640.0 600.0 580.0 640.0 680.0 580.0 580.0 600.0 620.0 580.0 620.0 80.0 140.0 620.0 620.0 700.0 600.0 580.0 60.0 620.0 580.0 100.0 80.0 560.0 100.0 680.0 620.0 120.0 680.0 60.0 680.0 620.0 620.0
0.0 660.0 680.0 720.0 680.0 180.0 660.0 140.0 700.0 680.0 700.0 720.0 720.0 120.0 620.0 640.0 700.0 740.0 140.0 620.0 160.0 660.0 120.0 160.0 0.0 720.0 680.0 660.0 680.0 720.0 700.0 660.0 660.0 700.0 640.0 640.0 780.0 200.0 140.0 700.0 640.0 700.0 200.0 660.0 700.0 160.0 560.0 700.0 680.0 640.0 700.0 620.0 680.0 680.0 680.0 740.0 620.0 700.0 720.0 220.0 160.0 700.0 680.0 620.0 720.0 740.0 200.0 660.0 700.0 160.0 160.0 680.0 200.0 720.0 680.0 120.0 700.0 160.0 700.0 660.0 720.0
0.0 640.0 620.0 700.0 660.0 680.0 140.0 680.0 140.0 660.0 640.0 120.0 140.0 620.0 640.0 580.0 640.0 660.0 680.0 100.0 580.0 620.0 660.0 560.0 620.0 0.0 180.0 600.0 620.0 640.0 640.0 660.0 620.0 80.0 640.0 160.0 680.0 620.0 580.0 120.0 560.0 80.0 540.0 620.0 680.0 600.0 620.0 620.0 680.0 620.0 620.0 660.0 660.0 100.0 600.0 640.0 640.0 600.0 560.0 560.0 660.0 100.0 120.0 660.0 100.0 620.0 620.0 140.0 620.0 600.0 640.0 580.0 660.0 180.0 580.0 660.0 180.0 600.0 160.0 140.0 640.0
0.0 660.0 660.0 700.0 700.0 560.0 120.0 660.0 180.0 660.0 660.0 140.0 140.0 620.0 660.0 620.0 580.0 700.0 660.0 80.0 620.0 640.0 680.0 600.0 660.0 100.0 0.0 620.0 640.0 660.0 680.0 720.0 640.0 140.0 660.0 200.0 700.0 660.0 600.0 160.0 600.0 120.0 640.0 660.0 700.0 580.0 660.0 640.0 700.0 640.0 640.0 700.0 660.0 140.0 640.0 660.0 620.0 640.0 620.0 620.0 660.0 160.0 140.0 700.0 160.0 660.0 640.0 160.0 640.0 680.0 620.0 580.0 680.0 240.0 640.0 640.0 180.0 640.0 160.0 180.0 680.0
0.0 160.0 600.0 680.0 180.0 680.0 640.0 660.0 660.0 120.0 660.0 580.0 640.0 640.0 640.0 600.0 680.0 140.0 620.0 580.0 620.0 580.0 680.0 580.0 660.0 640.0 660.0 0.0 120.0 140.0 680.0 220.0 120.0 640.0 140.0 720.0 700.0 660.0 600.0 640.0 80.0 640.0 660.0 620.0 700.0 560.0 660.0 640.0 180.0 140.0 120.0 120.0 700.0 640.0 600.0 140.0 620.0 640.0 620.0 620.0 700.0 660.0 580.0 180.0 660.0 120.0 640.0 660.0 120.0 620.0 660.0 40.0 680.0 720.0 620.0 640.0 680.0 620.0 720.0 660.0 640.0
0.0 180.0 640.0 680.0 200.0 640.0 700.0 720.0 700.0 220.0 680.0 700.0 700.0 680.0 700.0 640.0 680.0 200.0 720.0 680.0 600.0 620.0 700.0 620.0 680.0 600.0 660.0 140.0 0.0 120.0 580.0 160.0 140.0 660.0 160.0 740.0 640.0 680.0 640.0 680.0 100.0 640.0 600.0 660.0 680.0 660.0 680.0 640.0 220.0 160.0 160.0 160.0 720.0 680.0 660.0 160.0 700.0 660.0 640.0 620.0 720.0 680.0 700.0 200.0 680.0 160.0 660.0 660.0 160.0 660.0 680.0 140.0 680.0 720.0 640.0 680.0 760.0 620.0 740.0 680.0 680.0
0.0 160.0 620.0 640.0 80.0 640.0 660.0 640.0 600.0 160.0 580.0 600.0 600.0 580.0 620.0 600.0 640.0 160.0 600.0 620.0 620.0 600.0 620.0 620.0 600.0 640.0 660.0 140.0 140.0 0.0 660.0 160.0 20.0 620.0 40.0 680.0 620.0 600.0 620.0 580.0 100.0 640.0 620.0 640.0 640.0 600.0 640.0 660.0 120.0 60.0 60.0 140.0 660.0 640.0 580.0 40.0 640.0 660.0 600.0 660.0 640.0 640.0 640.0 160.0 660.0 160.0 540.0 660.0 120.0 620.0 560.0 140.0 580.0 660.0 620.0 660.0 660.0 620.0 660.0 600.0 660.0
0.0 680.0 140.0 220.0 720.0 600.0 680.0 720.0 720.0 720.0 180.0 680.0 680.0 640.0 180.0 100.0 160.0 720.0 680.0 680.0 680.0 140.0 700.0 660.0 700.0 660.0 620.0 640.0 700.0 720.0 0.0 640.0 700.0 720.0 700.0 760.0 260.0 700.0 660.0 700.0 660.0 740.0 680.0 160.0 220.0 660.0 200.0 100.0 720.0 660.0 720.0 700.0 240.0 660.0 120.0 700.0 180.0 140.0 180.0 700.0 700.0 680.0 680.0 720.0 740.0 720.0 720.0 680.0 660.0 680.0 640.0 660.0 720.0 780.0 200.0 700.0 760.0 640.0 720.0 680.0 180.0
0.0 200.0 640.0 700.0 160.0 700.0 700.0 640.0 680.0 160.0 640.0 640.0 660.0 640.0 700.0 680.0 720.0 120.0 680.0 680.0 640.0 640.0 640.0 680.0 660.0 740.0 720.0 180.0 180.0 160.0 720.0 0.0 100.0 680.0 120.0 700.0 700.0 660.0 660.0 660.0 140.0 680.0 700.0 660.0 720.0 660.0 640.0 700.0 180.0 140.0 140.0 160.0 660.0 700.0 660.0 140.0 680.0 660.0 660.0 640.0 700.0 700.0 660.0 160.0 720.0 200.0 640.0 680.0 120.0 660.0 640.0 160.0 660.0 740.0 660.0 660.0 760.0 640.0 720.0 600.0 680.0
0.0 140.0 600.0 640.0 80.0 620.0 640.0 620.0 660.0 140.0 560.0 580.0 580.0 560.0 660.0 600.0 640.0 140.0 600.0 600.0 640.0 600.0 680.0 600.0 580.0 660.0 640.0 120.0 140.0 140.0 640.0 140.0 0.0 620.0 40.0 660.0 680.0 580.0 620.0 600.0 80.0 640.0 680.0 620.0 640.0 580.0 620.0 660.0 100.0 40.0 80.0 120.0 720.0 620.0 640.0 160.0 620.0 640.0 640.0 640.0 640.0 640.0 640.0 140.0 680.0 140.0 660.0 660.0 140.0 600.0 540.0 120.0 600.0 720.0 640.0 640.0 680.0 600.0 660.0 680.0 640.0
0.0 660.0 660.0 680.0 700.0 660.0 140.0 660.0 160.0 640.0 660.0 160.0 160.0 620.0 600.0 620.0 680.0 700.0 660.0 80.0 640.0 640.0 640.0 620.0 680.0 140.0 160.0 640.0 660.0 640.0 680.0 640.0 660.0 0.0 680.0 100.0 720.0 660.0 620.0 180.0 620.0 120.0 640.0 540.0 620.0 600.0 540.0 660.0 660.0 620.0 660.0 700.0 680.0 140.0 660.0 680.0 640.0 640.0 640.0 640.0 600.0 40.0 160.0 700.0 180.0 660.0 660.0 120.0 640.0 660.0 660.0 580.0 680.0 180.0 640.0 620.0 140.0 660.0 80.0 140.0 620.0
0.0 180.0 660.0 620.0 40.0 640.0 700.0 740.0 660.0 120.0 680.0 700.0 680.0 640.0 700.0 660.0 660.0 200.0 660.0 680.0 620.0 640.0 700.0 660.0 640.0 640.0 620.0 160.0 200.0 120.0 660.0 220.0 120.0 640.0 0.0 700.0 720.0 640.0 680.0 580.0 140.0 640.0 660.0 640.0 620.0 660.0 660.0 660.0 120.0 140.0 160.0 180.0 680.0 680.0 680.0 140.0 700.0 700.0 600.0 660.0 660.0 660.0 720.0 200.0 660.0 200.0 640.0 700.0 180.0 680.0 660.0 140.0 680.0 740.0 620.0 720.0 740.0 640.0 680.0 700.0 680.0
0.0 620.0 640.0 680.0 640.0 660.0 100.0 660.0 180.0 660.0 660.0 100.0 140.0 620.0 660.0 560.0 580.0 640.0 660.0 80.0 600.0 620.0 640.0 600.0 660.0 120.0 160.0 560.0 580.0 640.0 620.0 700.0 640.0 80.0 640.0 0.0 680.0 660.0 540.0 120.0 540.0 80.0 620.0 540.0 680.0 580.0 620.0 580.0 660.0 640.0 580.0 660.0 660.0 60.0 580.0 660.0 620.0 640.0 620.0 620.0 660.0 100.0 100.0 700.0 100.0 640.0 640.0 140.0 640.0 640.0 660.0 580.0 640.0 180.0 580.0 620.0 180.0 600.0 160.0 140.0 640.0
0.0 660.0 140.0 40.0 640.0 680.0 660.0 620.0 660.0 640.0 100.0 640.0 640.0 620.0 140.0 120.0 120.0 680.0 640.0 660.0 600.0 120.0 600.0 640.0 640.0 700.0 700.0 680.0 680.0 660.0 180.0 700.0 600.0 620.0 620.0 680.0 0.0 640.0 660.0 660.0 640.0 620.0 660.0 120.0 60.0 640.0 100.0 180.0 680.0 640.0 660.0 680.0 140.0 620.0 80.0 660.0 160.0 120.0 60.0 660.0 600.0 640.0 640.0 660.0 640.0 600.0 660.0 580.0 620.0 660.0 620.0 680.0 640.0 680.0 80.0 660.0 740.0 620.0 620.0 580.0 120.0
0.0 660.0 680.0 720.0 680.0 80.0 680.0 140.0 700.0 680.0 700.0 720.0 680.0 120.0 620.0 640.0 700.0 740.0 140.0 620.0 180.0 680.0 120.0 180.0 20.0 660.0 680.0 680.0 700.0 720.0 700.0 660.0 660.0 700.0 640.0 640.0 780.0 0.0 140.0 700.0 640.0 700.0 160.0 660.0 700.0 160.0 580.0 700.0 680.0 640.0 560.0 620.0 680.0 680.0 680.0 720.0 640.0 700.0 700.0 180.0 160.0 700.0 680.0 620.0 660.0 740.0 200.0 660.0 680.0 160.0 180.0 680.0 200.0 740.0 680.0 120.0 700.0 160.0 700.0 660.0 720.0
0.0 600.0 640.0 680.0 660.0 160.0 600.0 180.0 680.0 640.0 640.0 640.0 680.0 100.0 660.0 540.0 660.0 680.0 180.0 640.0 80.0 620.0 160.0 60.0 140.0 640.0 700.0 600.0 580.0 660.0 620.0 720.0 640.0 640.0 620.0 740.0 680.0 140.0 0.0 660.0 580.0 640.0 100.0 660.0 680.0 100.0 660.0 580.0 680.0 620.0 580.0 660.0 720.0 580.0 620.0 660.0 660.0 620.0 620.0 140.0 180.0 620.0 640.0 720.0 660.0 640.0 120.0 640.0 640.0 140.0 140.0 620.0 160.0 680.0 640.0 140.0 700.0 100.0 720.0 640.0 660.0
0.0 700.0 620.0 660.0 660.0 680.0 140.0 720.0 100.0 700.0 680.0 140.0 160.0 600.0 660.0 640.0 620.0 660.0 620.0 140.0 580.0 600.0 640.0 620.0 600.0 80.0 200.0 640.0 660.0 620.0 700.0 700.0 640.0 60.0 660.0 120.0 700.0 600.0 620.0 0.0 620.0 60.0 620.0 600.0 660.0 640.0 600.0 640.0 720.0 620.0 640.0 660.0 640.0 160.0 660.0 660.0 680.0 660.0 560.0 620.0 640.0 100.0 160.0 700.0 100.0 680.0 640.0 180.0 660.0 640.0 640.0 640.0 680.0 160.0 560.0 660.0 180.0 600.0 140.0 180.0 660.0
0.0 100.0 620.0 680.0 120.0 660.0 620.0 660.0 680.0 140.0 660.0 600.0 660.0 620.0 660.0 540.0 680.0 160.0 640.0 600.0 620.0 620.0 640.0 580.0 660.0 640.0 660.0 40.0 60.0 140.0 620.0 180.0 120.0 600.0 100.0 680.0 680.0 660.0 540.0 660.0 0.0 640.0 620.0 620.0 680.0 580.0 620.0 580.0 180.0 120.0 60.0 140.0 680.0 580.0 560.0 140.0 620.0 640.0 620.0 620.0 660.0 620.0 620.0 180.0 600.0 120.0 640.0 640.0 120.0 640.0 660.0 40.0 680.0 680.0 620.0 640.0 680.0 640.0 680.0 640.0 660.0
0.0 700.0 580.0 700.0 700.0 680.0 100.0 700.0 140.0 700.0 680.0 180.0 180.0 640.0 700.0 660.0 580.0 700.0 660.0 120.0 620.0 580.0 660.0 640.0 640.0 120.0 140.0 680.0 700.0 660.0 660.0 720.0 640.0 100.0 660.0 180.0 680.0 640.0 640.0 60.0 640.0 0.0 660.0 600.0 700.0 620.0 640.0 680.0 680.0 640.0 680.0 620.0 640.0 140.0 680.0 660.0 660.0 680.0 600.0 580.0 680.0 140.0 160.0 740.0 140.0 700.0 640.0 180.0 660.0 600.0 660.0 620.0 700.0 200.0 600.0 640.0 200.0 560.0 180.0 180.0 640.0
0.0 700.0 700.0 780.0 740.0 220.0 700.0 200.0 760.0 740.0 720.0 740.0 740.0 200.0 780.0 680.0 780.0 700.0 240.0 760.0 160.0 680.0 160.0 200.0 180.0 760.0 720.0 740.0 720.0 720.0 760.0 780.0 700.0 760.0 700.0 780.0 760.0 220.0 160.0 700.0 720.0 740.0 0.0 720.0 740.0 220.0 720.0 720.0 780.0 720.0 640.0 740.0 720.0 720.0 760.0 760.0 660.0 740.0 720.0 260.0 260.0 700.0 740.0 660.0 780.0 780.0 200.0 680.0 720.0 200.0 180.0 760.0 240.0 780.0 740.0 200.0 740.0 160.0 780.0 680.0 740.0
0.0 660.0 140.0 180.0 700.0 700.0 640.0 660.0 700.0 660.0 160.0 680.0 660.0 660.0 160.0 100.0 140.0 700.0 720.0 600.0 620.0 120.0 640.0 600.0 680.0 640.0 680.0 640.0 640.0 660.0 160.0 760.0 660.0 640.0 660.0 740.0 200.0 660.0 620.0 680.0 600.0 640.0 660.0 0.0 180.0 580.0 160.0 140.0 640.0 680.0 660.0 680.0 160.0 640.0 120.0 680.0 100.0 120.0 100.0 640.0 660.0 680.0 680.0 700.0 680.0 660.0 640.0 680.0 640.0 660.0 680.0 580.0 680.0 760.0 120.0 600.0 700.0 640.0 680.0 680.0 100.0
0.0 680.0 80.0 140.0 640.0 660.0 660.0 700.0 640.0 620.0 120.0 660.0 660.0 580.0 120.0 100.0 100.0 680.0 660.0 640.0 560.0 80.0 640.0 600.0 600.0 660.0 660.0 640.0 660.0 620.0 180.0 680.0 640.0 580.0 640.0 660.0 180.0 600.0 620.0 620.0 600.0 580.0 620.0 60.0 0.0 640.0 80.0 140.0 680.0 600.0 640.0 640.0 120.0 660.0 120.0 640.0 160.0 100.0 20.0 620.0 560.0 600.0 660.0 680.0 600.0 640.0 620.0 660.0 620.0 620.0 620.0 640.0 640.0 680.0 40.0 660.0 700.0 580.0 580.0 640.0 140.0
0.0 640.0 640.0 640.0 680.0 120.0 600.0 180.0 660.0 620.0 640.0 640.0 660.0 120.0 620.0 580.0 660.0 680.0 160.0 540.0 80.0 620.0 160.0 40.0 120.0 620.0 620.0 600.0 620.0 640.0 660.0 740.0 620.0 640.0 640.0 720.0 700.0 120.0 60.0 660.0 560.0 660.0 120.0 640.0 660.0 0.0 660.0 620.0 680.0 640.0 620.0 660.0 720.0 620.0 600.0 640.0 580.0 620.0 640.0 120.0 160.0 660.0 640.0 720.0 640.0 620.0 100.0 660.0 620.0 140.0 120.0 600.0 140.0 720.0 640.0 160.0 640.0 80.0 700.0 660.0 660.0
0.0 680.0 120.0 160.0 700.0 680.0 680.0 680.0 720.0 640.0 160.0 680.0 700.0 600.0 60.0 80.0 140.0 700.0 700.0 580.0 640.0 120.0 660.0 640.0 700.0 680.0 740.0 640.0 640.0 700.0 180.0 620.0 640.0 660.0 660.0 600.0 240.0 680.0 620.0 680.0 600.0 660.0 680.0 100.0 160.0 640.0 0.0 140.0 700.0 600.0 660.0 680.0 180.0 640.0 120.0 720.0 160.0 180.0 180.0 700.0 640.0 660.0 660.0 720.0 680.0 700.0 700.0 620.0 660.0 640.0 660.0 640.0 700.0 680.0 140.0 680.0 680.0 660.0 660.0 640.0 180.0
0.0 600.0 100.0 140.0 660.0 680.0 620.0 640.0 680.0 640.0 80.0 600.0 660.0 580.0 100.0 20.0 140.0 640.0 640.0 620.0 600.0 80.0 640.0 580.0 620.0 640.0 680.0 560.0 640.0 660.0 140.0 720.0 620.0 640.0 620.0 700.0 180.0 620.0 580.0 640.0 580.0 640.0 640.0 120.0 140.0 600.0 120.0 0.0 640.0 580.0 640.0 640.0 160.0 580.0 100.0 660.0 120.0 60.0 100.0 640.0 680.0 640.0 600.0 680.0 660.0 640.0 640.0 600.0 580.0 620.0 640.0 580.0 640.0 740.0 120.0 660.0 700.0 620.0 680.0 600.0 100.0
0.0 180.0 580.0 700.0 120.0 620.0 580.0 640.0 640.0 180.0 640.0 660.0 660.0 640.0 680.0 640.0 540.0 180.0 600.0 660.0 660.0 620.0 620.0 660.0 640.0 680.0 640.0 140.0 160.0 140.0 560.0 140.0 100.0 660.0 120.0 700.0 660.0 640.0 680.0 620.0 140.0 620.0 700.0 600.0 660.0 640.0 640.0 640.0 0.0 120.0 160.0 140.0 620.0 680.0 660.0 180.0 680.0 660.0 640.0 660.0 680.0 680.0 660.0 160.0 700.0 200.0 660.0 600.0 120.0 640.0 640.0 120.0 660.0 660.0 640.0 660.0 720.0 600.0 700.0 600.0 620.0
0.0 100.0 660.0 600.0 160.0 740.0 640.0 720.0 720.0 140.0 680.0 660.0 700.0 680.0 660.0 640.0 700.0 200.0 640.0 660.0 640.0 660.0 680.0 620.0 680.0 620.0 720.0 140.0 160.0 180.0 720.0 220.0 160.0 660.0 120.0 740.0 740.0 680.0 640.0 680.0 100.0 660.0 640.0 600.0 620.0 640.0 680.0 680.0 180.0 0.0 160.0 180.0 720.0 620.0 660.0 180.0 680.0 660.0 640.0 640.0 640.0 680.0 600.0 220.0 680.0 160.0 680.0 700.0 160.0 700.0 700.0 120.0 720.0 780.0 640.0 660.0 760.0 640.0 660.0 720.0 680.0
0.0 220.0 740.0 740.0 240.0 680.0 740.0 720.0 760.0 260.0 700.0 720.0 740.0 660.0 720.0 660.0 720.0 260.0 760.0 720.0 700.0 720.0 680.0 700.0 680.0 740.0 760.0 160.0 180.0 200.0 720.0 240.0 180.0 660.0 200.0 740.0 780.0 680.0 660.0 680.0 140.0 720.0 700.0 660.0 740.0 700.0 680.0 700.0 180.0 140.0 0.0 240.0 740.0 700.0 680.0 240.0 740.0 740.0 700.0 740.0 720.0 680.0 720.0 240.0 720.0 240.0 720.0 680.0 120.0 700.0 720.0 180.0 720.0 780.0 700.0 660.0 780.0 720.0 740.0 680.0 680.0
0.0 220.0 620.0 740.0 180.0 640.0 640.0 700.0 680.0 220.0 660.0 640.0 680.0 660.0 720.0 700.0 620.0 180.0 660.0 700.0 640.0 620.0 580.0 700.0 700.0 720.0 640.0 200.0 200.0 160.0 620.0 200.0 120.0 640.0 140.0 680.0 720.0 680.0 700.0 660.0 160.0 660.0 720.0 640.0 720.0 680.0 660.0 700.0 80.0 160.0 120.0 0.0 620.0 700.0 680.0 140.0 720.0 700.0 660.0 720.0 700.0 680.0 720.0 220.0 700.0 220.0 640.0 660.0 180.0 640.0 660.0 160.0 640.0 720.0 640.0 540.0 760.0 640.0 700.0 660.0 660.0
0.0 720.0 180.0 200.0 680.0 720.0 640.0 720.0 740.0 680.0 180.0 720.0 680.0 680.0 180.0 140.0 120.0 740.0 720.0 620.0 660.0 160.0 640.0 640.0 680.0 680.0 700.0 660.0 660.0 700.0 160.0 780.0 680.0 700.0 640.0 660.0 240.0 680.0 640.0 680.0 640.0 700.0 700.0 160.0 200.0 600.0 200.0 160.0 660.0 700.0 680.0 720.0 0.0 680.0 160.0 700.0 120.0 160.0 200.0 700.0 740.0 720.0 700.0 760.0 660.0 700.0 680.0 660.0 680.0 700.0 700.0 680.0 700.0 780.0 180.0 600.0 720.0 680.0 760.0 660.0 200.0
0.0 560.0 640.0 640.0 620.0 680.0 60.0 720.0 160.0 600.0 640.0 160.0 180.0 620.0 660.0 640.0 640.0 680.0 700.0 160.0 600.0 640.0 640.0 640.0 640.0 140.0 140.0 640.0 660.0 640.0 680.0 720.0 660.0 100.0 580.0 180.0 720.0 640.0 660.0 100.0 640.0 100.0 680.0 620.0 660.0 660.0 640.0 620.0 660.0 620.0 660.0 680.0 660.0 0.0 660.0 680.0 680.0 620.0 580.0 660.0 660.0 120.0 180.0 680.0 120.0 700.0 660.0 140.0 620.0 660.0 660.0 660.0 660.0 220.0 600.0 620.0 220.0 620.0 180.0 160.0 660.0
0.0 740.0 120.0 180.0 660.0 620.0 740.0 740.0 700.0 780.0 180.0 720.0 700.0 680.0 220.0 160.0 200.0 780.0 720.0 720.0 600.0 100.0 700.0 700.0 700.0 660.0 740.0 720.0 600.0 640.0 120.0 720.0 660.0 720.0 680.0 780.0 200.0 700.0 700.0 660.0 700.0 700.0 680.0 140.0 200.0 700.0 220.0 200.0 700.0 680.0 700.0 660.0 180.0 720.0 0.0 680.0 220.0 220.0 180.0 680.0 740.0 740.0 740.0 780.0 740.0 760.0 660.0 720.0 740.0 660.0 680.0 700.0 700.0 720.0 180.0 660.0 780.0 620.0 720.0 700.0 160.0
0.0 200.0 620.0 700.0 140.0 680.0 700.0 680.0 640.0 200.0 580.0 620.0 640.0 620.0 620.0 640.0 700.0 160.0 640.0 660.0 660.0 620.0 700.0 660.0 640.0 680.0 700.0 180.0 180.0 180.0 700.0 200.0 80.0 640.0 100.0 720.0 660.0 640.0 680.0 620.0 160.0 660.0 580.0 640.0 700.0 640.0 640.0 720.0 160.0 120.0 100.0 140.0 680.0 680.0 620.0 0.0 680.0 720.0 640.0 700.0 660.0 660.0 700.0 200.0 700.0 180.0 580.0 700.0 160.0 640.0 620.0 180.0 620.0 700.0 640.0 660.0 660.0 660.0 680.0 700.0 660.0
0.0 700.0 100.0 180.0 660.0 600.0 680.0 720.0 680.0 700.0 140.0 680.0 680.0 640.0 200.0 140.0 120.0 760.0 680.0 640.0 680.0 80.0 700.0 640.0 680.0 680.0 580.0 640.0 700.0 640.0 140.0 740.0 620.0 700.0 620.0 760.0 220.0 660.0 660.0 660.0 640.0 700.0 700.0 120.0 180.0 640.0 200.0 180.0 720.0 660.0 680.0 640.0 200.0 680.0 180.0 680.0 0.0 180.0 160.0 680.0 680.0 720.0 700.0 680.0 720.0 700.0 660.0 740.0 700.0 640.0 640.0 620.0 680.0 740.0 160.0 660.0 600.0 640.0 700.0 720.0 140.0
0.0 620.0 80.0 120.0 640.0 640.0 640.0 620.0 640.0 660.0 40.0 580.0 640.0 540.0 60.0 60.0 100.0 600.0 640.0 640.0 620.0 60.0 600.0 620.0 560.0 640.0 640.0 660.0 640.0 620.0 100.0 680.0 600.0 600.0 620.0 660.0 180.0 560.0 640.0 580.0 620.0 620.0 600.0 100.0 100.0 640.0 80.0 160.0 600.0 560.0 580.0 620.0 140.0 600.0 60.0 620.0 140.0 0.0 80.0 640.0 640.0 620.0 620.0 640.0 660.0 680.0 620.0 580.0 540.0 600.0 620.0 660.0 580.0 680.0 100.0 640.0 700.0 600.0 640.0 580.0 60.0
0.0 680.0 80.0 140.0 620.0 640.0 640.0 700.0 660.0 680.0 140.0 640.0 640.0 580.0 100.0 80.0 80.0 700.0 640.0 640.0 560.0 60.0 620.0 600.0 580.0 640.0 680.0 620.0 640.0 600.0 160.0 660.0 620.0 560.0 640.0 640.0 160.0 580.0 600.0 600.0 600.0 560.0 660.0 60.0 120.0 620.0 60.0 120.0 680.0 580.0 620.0 620.0 100.0 640.0 120.0 640.0 140.0 120.0 0.0 620.0 620.0 580.0 640.0 660.0 580.0 640.0 620.0 680.0 640.0 620.0 620.0 620.0 640.0 680.0 20.0 640.0 680.0 560.0 640.0 660.0 120.0
0.0 660.0 600.0 660.0 640.0 140.0 640.0 140.0 680.0 640.0 660.0 660.0 640.0 60.0 640.0 600.0 620.0 700.0 140.0 580.0 40.0 600.0 120.0 80.0 80.0 640.0 660.0 620.0 640.0 620.0 680.0 680.0 620.0 580.0 640.0 660.0 700.0 80.0 80.0 620.0 600.0 560.0 140.0 580.0 660.0 40.0 600.0 640.0 660.0 600.0 620.0 640.0 640.0 640.0 640.0 640.0 620.0 640.0 540.0 0.0 120.0 600.0 660.0 680.0 600.0 640.0 100.0 640.0 600.0 60.0 100.0 560.0 140.0 660.0 560.0 120.0 680.0 60.0 640.0 640.0 640.0
0.0 680.0 640.0 620.0 640.0 160.0 660.0 160.0 620.0 580.0 600.0 620.0 700.0 80.0 620.0 600.0 620.0 640.0 180.0 660.0 160.0 620.0 140.0 140.0 100.0 640.0 700.0 660.0 640.0 660.0 660.0 700.0 640.0 640.0 660.0 720.0 740.0 100.0 80.0 620.0 640.0 580.0 60.0 660.0 640.0 140.0 640.0 640.0 640.0 620.0 620.0 680.0 700.0 640.0 620.0 640.0 680.0 580.0 660.0 120.0 0.0 640.0 680.0 700.0 680.0 600.0 160.0 620.0 580.0 140.0 140.0 640.0 100.0 640.0 660.0 140.0 680.0 100.0 540.0 640.0 620.0
0.0 660.0 660.0 720.0 680.0 720.0 160.0 640.0 160.0 680.0 680.0 140.0 140.0 640.0 640.0 680.0 660.0 720.0 680.0 140.0 620.0 640.0 700.0 660.0 660.0 200.0 200.0 600.0 700.0 640.0 740.0 680.0 640.0 120.0 640.0 140.0 720.0 640.0 660.0 160.0 660.0 120.0 660.0 640.0 600.0 640.0 600.0 720.0 720.0 660.0 680.0 700.0 680.0 180.0 680.0 660.0 680.0 680.0 600.0 680.0 620.0 0.0 140.0 680.0 140.0 680.0 640.0 180.0 680.0 660.0 640.0 640.0 680.0 220.0 620.0 720.0 100.0 640.0 120.0 180.0 600.0
0.0 680.0 600.0 680.0 700.0 720.0 180.0 720.0 160.0 720.0 660.0 80.0 140.0 600.0 720.0 640.0 680.0 660.0 560.0 180.0 680.0 600.0 680.0 680.0 680.0 180.0 220.0 700.0 640.0 680.0 680.0 720.0 640.0 180.0 660.0 220.0 740.0 680.0 680.0 120.0 680.0 180.0 720.0 620.0 700.0 660.0 680.0 720.0 700.0 620.0 700.0 640.0 720.0 140.0 700.0 680.0 720.0 720.0 660.0 700.0 720.0 160.0 0.0 740.0 200.0 700.0 660.0 160.0 720.0 620.0 660.0 660.0 680.0 220.0 680.0 640.0 220.0 580.0 220.0 160.0 640.0
0.0 60.0 620.0 640.0 100.0 620.0 580.0 720.0 680.0 100.0 660.0 620.0 680.0 620.0 680.0 580.0 640.0 180.0 680.0 660.0 640.0 620.0 560.0 620.0 660.0 680.0 600.0 120.0 100.0 100.0 640.0 240.0 120.0 660.0 60.0 660.0 720.0 680.0 580.0 640.0 100.0 640.0 660.0 640.0 660.0 640.0 680.0 620.0 140.0 120.0 100.0 140.0 600.0 620.0 660.0 140.0 540.0 660.0 620.0 680.0 680.0 660.0 700.0 0.0 680.0 160.0 640.0 680.0 160.0 640.0 640.0 120.0 680.0 660.0 640.0 600.0 600.0 660.0 700.0 680.0 660.0
0.0 720.0 640.0 620.0 580.0 720.0 200.0 700.0 160.0 720.0 700.0 120.0 100.0 640.0 700.0 660.0 680.0 700.0 680.0 180.0 640.0 640.0 560.0 660.0 640.0 140.0 220.0 680.0 720.0 680.0 660.0 740.0 700.0 120.0 720.0 140.0 720.0 640.0 680.0 60.0 660.0 120.0 660.0 640.0 640.0 680.0 660.0 660.0 660.0 660.0 680.0 680.0 600.0 160.0 640.0 700.0 720.0 680.0 620.0 680.0 660.0 140.0 200.0 720.0 0.0 720.0 680.0 200.0 680.0 680.0 680.0 700.0 700.0 220.0 620.0 620.0 220.0 640.0 140.0 200.0 700.0
0.0 180.0 640.0 700.0 200.0 660.0 600.0 680.0 700.0 200.0 720.0 640.0 700.0 640.0 680.0 680.0 560.0 160.0 680.0 680.0 660.0 640.0 700.0 700.0 700.0 740.0 640.0 120.0 200.0 160.0 700.0 200.0 180.0 680.0 180.0 700.0 680.0 680.0 680.0 660.0 180.0 640.0 700.0 660.0 640.0 680.0 640.0 740.0 160.0 140.0 200.0 160.0 640.0 720.0 720.0 180.0 700.0 720.0 640.0 680.0 660.0 580.0 700.0 160.0 700.0 0.0 680.0 700.0 200.0 660.0 680.0 160.0 720.0 760.0 660.0 700.0 660.0 660.0 680.0 680.0 640.0
0.0 660.0 600.0 640.0 600.0 100.0 640.0 100.0 580.0 660.0 560.0 600.0 580.0 40.0 640.0 600.0 640.0 660.0 80.0 600.0 100.0 600.0 160.0 100.0 60.0 640.0 640.0 640.0 640.0 660.0 640.0 660.0 540.0 620.0 560.0 660.0 600.0 60.0 100.0 560.0 620.0 620.0 100.0 620.0 640.0 60.0 620.0 660.0 620.0 580.0 600.0 640.0 680.0 640.0 560.0 560.0 620.0 660.0 600.0 140.0 140.0 640.0 640.0 660.0 640.0 660.0 0.0 640.0 660.0 100.0 40.0 640.0 80.0 640.0 600.0 120.0 640.0 80.0 660.0 640.0 640.0
0.0 660.0 620.0 660.0 600.0 640.0 140.0 580.0 100.0 680.0 580.0 80.0 80.0 580.0 640.0 620.0 660.0 640.0 620.0 100.0 640.0 620.0 560.0 620.0 600.0 160.0 140.0 660.0 680.0 660.0 660.0 680.0 540.0 120.0 580.0 120.0 700.0 600.0 640.0 100.0 620.0 120.0 640.0 640.0 600.0 600.0 580.0 680.0 640.0 580.0 620.0 660.0 600.0 120.0 620.0 680.0 620.0 600.0 620.0 660.0 640.0 140.0 80.0 620.0 140.0 680.0 680.0 0.0 580.0 620.0 560.0 660.0 620.0 180.0 620.0 620.0 180.0 620.0 140.0 20.0 620.0
0.0 120.0 620.0 640.0 120.0 660.0 640.0 620.0 660.0 160.0 580.0 600.0 640.0 540.0 660.0 580.0 600.0 160.0 640.0 660.0 620.0 620.0 600.0 620.0 640.0 640.0 640.0 140.0 120.0 100.0 620.0 200.0 60.0 640.0 100.0 680.0 680.0 640.0 640.0 580.0 100.0 620.0 600.0 620.0 640.0 640.0 620.0 680.0 80.0 40.0 100.0 140.0 640.0 620.0 560.0 120.0 660.0 640.0 600.0 660.0 660.0 620.0 620.0 140.0 660.0 160.0 620.0 560.0 0.0 600.0 600.0 140.0 620.0 720.0 620.0 660.0 700.0 640.0 680.0 580.0 580.0
0.0 740.0 720.0 640.0 740.0 180.0 740.0 140.0 700.0 740.0 700.0 720.0 740.0 180.0 720.0 720.0 740.0 780.0 220.0 680.0 160.0 700.0 200.0 200.0 200.0 740.0 740.0 740.0 680.0 720.0 720.0 780.0 700.0 700.0 720.0 760.0 780.0 200.0 200.0 720.0 720.0 680.0 180.0 700.0 640.0 220.0 720.0 760.0 780.0 720.0 720.0 740.0 760.0 700.0 620.0 640.0 700.0 740.0 660.0 220.0 180.0 720.0 780.0 680.0 720.0 760.0 180.0 760.0 720.0 0.0 180.0 760.0 200.0 760.0 680.0 220.0 760.0 180.0 700.0 760.0 720.0
0.0 640.0 600.0 620.0 680.0 180.0 640.0 180.0 640.0 680.0 680.0 580.0 560.0 20.0 660.0 580.0 620.0 640.0 60.0 640.0 120.0 580.0 160.0 100.0 140.0 640.0 700.0 640.0 660.0 660.0 620.0 680.0 660.0 640.0 640.0 640.0 660.0 140.0 100.0 620.0 620.0 660.0 140.0 620.0 620.0 120.0 620.0 660.0 600.0 540.0 660.0 620.0 700.0 600.0 660.0 680.0 680.0 660.0 640.0 140.0 140.0 620.0 620.0 740.0 680.0 680.0 140.0 660.0 660.0 60.0 0.0 640.0 180.0 720.0 640.0 120.0 680.0 60.0 660.0 660.0 640.0
0.0 120.0 620.0 660.0 160.0 640.0 600.0 620.0 660.0 100.0 620.0 640.0 620.0 620.0 620.0 580.0 640.0 140.0 660.0 560.0 580.0 600.0 640.0 560.0 640.0 600.0 640.0 60.0 80.0 120.0 640.0 200.0 100.0 600.0 120.0 680.0 660.0 620.0 560.0 640.0 40.0 600.0 620.0 620.0 660.0 540.0 620.0 600.0 140.0 120.0 100.0 140.0 660.0 600.0 600.0 120.0 580.0 600.0 580.0 580.0 660.0 640.0 640.0 140.0 640.0 100.0 600.0 640.0 80.0 640.0 640.0 0.0 640.0 720.0 580.0 600.0 640.0 600.0 680.0 640.0 640.0
0.0 720.0 660.0 680.0 640.0 120.0 700.0 220.0 660.0 640.0 660.0 680.0 740.0 140.0 640.0 640.0 660.0 700.0 240.0 700.0 180.0 640.0 180.0 180.0 160.0 680.0 720.0 660.0 620.0 720.0 640.0 740.0 700.0 660.0 720.0 640.0 680.0 140.0 120.0 660.0 640.0 640.0 120.0 640.0 700.0 160.0 680.0 680.0 700.0 660.0 540.0 640.0 700.0 680.0 680.0 700.0 680.0 640.0 680.0 180.0 60.0 660.0 720.0 760.0 720.0 620.0 180.0 680.0 640.0 160.0 200.0 680.0 0.0 700.0 680.0 140.0 740.0 120.0 600.0 680.0 680.0
0.0 660.0 660.0 640.0 680.0 660.0 160.0 600.0 140.0 680.0 680.0 180.0 180.0 640.0 620.0 640.0 700.0 640.0 660.0 120.0 620.0 640.0 640.0 620.0 540.0 60.0 160.0 640.0 540.0 660.0 600.0 660.0 680.0 80.0 660.0 120.0 620.0 680.0 620.0 180.0 620.0 140.0 600.0 600.0 660.0 640.0 580.0 660.0 700.0 640.0 660.0 640.0 680.0 160.0 660.0 700.0 640.0 660.0 620.0 620.0 640.0 100.0 180.0 620.0 160.0 680.0 660.0 140.0 660.0 660.0 700.0 640.0 700.0 0.0 640.0 640.0 180.0 640.0 160.0 140.0 680.0
0.0 680.0 60.0 160.0 620.0 680.0 640.0 680.0 640.0 660.0 120.0 660.0 660.0 640.0 100.0 100.0 60.0 700.0 660.0 620.0 540.0 40.0 660.0 640.0 660.0 660.0 680.0 640.0 680.0 600.0 160.0 660.0 600.0 560.0 620.0 640.0 160.0 640.0 640.0 600.0 640.0 540.0 660.0 40.0 120.0 620.0 60.0 160.0 680.0 640.0 640.0 620.0 160.0 660.0 120.0 620.0 140.0 140.0 100.0 600.0 620.0 580.0 700.0 720.0 660.0 680.0 600.0 660.0 660.0 600.0 620.0 600.0 640.0 680.0 0.0 640.0 660.0 560.0 640.0 660.0 100.0
0.0 720.0 620.0 740.0 700.0 140.0 640.0 180.0 680.0 740.0 700.0 640.0 700.0 160.0 720.0 680.0 600.0 680.0 120.0 700.0 100.0 600.0 40.0 180.0 160.0 700.0 680.0 700.0 720.0 660.0 600.0 720.0 660.0 660.0 680.0 660.0 720.0 160.0 160.0 640.0 680.0 660.0 200.0 640.0 700.0 160.0 680.0 680.0 580.0 680.0 640.0 640.0 600.0 700.0 680.0 700.0 720.0 700.0 640.0 200.0 160.0 700.0 720.0 720.0 700.0 720.0 160.0 640.0 680.0 120.0 160.0 680.0 100.0 720.0 640.0 0.0 740.0 120.0 700.0 640.0 660.0
0.0 640.0 640.0 720.0 680.0 700.0 120.0 700.0 180.0 680.0 660.0 100.0 180.0 660.0 680.0 620.0 680.0 680.0 660.0 120.0 620.0 620.0 640.0 600.0 680.0 140.0 160.0 580.0 640.0 680.0 680.0 780.0 660.0 160.0 640.0 220.0 720.0 680.0 620.0 160.0 600.0 160.0 660.0 660.0 720.0 620.0 680.0 640.0 700.0 680.0 660.0 680.0 680.0 80.0 640.0 680.0 620.0 640.0 660.0 660.0 720.0 180.0 120.0 620.0 160.0 660.0 640.0 180.0 640.0 660.0 680.0 600.0 700.0 140.0 660.0 680.0 0.0 640.0 220.0 180.0 680.0
0.0 660.0 560.0 680.0 660.0 180.0 680.0 180.0 620.0 700.0 640.0 660.0 660.0 120.0 700.0 660.0 660.0 720.0 160.0 640.0 120.0 540.0 120.0 120.0 100.0 660.0 680.0 680.0 700.0 640.0 680.0 700.0 620.0 640.0 640.0 700.0 680.0 100.0 140.0 600.0 640.0 640.0 160.0 580.0 700.0 100.0 660.0 700.0 660.0 640.0 660.0 600.0 680.0 640.0 640.0 640.0 660.0 680.0 620.0 140.0 180.0 660.0 680.0 720.0 680.0 700.0 100.0 700.0 700.0 60.0 120.0 620.0 160.0 680.0 620.0 80.0 680.0 0.0 720.0 700.0 600.0
0.0 660.0 620.0 660.0 680.0 660.0 140.0 660.0 160.0 700.0 580.0 100.0 160.0 580.0 600.0 620.0 600.0 620.0 680.0 160.0 660.0 620.0 640.0 660.0 600.0 140.0 180.0 680.0 680.0 640.0 640.0 720.0 620.0 120.0 640.0 180.0 720.0 600.0 660.0 100.0 660.0 40.0 560.0 640.0 660.0 660.0 640.0 720.0 640.0 600.0 620.0 660.0 680.0 120.0 600.0 640.0 680.0 560.0 640.0 620.0 660.0 140.0 140.0 680.0 180.0 660.0 660.0 80.0 560.0 640.0 640.0 660.0 620.0 200.0 640.0 660.0 220.0 600.0 0.0 100.0 600.0
0.0 660.0 620.0 640.0 600.0 640.0 140.0 580.0 100.0 660.0 580.0 80.0 80.0 580.0 620.0 600.0 660.0 640.0 600.0 100.0 640.0 600.0 560.0 620.0 600.0 160.0 140.0 640.0 660.0 660.0 660.0 660.0 540.0 100.0 560.0 120.0 700.0 600.0 640.0 100.0 620.0 140.0 640.0 640.0 640.0 600.0 580.0 660.0 640.0 580.0 620.0 660.0 600.0 120.0 620.0 680.0 620.0 600.0 640.0 660.0 640.0 120.0 80.0 620.0 180.0 680.0 660.0 100.0 580.0 620.0 560.0 660.0 600.0 160.0 640.0 620.0 180.0 620.0 120.0 0.0 620.0
0.0 600.0 140.0 160.0 640.0 680.0 620.0 680.0 640.0 640.0 100.0 640.0 640.0 620.0 100.0 120.0 140.0 680.0 640.0 640.0 660.0 120.0 660.0 660.0 640.0 680.0 700.0 680.0 680.0 580.0 180.0 700.0 580.0 660.0 620.0 720.0 140.0 640.0 660.0 620.0 660.0 620.0 660.0 160.0 180.0 640.0 160.0 200.0 680.0 620.0 640.0 700.0 160.0 660.0 100.0 600.0 160.0 180.0 120.0 680.0 680.0 680.0 680.0 720.0 700.0 720.0 580.0 700.0 680.0 600.0 600.0 700.0 620.0 700.0 140.0 660.0 700.0 640.0 700.0 640.0 0.0
