100 4
224 5502 1 7
693 2142 5 1
567 3829 10 9
49 4886 4 5
420 3381 7 1
588 2681 5 6
651 5229 9 6
392 3024 6 3
308 4046 6 4
182 2681 10 2
266 3101 3 8
392 5222 9 8
469 2632 5 9
287 4893 2 7
119 2877 2 8
476 2282 5 9
399 2492 6 3
581 4907 8 8
700 3563 4 4
168 5775 5 4
378 2198 4 8
595 4193 5 6
420 4795 10 5
7 4746 4 10
679 4578 10 7
371 3003 7 2
574 2604 8 9
63 2051 7 3
182 4949 5 10
371 3311 2 10
553 2975 8 6
378 4137 2 10
56 3416 4 3
476 5404 5 6
119 5180 7 4
385 3136 1 5
49 5439 9 1
224 2002 2 5
84 2002 5 5
560 3857 4 1
532 2982 8 8
77 3325 5 5
567 3752 8 3
28 4389 10 5
238 5390 8 2
483 5033 7 9
609 5460 2 7
434 2135 9 4
595 5460 10 7
385 2429 6 3
469 4830 9 10
574 5698 2 7
644 3423 10 5
105 5369 10 2
476 2828 9 3
518 2912 2 9
420 4214 5 9
266 3374 8 5
434 4270 10 9
679 3556 3 4
532 4109 2 9
665 4144 6 4
539 4200 8 6
616 2716 7 9
119 3997 6 1
630 2576 5 9
266 3549 6 9
546 2338 9 10
441 5698 8 4
175 5383 7 9
553 4473 9 5
203 3773 9 2
126 2702 9 5
273 2478 3 4
420 2912 8 6
259 4963 8 1
189 3269 9 1
581 5103 3 4
245 3605 9 9
700 2436 8 7
581 4914 8 9
630 2079 4 10
679 3458 8 2
693 5103 1 3
595 2002 9 3
224 3535 2 3
266 5208 4 2
364 2968 4 9
308 2814 1 4
189 4193 2 8
140 4606 5 3
231 2730 9 1
7 4536 6 1
469 3864 2 6
168 4697 6 9
140 3409 3 9
161 2058 5 9
602 4459 3 6
490 3339 8 2
637 4270 8 10
SETUP
0 210 231 203 224 70 28 154 168 203 259 175 203 126 259 154 133 238 287 301 126 294 133 84 154 189 189 217 105 161 168 147 147 273 189 175 196 133 252 175 189 189 273 301 175 147 133 154 126 105 175 231 161 175 175 161 238 203 210 210 203 140 154 231 168 217 161 238 336 238 217 231 210 259 105 63 119 175 280 203 161 266 119 203 175 147 203 98 189 105 112 189 217 231 203 273 189 245 182 140 196
0 0 161 224 245 98 49 217 189 231 322 231 224 217 280 266 245 266 238 280 154 322 203 105 175 210 238 238 133 105 196 168 168 266 224 133 112 154 196 196 140 161 308 294 196 168 154 154 154 126 196 245 308 126 203 168 175 224 266 189 224 196 154 266 238 161 245 280 364 329 154 210 112 238 126 224 140 189 301 252 168 245 217 231 203 203 245 126 245 126 210 210 238 252 203 196 210 266 203 84 245
0 259 0 203 224 161 301 154 203 189 259 217 329 119 287 238 217 259 238 168 189 245 84 189 196 252 273 245 189 238 154 231 196 273 245 147 273 217 210 266 217 238 182 329 196 217 224 133 196 189 245 189 238 224 217 161 245 196 175 210 287 182 154 224 119 175 196 231 385 175 168 224 182 252 238 140 168 161 266 203 161 273 119 140 119 147 252 189 182 175 105 196 224 231 175 280 175 280 217 217 210
0 301 126 0 154 119 273 140 189 140 245 196 210 154 273 217 140 252 189 231 140 266 168 70 154 182 217 133 126 63 175 189 140 126 189 91 98 140 91 196 98 112 231 252 210 133 210 175 133 119 161 175 238 77 175 119 168 273 231 140 245 161 112 245 196 56 168 238 322 294 49 105 189 133 126 196 105 189 273 203 119 196 196 154 133 126 217 112 238 98 203 182 175 210 217 252 182 238 175 42 140
0 315 280 238 0 112 266 161 259 154 280 154 196 203 266 280 231 168 224 196 161 224 196 203 196 175 203 238 203 84 203 189 175 259 77 203 224 140 217 196 91 77 301 217 84 203 252 182 161 112 231 154 217 259 49 112 224 217 140 140 238 224 105 175 84 168 196 287 231 336 245 217 168 245 238 189 217 217 294 259 182 182 203 231 210 231 238 105 252 203 210 224 217 231 231 280 105 231 196 266 252
0 231 231 133 154 0 217 168 189 210 245 210 252 133 189 224 168 175 273 252 196 231 140 147 84 119 245 168 196 140 238 77 210 210 133 175 154 63 196 287 175 133 280 231 140 98 182 189 196 35 126 210 217 161 105 119 168 217 203 140 133 210 112 175 147 147 196 245 287 280 161 196 224 224 217 133 182 189 294 210 168 217 126 224 224 154 147 35 245 175 182 133 147 238 231 231 161 175 112 168 231
0 280 210 182 203 49 0 210 147 182 294 182 182 175 238 273 210 224 280 301 126 280 161 63 133 168 196 196 84 189 154 126 126 252 182 154 203 112 231 154 203 182 266 280 154 126 112 133 126 84 154 238 259 182 154 168 217 182 224 189 182 154 154 224 189 196 231 287 336 301 196 238 189 266 84 182 98 168 259 259 210 245 168 196 175 203 196 77 238 84 161 168 196 238 182 252 168 224 161 217 252
0 350 119 315 252 231 224 0 238 280 371 294 308 238 322 126 217 329 308 280 252 203 203 280 189 301 231 273 175 182 140 175 252 273 231 210 210 224 294 245 210 217 294 322 245 287 252 224 252 231 315 301 301 196 210 238 252 308 294 238 231 280 224 280 238 266 238 315 357 287 259 182 273 210 175 203 259 252 294 315 154 231 231 245 231 259 119 224 301 245 224 231 308 77 266 371 161 189 196 161 280
0 378 301 273 182 210 294 189 0 168 357 266 378 147 91 301 210 210 357 329 189 266 154 224 224 231 259 252 147 266 210 287 217 154 259 210 329 175 273 217 189 259 301 336 266 238 273 196 266 147 266 252 252 287 231 140 91 259 245 238 343 273 203 210 189 203 231 287 385 210 238 175 245 203 147 210 224 224 329 259 273 245 231 224 238 259 224 140 182 217 224 259 259 259 238 280 231 259 245 287 182
0 301 203 322 196 196 168 154 315 0 343 252 301 224 273 259 238 301 315 252 231 322 231 231 133 273 280 210 224 182 49 273 161 287 175 217 217 217 273 322 217 133 336 238 189 280 196 196 224 189 259 224 252 273 154 245 273 301 238 182 322 217 231 301 182 182 238 336 329 287 231 231 245 259 252 168 252 224 322 308 266 280 217 217 196 231 196 189 287 252 210 210 301 224 238 133 70 133 154 238 266
0 294 273 280 196 189 315 189 105 189 0 133 357 154 189 259 168 280 203 175 112 210 161 119 196 245 182 266 63 252 119 238 133 245 63 133 252 238 84 224 224 63 168 210 154 182 203 112 245 154 210 231 175 203 217 196 189 273 224 189 280 189 182 210 168 147 189 266 210 301 203 196 168 161 210 217 147 140 287 238 189 238 147 98 161 175 175 217 105 133 140 175 63 259 154 308 140 315 217 294 224
0 329 287 273 210 231 336 175 126 168 343 0 385 231 189 294 273 182 315 315 154 238 175 280 287 224 245 245 140 287 203 308 189 280 280 203 329 161 294 210 217 238 315 329 294 161 196 189 154 140 189 168 315 203 259 245 84 224 154 252 322 182 231 182 98 203 238 329 252 315 259 252 182 280 133 231 217 217 301 294 245 266 224 217 210 252 217 133 287 210 217 238 245 252 231 287 224 294 301 301 287
0 308 245 266 238 140 315 126 245 189 231 238 0 147 259 175 196 259 238 280 245 245 154 238 168 224 287 252 182 203 224 161 147 182 217 49 238 189 238 252 140 161 245 280 224 238 252 203 266 105 210 259 308 126 189 168 259 266 245 189 210 203 154 231 189 112 168 266 350 294 217 161 252 189 182 210 119 231 329 252 168 245 196 210 189 119 210 154 280 112 259 196 273 203 245 252 238 287 168 182 126
0 231 168 126 147 140 224 154 182 112 259 182 245 0 245 161 140 238 266 245 126 294 14 119 77 133 196 161 70 133 161 182 140 203 126 77 196 168 133 238 168 126 252 266 133 175 147 56 119 91 203 112 168 147 98 168 175 119 105 126 238 147 154 154 49 105 161 238 273 154 91 147 112 175 168 70 147 91 196 210 168 231 119 196 175 147 140 133 154 140 112 182 217 231 105 245 154 189 98 140 182
0 308 210 210 98 154 210 98 119 196 266 175 287 147 0 217 196 126 294 238 210 182 98 196 210 140 168 168 56 175 126 231 168 259 168 126 252 84 217 126 182 175 238 252 182 147 196 105 203 56 175 196 238 203 147 189 7 168 189 231 287 224 182 126 133 168 182 203 322 238 175 210 161 238 56 154 140 140 245 175 189 210 140 140 203 175 133 56 203 126 133 210 168 175 154 231 147 168 224 224 252
0 343 280 245 252 119 273 168 133 238 308 224 182 196 217 0 168 252 294 266 140 308 203 210 203 182 273 273 252 63 231 189 203 280 147 203 231 140 224 322 98 147 315 287 175 210 224 217 245 119 238 238 294 266 140 119 217 287 231 147 245 252 112 161 175 210 196 231 301 336 266 238 252 161 252 196 217 217 273 203 189 203 189 217 189 196 259 112 231 210 224 245 224 210 259 273 189 238 224 273 231
0 315 224 210 119 98 252 112 147 196 217 133 266 126 238 189 0 119 203 175 126 175 140 133 182 84 182 196 84 189 154 175 154 210 56 119 161 119 203 154 77 56 224 203 70 154 70 133 154 91 182 189 189 189 168 98 133 161 182 126 224 175 91 119 126 112 28 266 203 280 203 161 189 189 84 98 126 49 238 238 112 161 147 196 175 98 189 84 119 133 140 196 182 182 182 231 91 217 189 175 63
0 280 217 98 217 140 259 189 182 175 266 175 238 133 238 189 133 0 175 231 161 63 140 161 210 84 224 224 119 154 168 210 189 210 189 154 189 182 175 189 154 119 161 175 203 224 203 168 161 126 252 119 196 168 231 182 133 49 168 203 266 140 168 7 112 112 63 266 259 266 140 161 133 189 119 98 161 175 126 238 196 91 147 147 189 182 168 154 217 147 140 231 259 266 217 112 189 301 126 133 147
0 217 196 245 119 119 231 210 196 154 287 126 217 196 266 266 133 217 0 63 161 280 161 147 49 196 175 133 168 105 203 42 175 182 98 224 189 140 161 238 140 98 273 238 105 175 203 203 182 112 196 175 231 231 70 161 203 189 161 105 98 91 154 175 105 98 161 280 154 301 119 147 189 175 161 210 182 182 175 273 231 175 189 196 175 203 112 105 161 168 231 98 189 252 217 210 126 280 70 280 182
0 301 196 210 224 98 259 189 168 147 308 63 266 161 252 266 119 238 238 0 217 245 168 133 182 196 217 217 105 238 154 175 140 140 168 175 238 126 168 175 112 175 210 252 189 196 189 154 217 133 224 231 308 245 203 105 147 280 105 147 231 35 91 119 161 35 147 224 315 301 210 84 210 112 105 210 168 168 119 280 203 231 189 133 112 217 196 126 238 161 182 182 210 259 196 154 175 224 154 245 119
0 224 203 259 189 161 266 189 266 119 294 154 287 210 210 238 147 259 175 238 0 189 217 154 175 224 203 210 154 231 98 217 63 189 196 112 231 189 168 203 140 175 308 224 210 161 182 91 231 161 182 259 259 189 196 168 210 203 189 189 273 119 154 203 231 140 168 280 329 357 133 189 147 217 203 210 189 126 280 245 231 217 238 77 56 182 238 154 196 175 231 105 252 259 140 252 119 252 196 287 189
0 329 280 266 231 210 343 231 315 189 231 245 182 203 343 231 210 329 315 287 161 0 147 189 273 203 189 308 196 238 238 280 168 301 168 210 238 217 266 294 189 168 196 119 280 252 280 196 154 189 280 189 161 252 280 210 252 231 182 238 336 224 203 238 126 224 238 315 322 287 231 231 203 259 273 140 203 224 308 280 238 35 196 231 210 224 105 203 266 210 189 217 294 308 238 322 196 315 70 217 175
0 224 161 119 147 154 266 147 175 105 252 175 245 119 259 154 133 231 252 280 112 287 0 105 182 210 189 168 154 154 154 175 133 196 161 70 189 182 126 231 161 168 259 322 196 168 140 49 112 105 196 105 154 140 189 161 168 112 98 189 231 140 147 224 42 91 154 231 315 147 84 140 105 168 161 63 140 77 182 203 161 280 112 189 168 133 217 154 147 133 105 175 203 217 91 238 175 231 210 133 175
0 231 210 217 154 154 266 217 175 126 301 126 252 189 259 245 147 259 238 252 196 315 98 0 84 147 210 168 210 140 175 224 70 196 133 140 224 175 175 280 147 133 322 273 140 63 210 147 189 147 91 203 252 126 105 161 189 203 161 140 280 91 154 175 133 147 175 231 280 238 140 189 196 217 210 154 42 175 280 203 154 238 210 238 217 210 147 140 231 28 203 112 259 182 189 196 161 252 112 231 196
0 175 175 196 70 70 182 161 210 126 252 126 168 161 217 224 196 175 196 168 133 231 112 203 0 147 175 84 168 56 175 147 133 231 49 175 140 91 217 238 91 49 259 189 56 154 210 154 133 63 182 126 189 217 28 119 196 217 119 56 196 182 105 175 63 140 112 266 203 252 182 189 140 217 168 161 203 189 266 231 182 154 154 210 189 182 70 56 238 203 182 175 175 203 203 259 77 231 28 238 224
0 301 182 203 168 112 259 105 161 140 210 126 280 77 154 105 56 168 231 224 77 217 84 182 147 0 140 210 98 112 119 189 140 133 105 140 147 119 203 168 126 105 203 154 119 182 119 126 77 105 210 182 112 126 168 112 49 189 168 161 238 98 105 168 119 28 77 189 259 224 168 77 182 105 98 14 119 105 266 154 112 217 70 126 105 98 182 98 140 133 63 182 175 182 175 231 140 231 147 91 112
0 301 280 259 182 175 154 189 210 175 266 203 329 189 217 238 77 196 252 245 77 252 203 210 182 161 0 238 98 231 175 217 140 245 133 112 231 91 245 231 154 133 175 266 147 154 147 91 77 161 182 217 245 182 203 175 112 238 210 203 273 196 168 196 154 175 105 182 280 343 210 42 49 70 161 175 182 126 259 245 189 238 182 154 133 175 238 161 175 168 175 182 168 259 140 280 161 294 203 217 140
0 210 217 266 28 140 252 105 140 182 287 182 224 147 210 224 238 196 252 224 154 252 154 154 196 203 231 0 119 112 196 210 154 259 105 133 224 161 210 224 119 105 287 245 112 217 196 112 154 56 245 49 245 203 77 140 119 245 119 133 266 210 133 182 112 161 196 259 252 294 224 210 63 238 175 217 189 140 315 231 189 203 140 175 203 175 98 133 203 182 161 196 98 175 154 287 133 259 56 259 245
0 252 238 217 147 133 273 126 238 175 231 203 301 91 273 196 196 259 259 287 154 315 105 203 168 224 252 252 0 224 140 182 112 203 168 70 196 189 217 273 161 168 182 322 224 203 140 56 189 168 224 203 217 147 189 133 168 210 168 182 231 168 126 231 140 133 168 210 322 245 182 182 105 210 203 161 84 84 287 175 133 259 91 224 203 119 217 161 154 70 84 154 196 203 98 252 161 252 189 231 217
0 287 224 189 189 56 210 112 210 196 266 231 224 154 210 231 175 196 259 245 84 252 147 147 140 126 266 210 203 0 175 133 140 252 189 140 175 84 168 273 35 189 273 231 196 147 203 175 196 56 175 224 231 210 161 63 168 231 217 84 189 196 49 189 161 154 140 266 266 287 210 182 224 210 196 140 161 203 210 231 126 140 147 154 133 175 196 49 196 154 168 182 168 154 217 280 196 182 161 210 231
0 259 252 280 154 147 266 210 266 175 315 203 252 175 301 210 189 252 280 203 182 308 189 210 84 231 245 168 203 140 0 224 119 238 133 231 175 168 224 273 168 84 287 238 140 238 259 217 182 147 266 182 217 231 105 196 259 252 196 133 280 168 182 252 140 140 189 294 280 329 182 189 196 210 203 119 224 238 280 259 217 231 175 231 210 203 147 140 238 231 168 161 252 287 231 238 21 259 105 196 217
0 175 161 203 84 77 189 168 224 133 252 133 182 161 224 224 98 182 203 175 140 238 119 105 14 154 182 98 161 63 182 0 140 140 56 182 147 98 119 231 98 63 245 196 70 133 161 168 140 70 161 133 196 196 35 126 203 154 126 63 56 189 112 182 70 91 119 259 210 259 84 119 147 147 154 168 140 147 231 238 189 140 154 189 168 161 77 70 217 133 189 56 182 217 182 259 84 245 35 245 154
0 161 147 231 182 126 210 161 210 63 238 91 231 182 231 245 84 203 280 252 203 259 189 91 175 168 259 154 147 182 105 203 0 133 133 203 245 161 112 217 112 140 252 280 154 154 154 196 238 133 182 196 259 217 196 126 168 140 126 161 252 56 119 140 189 77 112 266 287 315 70 126 217 154 147 182 126 133 217 294 196 224 224 175 154 147 217 133 203 119 224 49 196 231 238 196 126 189 196 245 133
0 224 210 189 203 63 182 112 189 14 266 154 231 154 217 231 147 196 259 224 196 252 112 154 140 126 252 210 203 196 56 133 63 0 189 161 175 84 168 273 35 105 259 182 196 84 203 161 196 63 112 210 224 147 161 63 175 203 189 84 189 119 49 196 147 140 147 252 266 252 133 182 210 210 203 140 161 189 259 217 133 98 147 217 203 175 175 56 196 154 168 112 168 182 140 126 77 140 133 210 28
0 280 245 266 266 140 280 126 203 161 210 77 343 189 252 252 154 252 147 119 203 301 196 210 196 238 126 266 133 252 210 189 119 182 0 196 287 189 224 231 189 7 273 350 217 210 224 182 203 98 238 238 287 266 217 217 161 259 189 238 224 154 203 238 175 98 175 217 154 336 189 147 168 175 161 245 210 203 238 182 231 280 182 189 168 210 245 168 217 203 210 161 266 203 224 266 231 287 210 287 182
0 287 196 231 189 119 273 84 203 147 189 210 287 105 252 133 154 210 189 231 224 266 112 210 119 175 245 203 140 175 182 112 126 133 168 0 231 147 189 210 98 119 196 308 175 210 217 154 217 119 238 210 266 77 140 119 224 217 203 147 168 182 112 189 147 70 119 238 301 252 196 119 210 147 133 168 98 189 287 203 126 224 210 168 147 70 182 112 238 105 210 168 231 154 203 203 196 238 147 238 154
0 231 119 245 154 119 231 133 182 161 238 189 203 154 252 252 133 252 217 231 42 231 161 70 154 210 231 126 119 154 140 196 105 154 112 154 0 147 84 189 147 112 231 266 203 133 203 133 42 140 154 140 238 189 175 70 217 238 231 105 245 154 161 245 196 56 161 238 266 287 49 105 154 126 119 217 105 168 315 266 217 245 182 119 98 126 210 147 238 91 175 147 168 210 182 252 161 287 168 273 133
0 280 322 259 126 168 308 217 126 231 182 245 322 238 217 266 252 294 238 280 196 273 238 140 224 238 294 154 238 203 182 245 203 266 168 140 280 0 196 224 147 168 231 231 210 70 266 245 196 168 98 203 301 126 175 175 217 224 266 196 301 231 161 168 210 168 224 238 280 336 273 217 196 245 231 245 175 280 294 203 175 301 259 168 245 210 196 161 238 168 252 252 84 294 294 196 203 273 210 294 203
0 364 259 266 196 140 252 147 126 224 287 210 336 203 210 231 84 196 280 252 203 252 182 140 217 161 189 273 161 266 231 210 203 231 133 105 210 196 0 231 154 133 294 231 147 203 147 126 231 168 231 217 154 175 238 182 210 245 210 126 266 231 168 196 154 168 105 182 280 322 224 217 182 77 161 175 175 133 266 301 189 189 231 266 245 168 266 168 196 168 224 252 84 217 154 301 168 294 224 252 140
0 252 259 266 70 175 294 140 182 217 322 217 266 189 245 266 238 238 287 259 189 294 196 196 238 238 266 42 161 147 238 252 189 259 140 168 259 203 245 0 154 147 322 273 154 259 238 154 189 91 189 91 280 224 119 182 161 217 154 175 308 245 168 217 154 154 231 301 294 336 259 203 105 231 210 245 231 182 294 266 224 245 182 217 231 210 140 168 238 217 196 238 140 168 196 329 168 294 98 301 238
0 252 189 154 175 28 182 77 175 210 231 217 196 119 182 196 140 161 287 210 161 217 112 119 105 91 231 175 168 161 196 98 161 217 154 175 140 49 133 238 0 154 238 217 161 119 168 154 161 28 140 210 203 175 126 28 140 196 203 49 154 182 21 161 147 119 112 231 231 252 182 147 210 175 168 105 126 182 252 203 98 217 112 189 189 140 175 21 161 119 133 154 133 147 203 245 182 147 133 175 203
0 350 238 315 301 217 350 126 287 266 322 182 357 189 245 252 196 308 350 119 301 329 196 217 259 273 336 280 224 280 259 294 252 252 245 259 336 245 238 294 231 0 329 371 259 280 238 238 308 91 294 294 350 322 245 217 245 301 217 266 336 147 210 231 231 154 217 294 385 336 196 203 294 189 217 252 231 245 238 266 224 350 182 252 231 210 245 245 301 245 301 301 294 203 287 266 280 308 273 280 238
0 322 259 140 245 189 301 231 224 210 308 217 294 98 280 231 182 196 217 189 203 252 112 210 175 126 266 259 168 196 231 252 231 252 224 168 231 231 224 231 182 203 0 196 231 273 245 154 196 168 147 161 231 161 196 175 175 217 203 224 308 189 196 49 147 154 105 308 301 252 189 203 175 231 161 140 245 182 294 280 210 280 189 252 231 224 238 196 252 231 182 273 301 301 196 161 252 287 196 175 238
0 266 238 273 252 147 308 196 245 168 294 196 315 161 238 189 140 224 315 308 161 280 168 189 231 91 231 245 182 196 203 217 105 217 189 224 126 203 203 252 210 189 287 0 203 245 203 217 161 182 266 259 196 210 252 147 133 168 231 196 273 161 140 224 203 112 133 273 329 308 168 161 266 189 182 98 210 189 238 238 196 301 154 210 189 182 266 175 224 210 147 154 266 266 259 301 224 266 231 175 196
0 273 259 266 259 175 231 175 280 175 280 203 245 140 336 210 189 301 343 259 182 357 147 203 217 217 168 259 203 210 182 252 112 238 238 210 245 238 224 287 224 140 217 133 0 245 252 196 175 210 210 245 133 224 238 175 266 252 210 224 175 168 168 252 182 189 210 252 308 287 182 210 210 238 217 119 189 224 224 217 175 98 133 252 231 161 175 203 203 196 126 161 245 245 231 238 21 189 133 189 238
0 329 266 231 238 105 238 154 112 168 259 280 273 175 196 203 217 238 175 217 133 294 182 196 189 168 266 252 189 238 210 175 189 210 231 77 217 126 175 266 84 98 273 210 245 0 203 182 126 105 28 280 238 63 210 105 196 273 252 133 231 245 98 245 217 140 189 168 217 280 217 189 133 217 210 182 168 210 252 140 105 231 189 196 182 147 238 98 168 175 210 231 210 231 224 133 231 224 210 259 140
0 329 266 245 175 119 301 154 175 217 231 238 322 119 182 217 161 161 259 245 182 217 126 189 196 112 224 203 182 217 224 196 196 238 210 161 252 49 182 273 168 189 266 217 224 91 0 175 182 28 119 231 189 147 217 161 154 168 224 203 252 203 147 168 161 140 182 231 301 273 210 189 217 210 203 119 168 182 245 203 161 245 112 217 210 147 245 21 231 175 168 238 133 231 217 217 238 280 217 196 217
0 301 210 168 98 133 294 98 203 161 203 196 294 119 224 147 168 231 210 238 105 287 126 210 140 196 203 224 112 182 196 133 140 154 119 21 147 140 161 224 112 119 217 273 182 182 91 0 140 119 210 224 168 98 147 140 119 224 217 161 182 196 126 203 161 84 140 252 273 266 189 133 56 161 154 182 112 35 301 224 140 245 196 175 154 91 168 112 105 119 189 182 168 175 49 224 196 259 161 203 168
0 224 210 259 189 161 273 196 266 126 294 154 294 210 217 245 147 266 182 238 7 189 224 154 182 231 203 217 161 231 98 217 63 189 196 112 238 189 175 203 140 182 308 231 217 161 189 98 0 161 189 259 266 189 203 112 210 196 189 189 210 119 154 203 231 140 175 280 329 364 133 189 147 217 210 210 189 126 273 252 231 217 224 77 56 182 245 161 196 182 217 112 252 266 140 259 119 252 203 287 196
0 329 245 224 224 133 280 133 238 210 238 259 301 98 154 252 238 259 287 287 210 280 105 210 175 224 252 252 161 224 245 210 175 294 217 168 266 161 161 280 259 224 245 343 231 203 147 154 217 0 231 203 259 245 196 140 161 210 196 182 266 231 126 245 140 196 168 210 364 245 189 245 203 231 210 161 147 154 287 175 140 259 91 224 266 119 238 161 210 154 210 217 203 203 196 252 217 252 196 238 280
0 301 245 203 210 77 231 126 224 140 231 252 245 147 231 175 196 217 147 189 105 273 154 168 161 140 238 231 182 217 189 154 161 182 210 49 189 105 147 238 56 77 245 266 217 168 175 161 98 77 0 259 252 35 182 77 189 245 224 105 203 217 70 217 189 112 161 196 189 259 231 161 217 189 182 154 140 196 245 161 84 203 168 175 154 119 224 70 196 154 182 210 182 203 210 224 203 196 182 231 112
0 168 252 231 161 105 210 133 203 210 238 252 308 105 161 210 231 203 273 294 105 259 112 189 154 203 245 238 77 168 196 182 168 217 182 84 175 161 168 210 175 182 252 238 210 203 154 70 105 7 231 0 224 161 175 105 84 217 203 91 231 224 133 203 147 147 147 217 266 252 196 196 21 224 133 168 147 98 294 182 140 266 98 182 161 126 217 133 154 147 154 210 161 210 112 259 217 259 175 245 231
0 322 301 287 133 203 189 217 245 168 301 238 315 224 245 266 112 224 273 280 98 280 231 238 147 196 35 231 133 196 196 252 161 273 161 140 266 119 266 266 182 161 203 294 175 182 175 126 98 168 210 161 0 217 168 203 140 273 154 196 224 217 196 231 98 203 133 210 315 371 231 77 77 105 189 203 210 154 294 280 217 273 217 175 154 210 210 189 210 203 210 203 203 294 168 301 196 294 168 245 168
0 273 210 175 189 42 196 98 196 154 203 217 210 112 196 147 161 182 119 161 161 238 126 133 126 112 203 196 154 182 161 119 140 147 175 14 161 70 119 203 21 42 210 238 182 133 147 133 182 42 161 224 217 0 147 49 154 217 217 70 175 189 35 182 161 84 126 161 252 224 196 133 182 161 147 126 112 161 210 126 49 175 133 140 154 84 189 35 161 119 154 175 154 168 175 189 182 168 147 196 168
0 266 259 217 147 91 217 140 224 105 231 105 147 175 245 245 182 154 175 147 112 210 175 182 175 154 154 245 161 35 154 168 133 210 28 154 203 119 196 259 70 28 252 168 35 182 210 133 112 91 210 105 168 231 0 91 182 196 98 119 210 175 84 154 42 119 175 245 182 315 196 168 119 196 189 154 196 168 245 210 161 133 168 189 168 196 210 84 231 182 161 175 196 182 182 238 56 210 168 224 203
0 315 266 245 175 161 301 154 175 217 238 217 329 119 266 273 238 287 301 343 189 287 133 91 175 231 287 154 189 231 168 231 154 280 224 196 294 217 252 322 231 224 273 364 231 154 259 175 238 189 182 196 252 217 196 0 266 238 224 210 287 182 154 266 168 217 196 231 294 273 210 266 210 294 252 189 126 203 315 203 161 287 112 252 238 147 238 189 182 119 105 203 224 231 217 280 189 280 196 259 287
0 308 210 210 196 154 315 98 119 196 266 175 336 147 112 217 196 126 294 238 203 182 91 196 203 140 168 168 56 245 126 231 168 259 224 126 245 84 217 126 217 210 238 252 259 147 196 105 203 56 175 196 238 196 224 189 0 168 182 231 280 224 175 126 126 168 182 259 364 231 175 210 161 238 56 154 140 140 245 231 189 210 140 140 203 175 133 49 210 126 133 210 168 168 154 231 147 273 217 224 252
0 315 252 217 231 133 210 182 266 196 322 217 301 91 266 245 203 252 301 294 196 308 98 203 161 196 280 245 154 196 196 210 224 287 210 161 224 140 217 322 112 175 329 308 217 203 231 140 196 112 231 196 252 210 182 140 245 0 189 161 266 182 126 238 133 189 217 308 336 238 182 238 196 196 252 154 231 175 77 287 203 315 203 196 175 231 224 105 245 224 203 266 224 259 189 329 217 252 189 175 98
0 203 182 266 217 147 245 196 182 98 273 126 266 210 266 168 119 231 245 287 238 252 217 126 210 203 231 189 119 217 147 224 42 147 168 182 280 140 147 189 147 175 224 315 189 189 189 168 273 168 217 231 266 252 231 161 203 175 0 196 280 91 154 175 203 49 147 231 322 350 105 98 217 126 112 217 161 168 252 287 231 245 203 147 126 182 210 161 238 154 196 84 224 266 196 231 161 224 168 266 133
0 245 210 147 168 14 133 182 182 168 259 217 266 147 203 210 168 154 287 266 133 210 63 154 98 119 231 182 119 154 189 91 126 210 147 126 91 77 168 189 189 147 294 245 154 112 196 105 126 49 140 161 217 175 119 133 161 168 154 0 147 182 126 154 98 140 63 259 182 203 133 189 161 217 119 119 189 140 245 224 182 231 140 203 182 168 161 49 182 182 168 147 161 252 154 245 175 189 126 182 224
0 259 259 231 168 105 266 231 182 133 273 168 266 126 273 175 231 266 252 259 91 273 133 196 98 224 266 182 133 154 175 175 147 119 147 154 238 119 217 287 154 147 315 287 154 77 266 175 203 140 105 217 287 140 119 105 210 238 210 147 0 203 98 266 154 189 203 245 294 273 182 238 147 266 252 189 119 210 315 210 182 217 217 161 140 224 161 133 224 112 210 189 203 301 224 203 168 224 119 266 147
0 273 252 175 224 70 231 196 161 168 308 35 238 196 224 238 189 210 252 259 189 266 175 105 154 168 280 224 168 210 217 147 112 217 203 238 203 133 140 238 217 203 238 224 210 168 231 217 189 105 196 196 273 224 175 77 112 245 77 119 203 0 63 91 133 119 147 308 287 322 175 168 217 196 168 182 140 238 322 273 231 280 189 217 196 217 217 98 252 126 182 154 217 273 266 196 231 189 175 217 203
0 238 238 140 161 14 168 140 189 217 245 217 182 133 196 231 182 182 280 196 189 238 119 105 91 126 252 161 175 147 182 84 168 217 140 182 147 70 203 245 182 140 280 238 147 105 189 168 189 42 133 210 224 168 112 14 175 224 210 63 140 189 0 182 154 154 119 245 238 259 168 203 217 231 175 140 140 196 301 210 168 224 126 231 231 154 161 42 196 126 119 140 154 210 210 238 168 133 119 175 238
0 280 217 91 245 140 252 189 182 217 266 175 252 154 238 189 133 154 168 231 161 210 161 161 217 84 224 217 119 154 189 210 189 210 182 154 182 203 182 189 182 189 154 217 203 224 203 168 154 119 252 119 189 168 238 196 126 196 210 203 266 140 182 0 196 112 63 266 259 259 140 161 133 189 119 98 196 182 273 238 196 238 147 203 182 182 259 168 217 189 140 231 259 259 210 112 210 315 224 133 196
0 231 238 266 112 168 238 140 238 70 301 182 308 168 224 224 175 266 252 301 77 266 175 182 196 245 280 245 140 189 119 224 98 203 182 119 238 196 203 245 196 189 280 301 196 238 175 98 77 70 259 70 266 189 161 168 147 231 63 154 280 147 196 231 0 105 203 280 336 315 161 154 84 182 168 231 210 133 308 245 203 287 161 154 133 189 252 189 203 210 217 140 224 210 147 203 140 196 217 294 189
0 322 161 245 189 119 273 168 133 112 273 182 287 161 224 266 84 203 203 245 210 210 168 154 196 168 182 182 70 245 119 196 168 105 140 140 231 98 231 140 98 140 182 287 154 161 154 119 231 119 189 224 273 210 217 126 217 245 217 147 252 147 112 203 161 0 112 189 287 308 231 49 175 77 70 182 154 133 266 245 189 196 154 98 77 182 161 112 203 140 147 210 175 238 168 231 140 238 119 224 84
0 308 245 189 196 168 315 168 126 196 203 182 329 133 210 168 112 98 266 252 133 154 140 112 196 63 175 168 63 168 133 210 175 189 161 98 203 182 259 133 182 133 245 217 175 175 182 112 133 161 196 210 168 175 217 175 105 140 224 217 259 154 161 98 175 91 0 245 203 280 224 140 161 161 63 70 140 140 217 210 168 182 126 182 161 154 238 154 196 133 119 217 238 238 154 210 147 287 203 147 168
0 329 196 91 224 140 280 133 105 210 238 266 280 98 161 245 210 238 280 287 203 287 112 147 175 182 252 203 168 154 245 210 175 217 224 175 182 126 161 168 182 203 252 287 231 161 77 154 203 7 147 210 245 168 196 140 161 217 203 189 266 231 133 238 147 133 175 0 336 252 126 182 210 203 196 154 147 161 84 182 140 266 98 231 203 126 238 91 217 154 196 224 203 210 196 259 217 259 196 133 217
0 238 210 210 203 91 175 140 49 7 294 161 259 182 140 203 154 119 252 252 154 175 140 168 140 154 266 217 119 126 56 168 77 35 182 147 203 119 182 224 70 133 259 217 196 119 203 168 231 91 140 231 252 133 161 91 140 168 42 119 70 126 84 126 182 84 175 273 0 259 147 133 217 161 154 168 98 203 126 252 161 126 182 182 161 210 203 84 231 91 196 119 196 217 168 140 77 140 161 245 56
0 217 196 182 168 175 259 189 28 112 287 140 280 161 119 238 140 84 154 210 175 147 91 147 196 168 196 203 175 231 161 189 56 182 189 154 217 203 161 245 168 189 245 259 182 210 203 133 196 175 126 189 238 161 217 168 119 133 182 217 245 112 168 91 126 133 147 273 301 0 126 182 189 210 175 147 28 105 210 238 140 175 154 231 203 182 238 168 175 14 147 98 238 266 175 196 182 245 210 217 182
0 252 77 238 112 126 280 91 140 119 196 147 161 112 231 210 91 210 210 238 189 217 119 28 112 168 189 84 77 112 126 203 91 112 147 140 238 105 42 147 105 147 189 266 161 91 161 126 210 126 112 126 196 147 133 133 203 224 182 154 259 112 119 196 154 14 119 196 294 245 0 56 147 84 77 175 63 140 273 224 175 203 161 105 84 84 168 119 210 49 154 133 126 161 175 210 133 252 126 231 91
0 301 252 231 140 133 287 147 168 175 231 161 301 161 259 224 35 154 217 210 161 210 175 168 217 119 210 196 119 196 133 203 189 231 91 105 196 49 217 189 112 91 133 238 105 112 105 84 182 126 140 175 224 168 189 133 168 196 168 161 259 168 126 154 112 147 63 140 238 315 182 0 140 28 119 133 161 84 217 203 147 196 182 119 98 133 224 119 154 168 175 182 126 217 126 238 119 252 224 175 98
0 308 259 217 147 182 315 147 182 210 252 238 301 147 175 196 217 189 259 287 91 245 154 245 133 203 231 217 56 189 182 175 154 196 168 70 189 147 210 189 161 168 238 224 189 210 140 49 91 119 238 259 210 140 161 189 70 231 224 189 231 203 175 189 196 133 182 259 315 301 217 182 0 210 119 217 140 84 301 231 189 273 140 168 140 140 196 119 140 126 133 196 210 224 98 266 203 308 161 252 217
0 308 224 203 126 105 259 119 154 154 224 140 273 140 245 196 14 126 210 182 133 182 147 140 189 91 189 203 91 196 161 182 161 210 63 77 168 126 189 161 84 63 231 210 77 161 77 56 161 98 189 147 196 147 175 105 140 168 140 133 231 182 98 126 84 119 35 112 210 287 154 168 112 0 91 105 133 56 196 245 119 168 154 203 182 105 196 91 126 140 147 203 189 189 105 238 98 224 196 182 70
0 252 245 217 140 133 266 133 70 175 231 126 301 98 154 203 189 259 259 273 154 287 105 210 154 224 119 112 7 210 70 182 119 203 168 70 196 196 217 77 168 154 189 308 210 126 147 56 189 168 154 161 210 147 175 140 154 210 168 182 238 168 126 231 140 140 168 210 322 245 182 161 105 182 0 161 84 84 287 175 133 259 91 175 154 119 210 161 154 77 84 161 203 203 98 252 91 252 168 238 224
0 287 210 189 189 98 245 98 203 175 203 119 266 63 273 98 77 189 224 245 63 245 70 175 140 154 133 224 126 98 112 175 126 252 126 126 133 133 189 224 133 126 210 273 140 168 140 119 63 133 196 168 98 112 161 105 196 175 154 147 231 84 91 168 105 161 98 175 280 210 154 175 168 203 154 0 112 126 252 140 98 224 56 140 119 84 189 126 126 119 49 168 168 168 161 217 126 217 161 77 133
0 196 175 182 203 154 238 189 231 91 266 119 259 175 259 217 112 231 308 280 175 287 63 126 210 196 189 182 175 210 140 231 35 161 168 126 252 189 140 245 140 168 287 308 182 189 182 112 175 168 210 168 217 203 231 154 196 168 154 189 280 84 147 168 98 112 140 294 315 203 105 154 161 182 175 119 0 140 245 259 119 245 175 203 182 182 245 161 210 14 168 77 224 259 154 224 161 217 224 196 161
0 294 231 308 70 175 322 189 175 196 294 217 266 210 259 308 217 217 252 259 77 259 217 175 245 245 175 238 217 147 168 252 133 252 140 182 112 203 196 266 154 147 308 280 154 168 259 168 154 175 189 217 140 224 119 175 266 259 210 203 308 189 168 217 154 147 231 322 294 357 154 196 217 217 217 252 168 0 336 301 245 245 266 147 126 182 140 168 70 175 273 182 133 266 210 294 168 294 140 266 231
0 343 280 259 168 133 315 168 189 224 245 245 336 133 196 224 133 175 301 301 126 231 140 182 210 126 245 217 196 231 217 210 182 252 182 196 266 63 196 280 203 182 280 231 196 133 182 175 119 42 154 245 217 189 217 175 168 224 231 217 266 217 161 175 175 147 154 231 329 280 224 196 231 126 210 133 182 182 0 217 175 259 126 196 175 154 245 35 182 189 182 224 147 238 224 259 182 294 231 210 189
0 259 231 126 217 126 105 168 133 154 273 189 280 133 196 231 182 112 203 245 42 168 140 161 210 196 133 189 182 182 133 203 98 217 231 98 203 154 196 196 105 126 266 238 182 28 105 126 154 42 56 231 105 91 231 133 196 161 210 154 259 154 119 112 175 112 175 35 245 210 154 161 161 189 182 182 182 161 119 0 133 196 126 112 91 154 98 119 35 189 231 140 238 238 175 154 154 252 224 161 161
0 357 294 252 175 217 336 182 273 245 287 238 273 203 196 231 238 259 287 315 189 203 210 266 196 203 273 259 189 245 112 210 196 231 203 105 224 147 245 217 196 196 294 217 252 182 98 84 224 119 210 287 238 175 217 182 196 266 301 245 266 252 210 259 245 168 217 329 350 350 266 217 140 245 231 168 196 112 161 294 0 126 210 91 238 175 203 119 182 203 217 245 231 252 126 301 133 336 161 245 252
0 301 252 308 259 182 315 231 308 196 371 231 154 238 329 238 224 308 385 343 231 364 231 161 245 175 161 294 168 280 238 252 140 266 273 196 210 189 252 266 161 224 266 91 294 224 294 217 224 182 245 238 133 273 266 182 224 252 266 210 308 196 175 280 224 203 217 322 371 364 210 203 203 231 245 189 175 245 329 329 252 0 245 301 280 266 77 175 308 182 238 189 273 308 259 329 168 301 42 266 147
0 238 154 133 154 49 189 42 154 119 147 175 217 7 231 161 147 175 266 231 126 231 21 126 84 140 203 168 77 140 161 119 84 210 133 84 182 105 140 210 175 133 161 259 140 112 147 63 126 77 140 119 168 154 105 49 182 126 112 98 175 140 42 161 56 105 84 119 273 161 98 154 119 182 140 77 56 91 203 91 49 175 0 140 175 35 147 77 126 63 119 133 112 119 105 168 161 168 105 147 189
0 280 273 294 168 168 245 231 245 196 336 224 273 196 315 231 210 273 294 224 161 112 203 224 105 245 266 168 224 154 21 245 133 259 147 252 189 189 245 126 189 105 301 231 161 252 273 231 161 161 280 196 231 245 126 217 280 273 210 154 301 189 203 273 154 154 210 308 273 343 203 203 217 231 224 140 182 259 294 280 238 140 189 0 210 224 168 161 259 168 182 182 210 294 252 259 42 252 126 210 238
0 301 294 245 196 140 266 231 217 217 336 105 294 196 294 252 231 280 126 189 182 133 203 175 126 238 280 189 105 175 42 168 154 210 175 175 210 203 210 154 182 126 287 252 182 105 245 154 182 175 133 224 252 168 147 147 182 294 147 175 217 70 133 161 175 175 217 273 273 343 224 224 210 252 238 161 189 182 301 245 210 161 189 28 0 217 189 168 252 175 182 203 231 287 196 238 63 259 147 231 231
0 217 126 161 175 175 238 14 175 112 119 140 273 35 259 133 140 140 294 273 154 196 42 147 105 112 217 189 98 161 147 189 56 182 154 105 224 196 161 182 168 154 126 238 161 210 147 84 147 119 231 140 196 182 126 182 154 147 133 161 245 112 168 147 77 133 49 266 252 182 126 168 140 196 105 98 28 119 224 238 140 231 147 210 203 0 133 161 189 35 140 98 175 84 133 133 168 196 133 168 182
0 343 322 329 252 259 294 252 343 238 357 266 259 224 364 273 224 343 329 329 231 385 231 273 273 308 154 329 245 280 266 329 182 231 280 259 301 238 287 350 266 210 189 301 294 301 294 238 224 287 210 329 280 245 294 259 259 322 308 308 385 238 252 238 266 259 252 329 385 371 252 196 196 217 280 182 266 189 343 301 259 322 217 301 280 245 0 280 259 273 210 224 322 329 287 301 91 371 294 259 259
0 315 252 231 154 105 287 140 161 196 217 217 308 105 161 196 147 147 273 294 168 203 112 175 182 91 217 189 168 203 210 182 182 217 196 175 231 35 168 259 182 196 252 203 210 98 154 161 168 7 126 210 189 161 203 147 140 189 203 189 231 182 133 147 147 119 168 217 315 252 196 168 210 196 189 105 154 161 266 182 140 231 98 196 196 126 231 0 217 161 154 224 119 210 203 231 224 259 203 182 203
0 224 210 259 189 161 252 196 210 126 294 154 259 210 217 238 147 266 182 238 7 189 224 154 175 231 105 217 147 217 98 217 63 182 196 112 238 175 175 203 140 175 259 231 154 161 189 98 168 161 189 231 70 189 203 168 210 203 175 189 273 119 154 203 168 84 168 266 329 329 133 126 147 154 147 210 189 126 280 245 231 217 231 77 56 182 70 161 0 182 224 112 252 266 140 259 119 252 196 196 161
0 203 189 196 217 168 245 196 245 105 280 133 266 168 273 224 126 238 315 294 189 301 77 133 217 210 182 189 189 217 147 238 42 168 175 140 259 203 147 259 154 175 294 322 189 196 189 119 182 175 224 175 231 217 238 168 210 182 168 203 294 98 154 182 112 119 147 301 329 217 112 168 175 196 182 133 14 154 259 273 126 252 189 217 196 189 252 168 224 0 182 91 231 273 168 231 168 231 238 210 168
0 245 161 140 161 56 196 49 161 126 154 182 224 14 238 168 154 182 259 238 84 238 28 133 91 147 182 175 84 147 63 126 91 217 140 91 189 112 147 217 182 140 168 266 147 126 154 70 133 91 147 126 147 161 112 56 189 133 119 105 182 147 49 168 63 112 91 133 280 168 105 161 126 189 147 84 63 105 210 98 56 182 14 147 133 42 147 84 77 70 0 140 119 126 112 175 84 175 112 154 196
0 119 105 245 133 133 161 112 168 98 196 168 182 133 252 196 42 154 231 210 161 217 140 49 133 126 217 105 105 133 140 210 112 84 91 161 203 126 63 175 112 91 210 238 105 112 105 154 196 133 140 154 217 175 154 140 168 98 203 161 266 140 126 161 168 35 63 217 245 273 28 84 168 112 98 133 84 91 175 245 147 175 189 133 112 105 168 126 161 77 182 0 147 189 196 210 126 224 154 203 98
0 280 238 273 133 147 259 168 42 182 287 161 308 189 133 294 168 252 231 203 217 294 154 56 140 196 210 224 154 196 203 217 119 182 84 196 217 175 112 224 182 84 259 147 196 119 224 196 245 175 147 252 266 182 161 175 133 259 217 133 273 147 196 231 189 84 189 273 238 252 189 133 252 161 147 203 91 217 224 252 133 252 238 182 161 259 203 175 224 84 231 168 0 238 238 245 217 294 161 280 168
0 350 336 315 238 224 343 224 161 210 329 217 308 189 252 294 273 336 357 371 252 280 203 301 252 287 196 210 105 259 168 280 210 203 266 168 294 231 315 168 231 252 238 294 294 224 182 154 273 203 252 259 308 245 259 231 252 308 266 273 329 266 217 280 238 231 259 301 385 343 280 238 203 266 98 231 182 182 224 273 84 210 182 175 252 217 49 196 252 168 175 252 294 0 196 322 133 336 245 301 224
0 280 266 189 245 238 322 231 210 175 357 210 343 105 245 259 196 259 364 266 224 315 112 210 175 238 259 259 147 231 217 287 119 245 224 175 280 217 119 217 231 224 329 350 231 273 245 161 224 189 294 210 266 252 196 245 140 182 203 231 336 175 231 252 147 196 224 301 378 252 189 245 210 189 147 168 91 189 252 308 203 294 224 273 273 245 245 189 259 77 217 161 203 308 0 308 238 287 203 231 245
0 364 301 280 315 196 147 266 182 266 385 294 322 259 259 294 245 238 301 259 182 294 238 203 280 196 266 308 231 259 273 266 203 322 294 294 182 252 266 301 224 140 294 105 294 266 252 273 224 231 273 287 231 280 301 245 238 266 329 273 322 259 238 238 273 217 231 343 385 154 224 266 301 238 224 203 175 252 343 336 287 322 252 259 231 280 336 224 273 161 245 245 336 336 315 0 294 364 301 245 210
0 259 238 280 273 196 301 189 259 154 294 182 322 161 322 189 168 287 322 238 161 336 168 189 231 252 224 245 196 196 203 266 98 224 217 210 224 224 203 266 203 126 308 217 238 252 238 196 161 217 273 266 196 210 252 196 259 231 217 245 322 147 189 231 203 175 196 273 371 308 168 203 245 231 196 98 203 217 259 238 196 315 154 231 210 182 287 224 217 210 147 140 259 266 210 217 0 280 252 175 224
0 196 252 217 238 91 42 217 189 224 322 224 217 189 147 287 231 259 245 308 168 322 196 98 175 210 154 231 98 231 196 168 168 294 224 161 238 154 273 196 245 224 280 266 189 161 154 147 161 126 189 280 119 224 196 210 147 224 259 224 217 189 196 266 217 231 252 301 322 336 231 196 196 224 126 224 133 175 294 266 224 280 182 238 217 210 238 119 245 126 175 210 231 280 182 294 210 0 196 259 287
0 266 217 336 280 231 308 266 273 161 343 196 301 259 336 203 189 301 371 357 266 364 273 196 280 273 189 252 210 266 210 301 105 231 238 280 336 259 217 231 210 238 231 343 252 259 259 259 266 203 252 203 322 287 301 231 273 245 231 259 357 161 224 245 294 182 210 371 329 385 175 231 217 259 210 224 231 231 308 343 294 322 252 280 259 252 42 224 301 224 245 154 294 336 301 294 126 287 0 301 238
0 287 175 203 210 77 231 133 217 161 238 245 245 154 231 182 189 217 154 196 98 273 161 119 161 147 182 182 161 21 189 154 161 182 168 56 56 105 140 224 56 77 245 210 217 168 182 168 98 77 196 189 252 42 182 84 189 252 217 105 210 210 70 210 161 105 161 196 287 259 98 154 210 182 154 154 147 154 231 168 84 161 168 175 154 119 217 70 196 147 189 203 189 175 210 224 210 203 182 0 189
0 266 203 168 182 35 196 91 189 196 245 231 203 133 189 210 154 175 238 196 175 231 91 133 119 105 231 189 182 175 98 112 168 231 168 140 154 63 147 252 14 84 231 231 175 126 182 133 175 35 154 189 203 126 140 42 147 196 182 63 168 196 28 175 126 133 119 245 245 231 175 161 189 189 175 119 140 168 266 210 105 231 126 196 203 154 182 28 175 133 147 168 147 161 182 252 119 161 147 189 0
