80 4
512 14536 14536 1 7
1485 3690 3690 5 1
1539 10120 10120 10 9
175 8976 8976 4 5
1440 9312 9312 7 1
1764 7700 7700 5 6
1674 13200 13200 9 6
896 7634 7634 6 3
924 9300 9300 6 4
416 7392 7392 10 2
836 6052 6052 3 8
840 15000 15000 9 8
1139 5134 5134 5 9
697 8992 8992 2 7
408 5958 5958 2 8
1700 5240 5240 5 9
1425 6578 6578 6 3
1992 8460 8460 8 8
1700 8998 8998 4 4
408 13260 13260 5 4
864 5796 5796 4 8
1615 12050 12050 5 6
1440 13224 13224 10 5
18 9265 9265 4 10
1940 12624 12624 10 7
1007 7245 7245 7 2
1968 5980 5980 8 9
207 4012 4012 7 3
572 9104 9104 5 10
1007 5700 5700 2 10
1185 7866 7866 8 6
1242 10472 10472 2 10
136 9800 9800 4 3
1564 9315 9315 5 6
272 13685 13685 7 4
1265 5400 5400 1 5
154 13125 13125 9 1
512 5290 5290 2 5
180 3450 3450 5 5
1360 11075 11075 4 1
1596 5814 5814 8 8
165 8022 8022 5 5
2025 8620 8620 8 3
84 9072 9072 10 5
816 13618 13618 8 2
1656 12716 12716 7 9
2088 10032 10032 2 7
1054 4920 4920 9 4
1445 13794 13794 10 7
935 5859 5859 6 3
1407 8880 8880 9 10
1394 13100 13100 2 7
1656 7860 7860 10 5
330 12340 12340 10 2
1360 7475 7475 9 3
1184 5678 5678 2 9
1080 7744 7744 5 9
608 6966 6966 8 5
1178 7856 7856 10 9
1940 10225 10225 3 4
1292 10856 10856 2 9
1805 7616 7616 6 4
1463 7245 7245 8 6
1848 6552 6552 7 9
340 8262 8262 6 1
1980 5920 5920 5 9
608 10200 10200 6 9
1482 4573 4573 9 10
1260 11772 11772 8 4
375 13596 13596 7 9
1501 9252 9252 9 5
725 8660 8660 9 2
306 7440 7440 9 5
936 4560 4560 3 4
1020 6680 6680 8 6
666 10260 10260 8 1
459 5640 5640 9 1
1411 8790 8790 3 4
665 6210 6210 9 9
1800 6440 6440 8 7
SETUP
0 273 409 215 565 624 643 565 195 487 176 429 293 351 448 760 429 273 663 604 546 273 448 487 312 312 624 312 565 429 663 468 682 370 760 721 429 740 643 487 156 546 468 507 390 312 429 487 468 604 351 604 546 604 585 390 448 526 273 546 585 429 507 409 546 507 624 312 273 409 332 468 877 643 487 448 332 721 429 351 526
0 0 137 740 526 663 370 390 429 526 273 526 546 507 176 585 254 448 409 487 370 390 176 448 546 137 604 429 332 448 409 429 507 351 565 468 487 468 468 215 390 390 332 234 409 487 254 370 351 332 215 332 409 351 332 117 176 332 20 468 507 312 234 604 585 409 487 137 312 234 487 195 682 370 526 312 585 643 546 487 370
0 565 0 877 390 526 507 254 293 409 254 526 643 487 546 507 117 604 507 351 234 351 526 507 409 20 760 526 273 390 448 546 390 487 721 838 526 818 390 409 254 254 546 643 487 429 526 409 565 487 429 370 273 546 429 507 526 585 487 624 721 487 624 546 818 273 721 409 546 98 409 546 857 721 663 176 682 565 604 507 526
0 78 215 0 370 487 429 370 312 273 293 585 78 156 234 604 215 293 468 448 409 390 234 293 468 117 429 98 351 293 468 507 487 176 546 526 546 526 487 273 273 351 409 293 468 234 312 273 409 409 273 390 332 409 390 176 234 409 78 546 370 215 293 351 332 390 409 195 59 195 409 254 682 448 273 234 117 507 215 546 429
0 176 312 916 0 740 117 468 370 390 409 546 390 468 351 721 332 624 565 565 526 507 351 390 429 215 370 429 487 409 565 487 585 273 740 624 663 643 604 390 390 448 390 409 448 565 429 137 507 507 390 507 487 507 487 293 351 507 176 643 663 487 409 663 448 487 332 312 176 312 565 370 857 546 390 390 448 721 429 663 546
0 546 273 916 663 0 526 526 546 663 526 624 740 604 604 682 370 721 760 526 487 624 624 760 507 273 682 682 546 293 624 799 643 156 604 663 779 799 565 565 507 507 585 448 643 448 565 273 818 156 702 624 546 526 702 643 663 643 546 98 585 663 760 293 487 546 740 448 526 351 663 702 643 877 702 448 682 137 565 760 390
0 78 195 799 370 624 0 351 254 273 293 448 293 351 234 604 215 507 468 448 409 390 234 273 332 117 429 312 390 293 468 487 487 176 624 526 546 526 487 273 273 351 370 293 429 448 312 20 409 390 273 390 370 409 390 176 234 390 78 546 565 370 293 565 332 390 215 195 59 195 468 254 740 429 273 273 332 604 332 546 429
0 332 468 1072 448 565 273 0 507 526 507 565 546 604 487 254 468 565 409 98 390 604 312 546 448 370 682 565 448 429 195 565 429 429 818 779 351 624 137 448 487 215 507 546 565 604 448 273 526 663 390 643 332 585 332 429 351 332 332 663 526 565 565 721 585 643 468 448 312 137 624 370 760 546 526 234 585 702 585 663 604
0 507 643 1072 779 994 585 624 0 721 624 896 721 682 663 565 487 896 643 409 585 585 409 721 779 507 857 663 643 740 507 877 624 604 877 955 740 702 448 663 721 740 585 721 643 526 254 409 585 838 468 740 663 663 565 624 409 332 507 468 838 604 740 624 779 546 740 137 507 585 682 429 702 624 721 565 643 916 702 740 604
0 526 487 935 740 799 487 448 663 0 351 779 760 487 663 468 526 857 487 526 663 740 273 624 663 429 896 565 624 409 624 507 779 293 721 702 643 604 351 585 624 663 468 468 546 312 487 390 487 273 370 682 624 293 409 604 312 370 526 663 702 643 740 429 799 702 624 585 526 507 585 332 760 507 740 526 663 877 215 643 526
0 487 429 624 663 468 702 468 370 740 0 799 682 234 526 682 546 818 877 546 604 448 663 624 682 429 877 604 643 585 643 643 760 585 1013 663 468 896 585 585 332 663 565 429 585 332 448 682 312 565 176 799 702 682 799 604 663 682 487 565 468 799 721 448 799 565 877 507 526 468 429 624 974 799 740 604 565 585 643 916 585
0 565 565 1033 838 526 507 487 624 779 643 0 546 507 507 487 624 760 779 585 117 370 585 740 682 565 916 565 156 390 682 760 702 663 643 760 546 877 448 565 643 702 682 526 740 332 429 526 760 663 643 721 760 682 740 682 585 312 565 624 702 585 429 448 838 78 624 604 565 409 215 604 721 779 779 721 565 663 682 702 409
0 293 390 760 507 429 624 370 254 643 234 565 0 78 370 604 487 234 429 448 351 332 215 468 448 390 604 39 293 643 546 526 624 546 487 643 507 546 487 429 215 585 409 507 468 176 293 565 429 546 312 624 526 526 351 409 254 526 293 526 312 585 526 273 585 312 351 390 429 468 332 273 624 448 624 468 59 448 156 585 507
0 254 390 779 448 604 546 604 195 585 156 565 682 0 312 585 448 585 643 604 370 254 429 663 448 351 799 429 429 604 585 448 604 487 818 721 429 721 468 351 156 585 448 487 390 98 215 487 468 468 332 585 604 448 565 370 429 468 273 643 234 565 487 215 740 332 643 312 468 429 254 448 877 624 682 526 332 740 409 740 448
0 351 370 799 624 526 487 546 565 663 409 643 663 487 0 585 195 293 468 429 448 215 254 370 604 312 663 507 156 312 526 273 624 195 624 585 390 546 468 59 526 565 409 351 468 332 370 293 429 176 312 448 585 195 390 234 254 468 137 604 604 429 351 429 429 409 565 254 429 332 468 273 663 448 526 487 702 643 604 585 429
0 78 215 818 370 604 20 59 273 293 312 448 293 370 254 0 234 526 332 137 429 409 98 293 332 117 429 332 390 312 234 507 468 176 565 526 390 390 176 293 293 254 273 312 332 468 332 39 273 409 156 409 370 409 254 195 98 370 98 546 565 390 312 565 351 390 234 215 78 176 409 117 604 312 293 273 351 624 332 429 448
0 565 487 1013 643 682 663 682 585 818 565 799 682 487 526 643 0 487 663 740 254 663 721 390 682 487 877 721 312 507 779 799 546 390 604 916 721 877 585 565 546 721 818 682 799 312 702 487 838 370 740 254 604 604 663 663 721 682 565 779 721 487 565 429 838 234 779 585 702 565 351 760 857 935 546 663 702 448 799 857 546
0 78 215 546 565 702 429 429 468 604 351 565 604 585 234 643 293 0 468 526 429 448 234 487 448 195 390 487 390 526 468 507 565 409 624 526 565 526 526 293 429 429 390 293 448 546 332 448 409 409 273 390 448 409 390 176 234 409 78 546 585 370 312 604 351 468 565 215 390 273 546 273 740 448 604 351 643 702 604 565 448
0 565 195 935 390 721 487 448 332 604 312 721 779 546 721 702 312 546 0 526 429 409 702 137 604 195 740 565 468 565 624 604 468 507 896 974 585 487 585 487 293 429 604 740 546 624 585 507 624 604 487 565 468 624 585 663 682 663 565 565 779 585 546 721 818 468 702 468 546 293 487 702 702 877 293 370 818 740 682 702 682
0 234 370 974 370 779 176 215 429 448 468 487 448 526 409 176 390 487 487 0 585 565 254 448 370 293 585 487 546 468 98 663 624 332 721 702 546 546 59 448 448 409 429 468 487 624 370 195 448 565 312 565 254 565 409 351 254 254 254 604 429 468 468 721 507 546 390 370 234 332 565 293 760 468 448 156 507 779 507 585 507
0 468 468 916 740 429 409 429 565 682 546 702 682 390 624 390 507 799 682 507 0 643 487 643 585 468 818 663 59 448 604 838 604 565 526 663 468 779 565 624 526 643 565 429 643 234 604 409 663 565 546 760 663 565 624 585 487 585 468 526 624 760 702 332 721 721 526 507 448 312 643 507 702 682 682 624 721 546 721 818 312
0 702 740 935 799 779 721 448 351 857 332 740 857 565 760 702 818 624 799 546 643 0 760 935 624 740 916 585 468 663 643 624 663 740 935 974 176 994 585 682 312 663 624 760 565 643 585 682 624 740 507 1013 721 740 721 799 760 682 702 818 409 955 916 740 974 760 916 487 760 370 254 721 1052 896 974 682 507 818 702 1013 448
0 254 390 994 468 916 429 643 565 702 526 604 702 760 429 838 507 624 234 721 604 624 0 370 487 390 838 682 448 643 643 643 682 526 818 702 721 702 721 468 526 624 585 487 643 624 507 448 585 526 468 585 351 585 156 370 429 585 254 702 760 487 487 740 760 663 643 390 487 487 312 448 585 624 526 273 760 896 740 740 507
0 429 234 799 254 643 370 487 215 643 176 702 643 409 585 740 351 740 663 585 468 293 585 0 585 234 624 448 507 468 663 468 604 487 916 838 448 487 624 643 176 468 487 604 409 507 448 370 487 468 351 604 507 760 585 546 585 526 429 682 643 448 409 624 682 507 585 332 409 332 351 585 702 760 176 409 682 760 565 740 546
0 526 624 994 740 643 585 604 487 838 468 137 254 312 604 565 585 468 682 682 234 487 448 702 0 487 702 273 273 332 779 760 779 740 721 877 663 779 565 663 448 721 643 643 702 409 526 585 663 779 546 838 740 760 604 643 487 429 546 234 409 702 546 526 818 195 585 624 624 507 332 507 838 682 838 643 293 682 390 818 507
0 565 448 877 390 526 507 254 293 702 254 526 643 487 546 507 117 585 507 351 312 351 526 487 409 0 760 526 370 370 448 546 370 487 721 838 526 818 390 409 254 254 546 682 487 429 526 409 565 487 429 370 273 546 429 507 526 585 487 624 721 487 624 526 818 273 721 409 546 98 409 546 857 721 663 176 682 565 624 857 604
0 429 351 974 448 507 468 526 526 624 370 565 643 604 273 663 448 526 487 604 546 468 273 448 448 351 0 117 370 429 624 526 565 293 663 546 585 565 546 312 487 585 20 332 78 526 332 409 429 429 312 312 332 448 409 215 273 429 98 565 312 409 332 643 643 624 585 215 409 293 585 293 702 468 604 507 409 624 234 585 468
0 429 526 877 643 390 604 546 624 838 273 760 838 487 565 663 526 760 409 643 740 702 176 546 643 526 896 0 254 604 682 721 799 546 702 760 546 507 546 507 585 760 390 526 448 429 682 624 409 546 273 760 526 643 332 526 215 760 429 487 721 663 663 546 721 760 546 565 624 507 487 254 604 429 702 448 760 526 117 546 468
0 546 585 1072 682 702 682 702 526 663 507 643 760 351 643 663 468 760 643 760 526 604 721 604 526 585 1013 702 0 390 663 799 546 760 487 779 760 838 546 565 487 818 663 546 721 176 546 565 721 799 682 721 604 526 604 663 721 546 565 760 585 760 779 293 818 682 468 448 643 254 604 740 643 760 760 702 682 838 760 1033 702
0 740 702 1072 604 604 721 857 799 974 779 604 721 799 721 818 624 663 585 857 429 663 682 604 487 702 955 721 487 0 955 702 448 760 955 624 838 974 896 487 760 799 838 779 896 643 799 487 721 740 740 877 526 624 507 663 682 896 565 702 896 370 779 760 1013 682 487 682 760 176 682 702 935 877 760 624 585 740 799 838 721
0 448 332 1072 273 857 370 448 604 643 468 390 526 585 565 409 429 643 721 526 507 604 487 643 273 332 624 487 546 585 0 760 643 546 955 624 507 585 273 624 565 429 546 409 604 682 273 390 663 702 546 682 156 682 643 546 487 156 448 507 663 429 643 721 702 468 585 565 429 409 585 507 799 702 643 59 468 818 604 818 429
0 604 740 546 818 994 799 818 565 818 546 935 604 390 682 779 760 565 916 896 740 643 702 818 818 643 935 643 799 779 955 0 974 643 877 1052 799 682 663 721 526 877 838 818 760 468 604 740 838 838 721 916 877 818 838 721 721 526 604 994 624 760 838 585 857 721 955 663 585 721 643 760 916 935 818 779 663 1033 624 1052 799
0 370 254 779 195 507 312 507 526 565 390 332 448 487 273 565 176 546 215 409 429 487 234 332 215 254 565 468 137 526 507 254 0 448 624 565 429 526 448 39 487 351 390 332 468 312 351 312 409 448 293 429 78 176 137 215 234 448 117 429 604 409 332 429 624 390 507 234 351 312 526 254 526 429 507 234 487 624 585 565 468
0 429 565 1072 682 740 370 565 624 643 565 740 643 624 468 526 565 702 702 370 390 663 487 604 624 468 779 546 429 137 468 643 507 0 818 760 838 643 409 429 643 721 468 663 526 448 682 117 702 585 565 468 565 565 624 546 526 624 429 838 429 507 663 565 702 740 585 565 429 312 779 546 877 721 643 507 526 877 429 838 487
0 78 215 818 546 624 429 390 234 604 215 585 624 293 254 624 273 526 156 487 429 312 254 293 487 215 663 234 390 526 468 507 585 429 0 507 390 546 507 293 195 448 409 293 448 117 332 448 254 409 293 409 468 409 254 195 254 409 78 546 526 370 312 234 663 487 565 215 390 312 370 273 682 448 448 370 624 702 351 565 448
0 585 156 1013 487 585 526 409 429 546 409 663 779 624 702 507 254 721 370 487 370 507 604 254 546 156 857 526 429 526 585 702 526 448 857 0 663 468 507 546 390 390 565 721 487 565 643 526 604 429 487 507 429 682 585 643 604 721 585 682 857 624 643 682 838 429 721 546 565 234 546 624 332 390 409 332 838 702 643 643 663
0 526 585 779 643 604 760 624 195 896 156 643 760 390 682 760 663 468 624 585 468 254 585 760 526 585 760 429 526 487 487 448 487 740 994 818 0 818 643 526 156 818 448 585 390 487 429 526 468 721 332 857 565 565 546 643 585 507 526 643 624 779 760 585 818 721 857 312 682 215 332 546 877 740 896 526 721 740 526 857 526
0 332 468 779 721 955 624 546 721 740 604 818 760 721 487 604 507 254 487 643 624 624 273 624 682 448 643 702 643 546 721 760 663 643 877 779 779 0 487 526 682 312 604 546 663 546 273 429 624 663 487 643 604 663 409 429 448 370 332 507 702 390 429 663 604 585 760 156 526 526 585 468 234 643 740 526 663 896 740 760 624
0 195 332 935 487 740 137 176 390 409 429 565 409 487 370 137 351 643 448 254 546 526 215 409 448 234 546 448 507 429 351 624 585 293 682 663 507 507 0 409 409 370 390 429 448 585 448 156 390 526 273 526 487 526 370 312 215 487 215 663 390 429 429 682 468 507 351 332 195 293 526 234 721 429 409 390 468 740 468 546 565
0 409 332 760 663 487 429 507 507 604 351 585 624 448 254 526 156 526 429 370 409 448 215 526 604 273 663 468 117 487 468 234 565 429 585 526 546 487 409 0 468 507 370 312 429 273 332 293 390 409 254 409 546 137 351 195 195 409 78 546 585 390 312 390 663 370 526 215 390 293 487 234 721 409 604 448 663 585 585 526 448
0 507 448 643 585 468 624 468 59 760 20 702 702 254 546 604 526 740 682 448 624 117 448 643 585 448 838 273 526 604 546 312 663 585 916 682 293 682 487 585 0 682 312 448 254 351 293 448 332 585 195 779 468 682 604 624 448 370 507 507 487 643 740 448 799 585 721 176 526 448 195 409 740 585 760 546 585 604 390 721 390
0 604 526 1072 818 838 643 682 721 818 565 663 818 779 312 799 507 585 487 721 760 526 351 624 760 468 740 604 468 624 799 585 740 487 702 740 682 643 682 370 682 0 526 507 585 624 526 604 526 487 409 760 702 487 507 254 351 624 293 702 779 585 507 740 740 721 663 409 585 546 663 370 857 565 779 604 877 916 721 643 643
0 526 487 974 429 487 546 643 702 799 351 565 682 585 663 663 565 526 507 663 526 663 273 546 448 487 526 98 351 429 760 799 546 293 779 857 643 604 546 585 663 585 0 624 78 526 332 390 487 624 370 760 312 721 429 604 312 409 526 546 721 429 760 624 624 624 643 215 565 273 585 332 682 526 702 507 721 624 215 643 565
0 117 39 838 409 565 468 293 312 312 293 546 332 390 273 526 156 546 507 370 254 390 273 312 429 39 468 234 312 332 468 526 409 215 663 234 546 565 409 312 273 273 156 0 215 448 351 312 448 429 312 409 312 448 429 215 273 293 117 585 604 409 332 507 370 312 604 234 98 117 429 293 565 487 312 215 370 429 351 526 156
0 468 429 916 370 429 487 585 643 740 293 507 624 526 604 702 546 585 429 663 468 721 215 487 390 429 585 39 293 487 721 740 487 351 721 779 585 546 585 526 604 526 78 565 0 448 390 468 429 565 312 779 254 663 351 546 254 468 468 526 760 507 682 565 702 565 565 273 526 215 526 273 624 448 643 468 663 565 156 585 507
0 429 565 935 604 779 507 546 351 507 332 487 604 176 468 507 585 740 779 585 546 429 565 779 370 487 935 585 585 682 487 624 760 643 974 818 585 799 390 526 312 721 624 643 565 0 390 507 643 643 507 740 643 351 702 546 565 370 429 585 409 643 663 117 838 507 721 293 565 565 429 585 1013 760 779 546 507 916 585 896 624
0 273 409 1013 565 838 624 565 526 468 487 702 487 565 429 799 234 702 585 643 487 351 429 487 585 312 624 507 526 507 663 643 390 370 818 721 526 721 682 409 487 546 604 487 663 546 0 468 604 604 468 487 448 429 507 370 429 604 273 740 760 565 487 663 526 468 760 390 254 390 585 468 896 643 468 487 526 682 624 740 624
0 332 468 1072 624 838 273 624 507 526 448 702 546 585 487 721 468 760 604 546 663 643 370 546 585 370 682 448 643 507 643 760 740 370 877 779 740 702 604 546 526 604 351 546 429 487 585 0 604 663 468 643 643 663 526 448 409 663 332 799 799 624 565 585 585 643 468 468 312 448 682 448 916 624 526 546 585 857 312 740 663
0 370 117 935 507 604 409 156 332 526 312 604 585 546 546 390 234 624 565 234 351 409 468 585 487 117 721 565 390 293 332 604 448 468 838 682 156 585 293 390 293 370 487 448 546 546 585 409 0 585 195 487 390 526 487 487 468 487 370 702 663 604 604 643 507 390 604 468 370 156 487 332 799 507 585 293 643 682 682 624 585
0 448 585 779 702 760 390 585 624 663 565 565 663 643 468 546 565 721 624 390 390 682 487 604 448 487 799 565 448 156 487 643 507 20 468 760 838 663 429 429 643 721 468 643 546 468 702 137 702 0 585 487 585 565 643 565 526 624 448 663 448 507 682 565 702 624 585 585 429 312 643 565 507 740 663 507 546 877 429 721 254
0 351 254 1052 643 682 526 293 468 565 448 721 565 643 526 526 370 740 702 370 468 546 526 565 604 254 702 487 526 409 468 740 585 409 838 487 293 721 409 526 429 487 409 254 468 682 604 507 137 390 0 624 526 663 624 468 526 526 370 779 799 663 585 682 624 526 740 487 351 293 604 448 799 643 565 429 507 682 604 740 409
0 312 370 760 390 760 487 565 332 760 312 663 760 546 468 526 468 234 507 487 507 409 468 137 546 370 624 565 546 254 526 604 624 137 351 760 585 624 526 507 293 604 585 526 546 468 546 234 585 117 487 0 624 643 604 409 468 643 312 760 565 234 526 585 585 643 702 429 546 429 487 507 604 682 293 546 663 896 546 779 370
0 293 195 1033 117 702 234 429 468 507 429 254 370 448 468 682 293 507 682 526 351 526 468 507 137 195 487 409 409 468 624 604 565 390 838 740 370 760 565 507 429 273 507 526 565 546 370 254 624 624 507 546 0 624 604 409 468 565 293 351 526 604 526 585 565 332 448 429 293 273 448 487 974 663 507 351 429 740 507 682 643
0 468 585 877 526 663 409 390 409 682 254 663 682 487 643 390 254 721 643 234 448 487 487 624 526 137 818 604 487 507 332 682 507 526 838 916 663 779 273 546 370 370 507 682 565 565 604 156 565 604 429 507 409 0 565 585 487 487 468 760 663 624 702 663 740 409 624 546 468 234 546 507 994 702 682 312 740 682 468 818 740
0 507 273 1013 332 799 448 526 429 682 390 468 585 624 663 779 390 487 98 624 507 487 585 215 351 273 702 546 312 643 702 682 546 585 779 643 565 565 663 565 370 487 546 409 604 487 585 448 702 682 565 643 215 702 0 604 585 682 507 565 740 663 624 585 760 526 643 546 487 370 565 604 429 779 370 117 624 818 663 779 546
0 351 390 857 565 585 526 429 487 702 429 409 721 546 59 546 254 332 332 468 507 273 98 429 507 215 487 351 215 370 565 332 585 234 448 624 429 390 429 117 448 448 273 409 332 370 429 351 273 234 156 507 448 234 254 0 98 507 176 643 663 487 409 487 487 468 409 312 487 293 409 117 604 312 585 351 643 682 468 390 468
0 254 312 994 468 585 429 351 526 624 487 546 624 702 351 448 409 546 234 429 526 565 20 370 429 312 682 273 390 409 526 507 624 448 487 546 351 293 332 293 487 546 176 312 234 565 487 448 195 448 59 585 351 429 156 312 0 565 273 663 721 507 487 663 682 585 332 370 409 351 332 39 526 215 526 273 546 643 390 332 468
0 332 468 1072 624 857 273 293 526 546 546 702 546 624 429 254 351 702 565 390 604 468 351 546 585 370 682 565 546 429 487 702 507 429 818 779 643 643 137 468 546 507 507 546 565 663 117 273 526 565 409 604 565 546 487 448 351 0 332 799 526 293 565 779 585 565 487 468 312 429 643 370 857 546 546 526 312 799 585 682 273
0 332 254 896 624 682 370 429 429 526 273 507 546 507 176 585 351 448 390 507 468 370 176 526 604 254 585 429 312 448 526 429 565 351 565 448 487 468 468 215 390 487 332 234 390 487 254 370 332 332 215 604 526 351 312 117 176 332 0 468 507 312 234 604 585 526 487 137 312 351 487 195 682 370 526 429 585 643 546 487 370
0 487 624 1072 643 526 760 507 526 935 507 760 818 740 643 760 370 838 760 585 565 604 663 740 643 254 994 760 604 624 682 799 624 682 955 935 760 935 624 663 487 487 799 702 740 565 740 663 779 663 682 624 526 702 682 604 643 818 487 0 955 740 721 682 1013 526 955 624 799 351 643 682 1052 857 604 429 877 663 877 974 838
0 604 429 1072 429 818 546 409 702 702 546 332 448 526 740 663 546 682 818 507 390 702 663 818 215 429 799 487 448 546 604 916 682 702 916 857 760 994 546 702 663 624 779 624 838 624 740 546 663 896 546 799 702 838 740 702 702 643 604 448 0 896 702 721 857 370 740 682 585 526 448 721 1052 896 799 604 98 877 604 935 643
0 838 838 1072 740 760 818 565 643 1033 624 760 877 857 877 799 779 818 740 643 585 312 740 740 643 838 1072 877 624 156 740 857 604 896 1072 760 468 1072 682 624 604 779 916 916 857 799 565 624 877 896 799 1013 663 760 663 818 818 896 702 857 702 0 916 916 1072 585 624 779 818 312 546 857 1072 1033 916 760 740 877 779 974 740
0 409 546 760 565 896 682 682 585 624 546 604 624 702 565 818 351 838 585 779 604 487 370 624 487 448 760 624 526 643 799 643 390 507 838 857 409 663 702 429 546 682 526 624 585 663 156 624 546 721 429 604 448 546 507 526 370 624 409 721 273 702 0 779 663 585 682 429 390 546 682 390 877 565 624 624 370 799 740 682 779
0 546 682 955 643 896 643 624 643 760 487 779 760 721 721 624 487 955 682 468 526 624 448 760 663 370 896 643 585 740 390 916 663 643 916 721 779 740 507 702 604 604 624 760 604 565 293 409 624 838 507 740 526 254 604 663 448 370 546 507 721 643 565 0 818 507 779 176 546 468 624 468 955 663 760 429 682 916 702 779 643
0 312 448 702 818 857 663 682 156 838 409 799 760 643 487 721 526 254 702 565 663 507 487 721 682 429 624 585 468 624 663 702 702 487 818 760 682 779 604 526 390 663 643 526 643 624 390 546 643 468 526 643 702 643 624 429 487 487 312 624 818 604 546 740 0 702 799 273 624 429 585 507 838 682 838 604 779 896 702 799 195
0 507 487 955 779 448 448 468 546 702 585 740 468 429 448 429 546 682 721 546 39 643 507 682 624 487 857 487 98 468 643 682 624 604 565 702 487 799 585 487 565 682 604 468 663 254 487 448 702 604 565 799 702 604 663 604 507 624 507 546 624 799 351 370 760 0 546 526 487 351 137 546 740 721 702 663 487 585 604 624 332
0 546 370 799 370 740 487 604 332 760 312 234 351 429 721 663 468 565 663 702 332 312 546 137 117 370 740 370 390 448 799 604 740 390 818 312 468 604 663 760 293 604 604 702 546 507 585 487 604 604 468 721 624 857 702 663 585 526 546 332 507 565 526 624 818 312 0 468 546 448 429 624 643 682 293 526 409 390 487 857 604
0 390 526 1072 682 857 468 487 643 585 604 818 604 565 546 448 351 818 507 585 468 468 293 604 702 370 740 546 507 624 682 760 507 487 760 818 624 585 332 526 604 604 448 585 507 390 117 273 468 721 351 604 565 546 429 487 293 215 390 351 721 487 604 507 643 429 604 0 370 468 546 312 799 487 585 526 507 799 585 624 468
0 20 156 760 312 585 370 312 273 234 234 526 234 312 176 546 176 448 409 390 370 332 195 234 448 59 370 273 332 254 409 448 429 117 565 468 507 468 429 234 234 293 351 234 409 390 273 234 351 351 215 332 332 351 332 137 195 351 20 487 526 312 254 507 273 332 507 156 0 156 409 215 702 390 234 234 293 604 370 507 390
0 565 546 1033 429 448 546 682 760 818 663 448 565 643 565 643 468 507 429 682 273 760 526 565 332 546 799 565 312 293 779 546 293 604 799 838 702 799 721 332 721 624 663 624 740 487 643 312 565 585 565 721 351 448 351 507 507 721 390 546 721 663 624 604 857 526 760 526 604 0 643 546 779 721 721 468 624 585 624 779 565
0 702 624 935 857 877 702 721 896 624 877 877 779 818 702 682 721 935 740 799 702 916 779 877 760 624 1052 799 468 624 896 565 721 507 935 838 1033 1052 838 740 857 857 740 604 799 643 935 604 877 487 740 955 779 877 779 799 779 877 702 974 838 974 916 760 955 896 896 818 682 429 0 799 974 974 896 682 799 896 818 994 195
0 507 273 1013 448 565 448 312 487 682 468 526 643 702 332 429 390 526 604 409 507 546 370 429 409 273 760 332 370 370 487 487 604 507 721 604 312 273 312 254 448 526 351 565 293 526 546 448 176 507 351 546 332 390 526 273 370 624 332 624 702 643 565 643 663 546 312 429 487 312 643 0 487 195 585 448 702 604 409 312 702
0 546 682 1072 838 1072 487 507 740 760 721 916 760 838 721 468 565 994 799 604 818 663 565 760 799 585 896 702 838 760 702 955 702 643 1033 994 838 857 351 740 760 721 624 779 682 740 332 273 740 877 624 818 779 740 721 663 565 838 546 1013 740 779 779 682 818 779 702 682 546 643 877 585 0 760 760 740 818 682 585 896 916
0 332 332 857 273 546 273 293 507 526 409 390 526 585 487 254 429 351 546 370 507 643 332 546 273 332 624 156 390 565 468 760 604 429 818 779 507 98 137 546 546 409 176 546 117 565 370 273 526 663 390 643 156 663 468 448 351 448 332 507 526 487 526 682 585 468 468 254 312 312 604 370 312 0 526 507 565 663 254 663 604
0 273 409 643 98 468 215 468 59 468 20 546 487 254 429 624 409 702 663 468 604 117 429 487 429 312 468 293 526 312 546 312 663 370 818 682 293 526 507 468 20 546 312 448 254 351 293 215 332 585 195 585 468 604 585 370 429 370 273 507 487 293 487 448 526 585 409 176 254 390 195 409 546 604 0 487 526 604 390 721 390
0 390 273 1033 215 799 332 526 546 604 429 351 468 546 546 779 390 604 702 624 448 624 487 604 234 273 585 448 507 565 721 702 643 487 935 838 468 760 663 604 507 370 585 604 663 624 468 351 663 721 526 643 98 721 624 507 487 643 390 448 624 682 604 682 643 429 546 526 390 370 546 507 974 682 604 0 526 838 565 779 721
0 643 332 1072 721 721 585 312 604 740 448 624 721 682 643 565 448 877 721 409 293 682 624 818 507 332 994 760 351 702 507 838 585 740 818 955 663 935 448 604 565 526 818 721 818 526 760 585 760 799 624 702 604 740 643 740 643 643 643 740 838 818 604 624 896 273 779 740 624 429 351 682 994 857 838 507 0 818 857 838 546
0 409 137 994 526 663 643 390 409 546 390 487 604 487 565 624 254 721 643 468 351 487 585 624 370 137 546 546 409 507 565 682 507 507 838 546 643 857 507 546 370 370 448 312 507 312 663 546 702 604 565 507 409 663 565 526 565 585 409 604 702 624 643 429 663 409 838 546 390 234 526 604 740 779 624 312 663 0 663 624 448
0 312 409 760 546 604 487 448 526 721 156 643 721 390 448 546 409 643 293 526 624 585 78 429 526 409 779 370 487 507 565 604 721 546 585 643 448 390 429 390 468 643 273 409 332 468 565 507 293 546 156 643 429 526 215 409 117 643 332 702 604 565 546 585 604 643 429 448 507 448 390 137 624 312 585 332 643 740 0 429 351
0 546 604 1013 624 682 740 799 585 994 546 682 799 779 702 760 682 487 429 740 507 643 721 370 565 604 857 779 546 78 760 760 526 370 585 682 818 857 779 546 546 838 818 760 779 702 799 468 779 351 721 254 585 682 585 663 702 877 546 779 799 429 779 818 818 740 546 682 779 234 721 740 838 916 526 682 643 799 779 0 604
0 507 429 1052 663 682 663 682 702 702 682 682 721 624 507 818 546 740 663 663 507 721 663 721 565 429 857 643 273 429 760 779 526 312 740 643 838 935 702 546 663 663 546 409 604 448 740 409 682 293 546 760 585 682 585 604 663 682 507 779 721 799 721 565 760 702 740 624 487 234 818 702 779 877 702 487 604 702 721 916 0
SETUP_COST
0.0 5460.0 8180.0 4300.0 11300.0 12480.0 12860.0 11300.0 3900.0 9740.0 3520.0 8580.0 5860.0 7020.0 8960.0 15200.0 8580.0 5460.0 13260.0 12080.0 10920.0 5460.0 8960.0 9740.0 6240.0 6240.0 12480.0 6240.0 11300.0 8580.0 13260.0 9360.0 13640.0 7400.0 15200.0 14420.0 8580.0 14800.0 12860.0 9740.0 3120.0 10920.0 9360.0 10140.0 7800.0 6240.0 8580.0 9740.0 9360.0 12080.0 7020.0 12080.0 10920.0 12080.0 11700.0 7800.0 8960.0 10520.0 5460.0 10920.0 11700.0 8580.0 10140.0 8180.0 10920.0 10140.0 12480.0 6240.0 5460.0 8180.0 6640.0 9360.0 17540.0 12860.0 9740.0 8960.0 6640.0 14420.0 8580.0 7020.0 10520.0
0.0 0.0 2740.0 14800.0 10520.0 13260.0 7400.0 7800.0 8580.0 10520.0 5460.0 10520.0 10920.0 10140.0 3520.0 11700.0 5080.0 8960.0 8180.0 9740.0 7400.0 7800.0 3520.0 8960.0 10920.0 2740.0 12080.0 8580.0 6640.0 8960.0 8180.0 8580.0 10140.0 7020.0 11300.0 9360.0 9740.0 9360.0 9360.0 4300.0 7800.0 7800.0 6640.0 4680.0 8180.0 9740.0 5080.0 7400.0 7020.0 6640.0 4300.0 6640.0 8180.0 7020.0 6640.0 2340.0 3520.0 6640.0 400.0 9360.0 10140.0 6240.0 4680.0 12080.0 11700.0 8180.0 9740.0 2740.0 6240.0 4680.0 9740.0 3900.0 13640.0 7400.0 10520.0 6240.0 11700.0 12860.0 10920.0 9740.0 7400.0
0.0 11300.0 0.0 17540.0 7800.0 10520.0 10140.0 5080.0 5860.0 8180.0 5080.0 10520.0 12860.0 9740.0 10920.0 10140.0 2340.0 12080.0 10140.0 7020.0 4680.0 7020.0 10520.0 10140.0 8180.0 400.0 15200.0 10520.0 5460.0 7800.0 8960.0 10920.0 7800.0 9740.0 14420.0 16760.0 10520.0 16360.0 7800.0 8180.0 5080.0 5080.0 10920.0 12860.0 9740.0 8580.0 10520.0 8180.0 11300.0 9740.0 8580.0 7400.0 5460.0 10920.0 8580.0 10140.0 10520.0 11700.0 9740.0 12480.0 14420.0 9740.0 12480.0 10920.0 16360.0 5460.0 14420.0 8180.0 10920.0 1960.0 8180.0 10920.0 17140.0 14420.0 13260.0 3520.0 13640.0 11300.0 12080.0 10140.0 10520.0
0.0 1560.0 4300.0 0.0 7400.0 9740.0 8580.0 7400.0 6240.0 5460.0 5860.0 11700.0 1560.0 3120.0 4680.0 12080.0 4300.0 5860.0 9360.0 8960.0 8180.0 7800.0 4680.0 5860.0 9360.0 2340.0 8580.0 1960.0 7020.0 5860.0 9360.0 10140.0 9740.0 3520.0 10920.0 10520.0 10920.0 10520.0 9740.0 5460.0 5460.0 7020.0 8180.0 5860.0 9360.0 4680.0 6240.0 5460.0 8180.0 8180.0 5460.0 7800.0 6640.0 8180.0 7800.0 3520.0 4680.0 8180.0 1560.0 10920.0 7400.0 4300.0 5860.0 7020.0 6640.0 7800.0 8180.0 3900.0 1180.0 3900.0 8180.0 5080.0 13640.0 8960.0 5460.0 4680.0 2340.0 10140.0 4300.0 10920.0 8580.0
0.0 3520.0 6240.0 18320.0 0.0 14800.0 2340.0 9360.0 7400.0 7800.0 8180.0 10920.0 7800.0 9360.0 7020.0 14420.0 6640.0 12480.0 11300.0 11300.0 10520.0 10140.0 7020.0 7800.0 8580.0 4300.0 7400.0 8580.0 9740.0 8180.0 11300.0 9740.0 11700.0 5460.0 14800.0 12480.0 13260.0 12860.0 12080.0 7800.0 7800.0 8960.0 7800.0 8180.0 8960.0 11300.0 8580.0 2740.0 10140.0 10140.0 7800.0 10140.0 9740.0 10140.0 9740.0 5860.0 7020.0 10140.0 3520.0 12860.0 13260.0 9740.0 8180.0 13260.0 8960.0 9740.0 6640.0 6240.0 3520.0 6240.0 11300.0 7400.0 17140.0 10920.0 7800.0 7800.0 8960.0 14420.0 8580.0 13260.0 10920.0
0.0 10920.0 5460.0 18320.0 13260.0 0.0 10520.0 10520.0 10920.0 13260.0 10520.0 12480.0 14800.0 12080.0 12080.0 13640.0 7400.0 14420.0 15200.0 10520.0 9740.0 12480.0 12480.0 15200.0 10140.0 5460.0 13640.0 13640.0 10920.0 5860.0 12480.0 15980.0 12860.0 3120.0 12080.0 13260.0 15580.0 15980.0 11300.0 11300.0 10140.0 10140.0 11700.0 8960.0 12860.0 8960.0 11300.0 5460.0 16360.0 3120.0 14040.0 12480.0 10920.0 10520.0 14040.0 12860.0 13260.0 12860.0 10920.0 1960.0 11700.0 13260.0 15200.0 5860.0 9740.0 10920.0 14800.0 8960.0 10520.0 7020.0 13260.0 14040.0 12860.0 17540.0 14040.0 8960.0 13640.0 2740.0 11300.0 15200.0 7800.0
0.0 1560.0 3900.0 15980.0 7400.0 12480.0 0.0 7020.0 5080.0 5460.0 5860.0 8960.0 5860.0 7020.0 4680.0 12080.0 4300.0 10140.0 9360.0 8960.0 8180.0 7800.0 4680.0 5460.0 6640.0 2340.0 8580.0 6240.0 7800.0 5860.0 9360.0 9740.0 9740.0 3520.0 12480.0 10520.0 10920.0 10520.0 9740.0 5460.0 5460.0 7020.0 7400.0 5860.0 8580.0 8960.0 6240.0 400.0 8180.0 7800.0 5460.0 7800.0 7400.0 8180.0 7800.0 3520.0 4680.0 7800.0 1560.0 10920.0 11300.0 7400.0 5860.0 11300.0 6640.0 7800.0 4300.0 3900.0 1180.0 3900.0 9360.0 5080.0 14800.0 8580.0 5460.0 5460.0 6640.0 12080.0 6640.0 10920.0 8580.0
0.0 6640.0 9360.0 21440.0 8960.0 11300.0 5460.0 0.0 10140.0 10520.0 10140.0 11300.0 10920.0 12080.0 9740.0 5080.0 9360.0 11300.0 8180.0 1960.0 7800.0 12080.0 6240.0 10920.0 8960.0 7400.0 13640.0 11300.0 8960.0 8580.0 3900.0 11300.0 8580.0 8580.0 16360.0 15580.0 7020.0 12480.0 2740.0 8960.0 9740.0 4300.0 10140.0 10920.0 11300.0 12080.0 8960.0 5460.0 10520.0 13260.0 7800.0 12860.0 6640.0 11700.0 6640.0 8580.0 7020.0 6640.0 6640.0 13260.0 10520.0 11300.0 11300.0 14420.0 11700.0 12860.0 9360.0 8960.0 6240.0 2740.0 12480.0 7400.0 15200.0 10920.0 10520.0 4680.0 11700.0 14040.0 11700.0 13260.0 12080.0
0.0 10140.0 12860.0 21440.0 15580.0 19880.0 11700.0 12480.0 0.0 14420.0 12480.0 17920.0 14420.0 13640.0 13260.0 11300.0 9740.0 17920.0 12860.0 8180.0 11700.0 11700.0 8180.0 14420.0 15580.0 10140.0 17140.0 13260.0 12860.0 14800.0 10140.0 17540.0 12480.0 12080.0 17540.0 19100.0 14800.0 14040.0 8960.0 13260.0 14420.0 14800.0 11700.0 14420.0 12860.0 10520.0 5080.0 8180.0 11700.0 16760.0 9360.0 14800.0 13260.0 13260.0 11300.0 12480.0 8180.0 6640.0 10140.0 9360.0 16760.0 12080.0 14800.0 12480.0 15580.0 10920.0 14800.0 2740.0 10140.0 11700.0 13640.0 8580.0 14040.0 12480.0 14420.0 11300.0 12860.0 18320.0 14040.0 14800.0 12080.0
0.0 10520.0 9740.0 18700.0 14800.0 15980.0 9740.0 8960.0 13260.0 0.0 7020.0 15580.0 15200.0 9740.0 13260.0 9360.0 10520.0 17140.0 9740.0 10520.0 13260.0 14800.0 5460.0 12480.0 13260.0 8580.0 17920.0 11300.0 12480.0 8180.0 12480.0 10140.0 15580.0 5860.0 14420.0 14040.0 12860.0 12080.0 7020.0 11700.0 12480.0 13260.0 9360.0 9360.0 10920.0 6240.0 9740.0 7800.0 9740.0 5460.0 7400.0 13640.0 12480.0 5860.0 8180.0 12080.0 6240.0 7400.0 10520.0 13260.0 14040.0 12860.0 14800.0 8580.0 15980.0 14040.0 12480.0 11700.0 10520.0 10140.0 11700.0 6640.0 15200.0 10140.0 14800.0 10520.0 13260.0 17540.0 4300.0 12860.0 10520.0
0.0 9740.0 8580.0 12480.0 13260.0 9360.0 14040.0 9360.0 7400.0 14800.0 0.0 15980.0 13640.0 4680.0 10520.0 13640.0 10920.0 16360.0 17540.0 10920.0 12080.0 8960.0 13260.0 12480.0 13640.0 8580.0 17540.0 12080.0 12860.0 11700.0 12860.0 12860.0 15200.0 11700.0 20260.0 13260.0 9360.0 17920.0 11700.0 11700.0 6640.0 13260.0 11300.0 8580.0 11700.0 6640.0 8960.0 13640.0 6240.0 11300.0 3520.0 15980.0 14040.0 13640.0 15980.0 12080.0 13260.0 13640.0 9740.0 11300.0 9360.0 15980.0 14420.0 8960.0 15980.0 11300.0 17540.0 10140.0 10520.0 9360.0 8580.0 12480.0 19480.0 15980.0 14800.0 12080.0 11300.0 11700.0 12860.0 18320.0 11700.0
0.0 11300.0 11300.0 20660.0 16760.0 10520.0 10140.0 9740.0 12480.0 15580.0 12860.0 0.0 10920.0 10140.0 10140.0 9740.0 12480.0 15200.0 15580.0 11700.0 2340.0 7400.0 11700.0 14800.0 13640.0 11300.0 18320.0 11300.0 3120.0 7800.0 13640.0 15200.0 14040.0 13260.0 12860.0 15200.0 10920.0 17540.0 8960.0 11300.0 12860.0 14040.0 13640.0 10520.0 14800.0 6640.0 8580.0 10520.0 15200.0 13260.0 12860.0 14420.0 15200.0 13640.0 14800.0 13640.0 11700.0 6240.0 11300.0 12480.0 14040.0 11700.0 8580.0 8960.0 16760.0 1560.0 12480.0 12080.0 11300.0 8180.0 4300.0 12080.0 14420.0 15580.0 15580.0 14420.0 11300.0 13260.0 13640.0 14040.0 8180.0
0.0 5860.0 7800.0 15200.0 10140.0 8580.0 12480.0 7400.0 5080.0 12860.0 4680.0 11300.0 0.0 1560.0 7400.0 12080.0 9740.0 4680.0 8580.0 8960.0 7020.0 6640.0 4300.0 9360.0 8960.0 7800.0 12080.0 780.0 5860.0 12860.0 10920.0 10520.0 12480.0 10920.0 9740.0 12860.0 10140.0 10920.0 9740.0 8580.0 4300.0 11700.0 8180.0 10140.0 9360.0 3520.0 5860.0 11300.0 8580.0 10920.0 6240.0 12480.0 10520.0 10520.0 7020.0 8180.0 5080.0 10520.0 5860.0 10520.0 6240.0 11700.0 10520.0 5460.0 11700.0 6240.0 7020.0 7800.0 8580.0 9360.0 6640.0 5460.0 12480.0 8960.0 12480.0 9360.0 1180.0 8960.0 3120.0 11700.0 10140.0
0.0 5080.0 7800.0 15580.0 8960.0 12080.0 10920.0 12080.0 3900.0 11700.0 3120.0 11300.0 13640.0 0.0 6240.0 11700.0 8960.0 11700.0 12860.0 12080.0 7400.0 5080.0 8580.0 13260.0 8960.0 7020.0 15980.0 8580.0 8580.0 12080.0 11700.0 8960.0 12080.0 9740.0 16360.0 14420.0 8580.0 14420.0 9360.0 7020.0 3120.0 11700.0 8960.0 9740.0 7800.0 1960.0 4300.0 9740.0 9360.0 9360.0 6640.0 11700.0 12080.0 8960.0 11300.0 7400.0 8580.0 9360.0 5460.0 12860.0 4680.0 11300.0 9740.0 4300.0 14800.0 6640.0 12860.0 6240.0 9360.0 8580.0 5080.0 8960.0 17540.0 12480.0 13640.0 10520.0 6640.0 14800.0 8180.0 14800.0 8960.0
0.0 7020.0 7400.0 15980.0 12480.0 10520.0 9740.0 10920.0 11300.0 13260.0 8180.0 12860.0 13260.0 9740.0 0.0 11700.0 3900.0 5860.0 9360.0 8580.0 8960.0 4300.0 5080.0 7400.0 12080.0 6240.0 13260.0 10140.0 3120.0 6240.0 10520.0 5460.0 12480.0 3900.0 12480.0 11700.0 7800.0 10920.0 9360.0 1180.0 10520.0 11300.0 8180.0 7020.0 9360.0 6640.0 7400.0 5860.0 8580.0 3520.0 6240.0 8960.0 11700.0 3900.0 7800.0 4680.0 5080.0 9360.0 2740.0 12080.0 12080.0 8580.0 7020.0 8580.0 8580.0 8180.0 11300.0 5080.0 8580.0 6640.0 9360.0 5460.0 13260.0 8960.0 10520.0 9740.0 14040.0 12860.0 12080.0 11700.0 8580.0
0.0 1560.0 4300.0 16360.0 7400.0 12080.0 400.0 1180.0 5460.0 5860.0 6240.0 8960.0 5860.0 7400.0 5080.0 0.0 4680.0 10520.0 6640.0 2740.0 8580.0 8180.0 1960.0 5860.0 6640.0 2340.0 8580.0 6640.0 7800.0 6240.0 4680.0 10140.0 9360.0 3520.0 11300.0 10520.0 7800.0 7800.0 3520.0 5860.0 5860.0 5080.0 5460.0 6240.0 6640.0 9360.0 6640.0 780.0 5460.0 8180.0 3120.0 8180.0 7400.0 8180.0 5080.0 3900.0 1960.0 7400.0 1960.0 10920.0 11300.0 7800.0 6240.0 11300.0 7020.0 7800.0 4680.0 4300.0 1560.0 3520.0 8180.0 2340.0 12080.0 6240.0 5860.0 5460.0 7020.0 12480.0 6640.0 8580.0 8960.0
0.0 11300.0 9740.0 20260.0 12860.0 13640.0 13260.0 13640.0 11700.0 16360.0 11300.0 15980.0 13640.0 9740.0 10520.0 12860.0 0.0 9740.0 13260.0 14800.0 5080.0 13260.0 14420.0 7800.0 13640.0 9740.0 17540.0 14420.0 6240.0 10140.0 15580.0 15980.0 10920.0 7800.0 12080.0 18320.0 14420.0 17540.0 11700.0 11300.0 10920.0 14420.0 16360.0 13640.0 15980.0 6240.0 14040.0 9740.0 16760.0 7400.0 14800.0 5080.0 12080.0 12080.0 13260.0 13260.0 14420.0 13640.0 11300.0 15580.0 14420.0 9740.0 11300.0 8580.0 16760.0 4680.0 15580.0 11700.0 14040.0 11300.0 7020.0 15200.0 17140.0 18700.0 10920.0 13260.0 14040.0 8960.0 15980.0 17140.0 10920.0
0.0 1560.0 4300.0 10920.0 11300.0 14040.0 8580.0 8580.0 9360.0 12080.0 7020.0 11300.0 12080.0 11700.0 4680.0 12860.0 5860.0 0.0 9360.0 10520.0 8580.0 8960.0 4680.0 9740.0 8960.0 3900.0 7800.0 9740.0 7800.0 10520.0 9360.0 10140.0 11300.0 8180.0 12480.0 10520.0 11300.0 10520.0 10520.0 5860.0 8580.0 8580.0 7800.0 5860.0 8960.0 10920.0 6640.0 8960.0 8180.0 8180.0 5460.0 7800.0 8960.0 8180.0 7800.0 3520.0 4680.0 8180.0 1560.0 10920.0 11700.0 7400.0 6240.0 12080.0 7020.0 9360.0 11300.0 4300.0 7800.0 5460.0 10920.0 5460.0 14800.0 8960.0 12080.0 7020.0 12860.0 14040.0 12080.0 11300.0 8960.0
0.0 11300.0 3900.0 18700.0 7800.0 14420.0 9740.0 8960.0 6640.0 12080.0 6240.0 14420.0 15580.0 10920.0 14420.0 14040.0 6240.0 10920.0 0.0 10520.0 8580.0 8180.0 14040.0 2740.0 12080.0 3900.0 14800.0 11300.0 9360.0 11300.0 12480.0 12080.0 9360.0 10140.0 17920.0 19480.0 11700.0 9740.0 11700.0 9740.0 5860.0 8580.0 12080.0 14800.0 10920.0 12480.0 11700.0 10140.0 12480.0 12080.0 9740.0 11300.0 9360.0 12480.0 11700.0 13260.0 13640.0 13260.0 11300.0 11300.0 15580.0 11700.0 10920.0 14420.0 16360.0 9360.0 14040.0 9360.0 10920.0 5860.0 9740.0 14040.0 14040.0 17540.0 5860.0 7400.0 16360.0 14800.0 13640.0 14040.0 13640.0
0.0 4680.0 7400.0 19480.0 7400.0 15580.0 3520.0 4300.0 8580.0 8960.0 9360.0 9740.0 8960.0 10520.0 8180.0 3520.0 7800.0 9740.0 9740.0 0.0 11700.0 11300.0 5080.0 8960.0 7400.0 5860.0 11700.0 9740.0 10920.0 9360.0 1960.0 13260.0 12480.0 6640.0 14420.0 14040.0 10920.0 10920.0 1180.0 8960.0 8960.0 8180.0 8580.0 9360.0 9740.0 12480.0 7400.0 3900.0 8960.0 11300.0 6240.0 11300.0 5080.0 11300.0 8180.0 7020.0 5080.0 5080.0 5080.0 12080.0 8580.0 9360.0 9360.0 14420.0 10140.0 10920.0 7800.0 7400.0 4680.0 6640.0 11300.0 5860.0 15200.0 9360.0 8960.0 3120.0 10140.0 15580.0 10140.0 11700.0 10140.0
0.0 9360.0 9360.0 18320.0 14800.0 8580.0 8180.0 8580.0 11300.0 13640.0 10920.0 14040.0 13640.0 7800.0 12480.0 7800.0 10140.0 15980.0 13640.0 10140.0 0.0 12860.0 9740.0 12860.0 11700.0 9360.0 16360.0 13260.0 1180.0 8960.0 12080.0 16760.0 12080.0 11300.0 10520.0 13260.0 9360.0 15580.0 11300.0 12480.0 10520.0 12860.0 11300.0 8580.0 12860.0 4680.0 12080.0 8180.0 13260.0 11300.0 10920.0 15200.0 13260.0 11300.0 12480.0 11700.0 9740.0 11700.0 9360.0 10520.0 12480.0 15200.0 14040.0 6640.0 14420.0 14420.0 10520.0 10140.0 8960.0 6240.0 12860.0 10140.0 14040.0 13640.0 13640.0 12480.0 14420.0 10920.0 14420.0 16360.0 6240.0
0.0 14040.0 14800.0 18700.0 15980.0 15580.0 14420.0 8960.0 7020.0 17140.0 6640.0 14800.0 17140.0 11300.0 15200.0 14040.0 16360.0 12480.0 15980.0 10920.0 12860.0 0.0 15200.0 18700.0 12480.0 14800.0 18320.0 11700.0 9360.0 13260.0 12860.0 12480.0 13260.0 14800.0 18700.0 19480.0 3520.0 19880.0 11700.0 13640.0 6240.0 13260.0 12480.0 15200.0 11300.0 12860.0 11700.0 13640.0 12480.0 14800.0 10140.0 20260.0 14420.0 14800.0 14420.0 15980.0 15200.0 13640.0 14040.0 16360.0 8180.0 19100.0 18320.0 14800.0 19480.0 15200.0 18320.0 9740.0 15200.0 7400.0 5080.0 14420.0 21040.0 17920.0 19480.0 13640.0 10140.0 16360.0 14040.0 20260.0 8960.0
0.0 5080.0 7800.0 19880.0 9360.0 18320.0 8580.0 12860.0 11300.0 14040.0 10520.0 12080.0 14040.0 15200.0 8580.0 16760.0 10140.0 12480.0 4680.0 14420.0 12080.0 12480.0 0.0 7400.0 9740.0 7800.0 16760.0 13640.0 8960.0 12860.0 12860.0 12860.0 13640.0 10520.0 16360.0 14040.0 14420.0 14040.0 14420.0 9360.0 10520.0 12480.0 11700.0 9740.0 12860.0 12480.0 10140.0 8960.0 11700.0 10520.0 9360.0 11700.0 7020.0 11700.0 3120.0 7400.0 8580.0 11700.0 5080.0 14040.0 15200.0 9740.0 9740.0 14800.0 15200.0 13260.0 12860.0 7800.0 9740.0 9740.0 6240.0 8960.0 11700.0 12480.0 10520.0 5460.0 15200.0 17920.0 14800.0 14800.0 10140.0
0.0 8580.0 4680.0 15980.0 5080.0 12860.0 7400.0 9740.0 4300.0 12860.0 3520.0 14040.0 12860.0 8180.0 11700.0 14800.0 7020.0 14800.0 13260.0 11700.0 9360.0 5860.0 11700.0 0.0 11700.0 4680.0 12480.0 8960.0 10140.0 9360.0 13260.0 9360.0 12080.0 9740.0 18320.0 16760.0 8960.0 9740.0 12480.0 12860.0 3520.0 9360.0 9740.0 12080.0 8180.0 10140.0 8960.0 7400.0 9740.0 9360.0 7020.0 12080.0 10140.0 15200.0 11700.0 10920.0 11700.0 10520.0 8580.0 13640.0 12860.0 8960.0 8180.0 12480.0 13640.0 10140.0 11700.0 6640.0 8180.0 6640.0 7020.0 11700.0 14040.0 15200.0 3520.0 8180.0 13640.0 15200.0 11300.0 14800.0 10920.0
0.0 10520.0 12480.0 19880.0 14800.0 12860.0 11700.0 12080.0 9740.0 16760.0 9360.0 2740.0 5080.0 6240.0 12080.0 11300.0 11700.0 9360.0 13640.0 13640.0 4680.0 9740.0 8960.0 14040.0 0.0 9740.0 14040.0 5460.0 5460.0 6640.0 15580.0 15200.0 15580.0 14800.0 14420.0 17540.0 13260.0 15580.0 11300.0 13260.0 8960.0 14420.0 12860.0 12860.0 14040.0 8180.0 10520.0 11700.0 13260.0 15580.0 10920.0 16760.0 14800.0 15200.0 12080.0 12860.0 9740.0 8580.0 10920.0 4680.0 8180.0 14040.0 10920.0 10520.0 16360.0 3900.0 11700.0 12480.0 12480.0 10140.0 6640.0 10140.0 16760.0 13640.0 16760.0 12860.0 5860.0 13640.0 7800.0 16360.0 10140.0
0.0 11300.0 8960.0 17540.0 7800.0 10520.0 10140.0 5080.0 5860.0 14040.0 5080.0 10520.0 12860.0 9740.0 10920.0 10140.0 2340.0 11700.0 10140.0 7020.0 6240.0 7020.0 10520.0 9740.0 8180.0 0.0 15200.0 10520.0 7400.0 7400.0 8960.0 10920.0 7400.0 9740.0 14420.0 16760.0 10520.0 16360.0 7800.0 8180.0 5080.0 5080.0 10920.0 13640.0 9740.0 8580.0 10520.0 8180.0 11300.0 9740.0 8580.0 7400.0 5460.0 10920.0 8580.0 10140.0 10520.0 11700.0 9740.0 12480.0 14420.0 9740.0 12480.0 10520.0 16360.0 5460.0 14420.0 8180.0 10920.0 1960.0 8180.0 10920.0 17140.0 14420.0 13260.0 3520.0 13640.0 11300.0 12480.0 17140.0 12080.0
0.0 8580.0 7020.0 19480.0 8960.0 10140.0 9360.0 10520.0 10520.0 12480.0 7400.0 11300.0 12860.0 12080.0 5460.0 13260.0 8960.0 10520.0 9740.0 12080.0 10920.0 9360.0 5460.0 8960.0 8960.0 7020.0 0.0 2340.0 7400.0 8580.0 12480.0 10520.0 11300.0 5860.0 13260.0 10920.0 11700.0 11300.0 10920.0 6240.0 9740.0 11700.0 400.0 6640.0 1560.0 10520.0 6640.0 8180.0 8580.0 8580.0 6240.0 6240.0 6640.0 8960.0 8180.0 4300.0 5460.0 8580.0 1960.0 11300.0 6240.0 8180.0 6640.0 12860.0 12860.0 12480.0 11700.0 4300.0 8180.0 5860.0 11700.0 5860.0 14040.0 9360.0 12080.0 10140.0 8180.0 12480.0 4680.0 11700.0 9360.0
0.0 8580.0 10520.0 17540.0 12860.0 7800.0 12080.0 10920.0 12480.0 16760.0 5460.0 15200.0 16760.0 9740.0 11300.0 13260.0 10520.0 15200.0 8180.0 12860.0 14800.0 14040.0 3520.0 10920.0 12860.0 10520.0 17920.0 0.0 5080.0 12080.0 13640.0 14420.0 15980.0 10920.0 14040.0 15200.0 10920.0 10140.0 10920.0 10140.0 11700.0 15200.0 7800.0 10520.0 8960.0 8580.0 13640.0 12480.0 8180.0 10920.0 5460.0 15200.0 10520.0 12860.0 6640.0 10520.0 4300.0 15200.0 8580.0 9740.0 14420.0 13260.0 13260.0 10920.0 14420.0 15200.0 10920.0 11300.0 12480.0 10140.0 9740.0 5080.0 12080.0 8580.0 14040.0 8960.0 15200.0 10520.0 2340.0 10920.0 9360.0
0.0 10920.0 11700.0 21440.0 13640.0 14040.0 13640.0 14040.0 10520.0 13260.0 10140.0 12860.0 15200.0 7020.0 12860.0 13260.0 9360.0 15200.0 12860.0 15200.0 10520.0 12080.0 14420.0 12080.0 10520.0 11700.0 20260.0 14040.0 0.0 7800.0 13260.0 15980.0 10920.0 15200.0 9740.0 15580.0 15200.0 16760.0 10920.0 11300.0 9740.0 16360.0 13260.0 10920.0 14420.0 3520.0 10920.0 11300.0 14420.0 15980.0 13640.0 14420.0 12080.0 10520.0 12080.0 13260.0 14420.0 10920.0 11300.0 15200.0 11700.0 15200.0 15580.0 5860.0 16360.0 13640.0 9360.0 8960.0 12860.0 5080.0 12080.0 14800.0 12860.0 15200.0 15200.0 14040.0 13640.0 16760.0 15200.0 20660.0 14040.0
0.0 14800.0 14040.0 21440.0 12080.0 12080.0 14420.0 17140.0 15980.0 19480.0 15580.0 12080.0 14420.0 15980.0 14420.0 16360.0 12480.0 13260.0 11700.0 17140.0 8580.0 13260.0 13640.0 12080.0 9740.0 14040.0 19100.0 14420.0 9740.0 0.0 19100.0 14040.0 8960.0 15200.0 19100.0 12480.0 16760.0 19480.0 17920.0 9740.0 15200.0 15980.0 16760.0 15580.0 17920.0 12860.0 15980.0 9740.0 14420.0 14800.0 14800.0 17540.0 10520.0 12480.0 10140.0 13260.0 13640.0 17920.0 11300.0 14040.0 17920.0 7400.0 15580.0 15200.0 20260.0 13640.0 9740.0 13640.0 15200.0 3520.0 13640.0 14040.0 18700.0 17540.0 15200.0 12480.0 11700.0 14800.0 15980.0 16760.0 14420.0
0.0 8960.0 6640.0 21440.0 5460.0 17140.0 7400.0 8960.0 12080.0 12860.0 9360.0 7800.0 10520.0 11700.0 11300.0 8180.0 8580.0 12860.0 14420.0 10520.0 10140.0 12080.0 9740.0 12860.0 5460.0 6640.0 12480.0 9740.0 10920.0 11700.0 0.0 15200.0 12860.0 10920.0 19100.0 12480.0 10140.0 11700.0 5460.0 12480.0 11300.0 8580.0 10920.0 8180.0 12080.0 13640.0 5460.0 7800.0 13260.0 14040.0 10920.0 13640.0 3120.0 13640.0 12860.0 10920.0 9740.0 3120.0 8960.0 10140.0 13260.0 8580.0 12860.0 14420.0 14040.0 9360.0 11700.0 11300.0 8580.0 8180.0 11700.0 10140.0 15980.0 14040.0 12860.0 1180.0 9360.0 16360.0 12080.0 16360.0 8580.0
0.0 12080.0 14800.0 10920.0 16360.0 19880.0 15980.0 16360.0 11300.0 16360.0 10920.0 18700.0 12080.0 7800.0 13640.0 15580.0 15200.0 11300.0 18320.0 17920.0 14800.0 12860.0 14040.0 16360.0 16360.0 12860.0 18700.0 12860.0 15980.0 15580.0 19100.0 0.0 19480.0 12860.0 17540.0 21040.0 15980.0 13640.0 13260.0 14420.0 10520.0 17540.0 16760.0 16360.0 15200.0 9360.0 12080.0 14800.0 16760.0 16760.0 14420.0 18320.0 17540.0 16360.0 16760.0 14420.0 14420.0 10520.0 12080.0 19880.0 12480.0 15200.0 16760.0 11700.0 17140.0 14420.0 19100.0 13260.0 11700.0 14420.0 12860.0 15200.0 18320.0 18700.0 16360.0 15580.0 13260.0 20660.0 12480.0 21040.0 15980.0
0.0 7400.0 5080.0 15580.0 3900.0 10140.0 6240.0 10140.0 10520.0 11300.0 7800.0 6640.0 8960.0 9740.0 5460.0 11300.0 3520.0 10920.0 4300.0 8180.0 8580.0 9740.0 4680.0 6640.0 4300.0 5080.0 11300.0 9360.0 2740.0 10520.0 10140.0 5080.0 0.0 8960.0 12480.0 11300.0 8580.0 10520.0 8960.0 780.0 9740.0 7020.0 7800.0 6640.0 9360.0 6240.0 7020.0 6240.0 8180.0 8960.0 5860.0 8580.0 1560.0 3520.0 2740.0 4300.0 4680.0 8960.0 2340.0 8580.0 12080.0 8180.0 6640.0 8580.0 12480.0 7800.0 10140.0 4680.0 7020.0 6240.0 10520.0 5080.0 10520.0 8580.0 10140.0 4680.0 9740.0 12480.0 11700.0 11300.0 9360.0
0.0 8580.0 11300.0 21440.0 13640.0 14800.0 7400.0 11300.0 12480.0 12860.0 11300.0 14800.0 12860.0 12480.0 9360.0 10520.0 11300.0 14040.0 14040.0 7400.0 7800.0 13260.0 9740.0 12080.0 12480.0 9360.0 15580.0 10920.0 8580.0 2740.0 9360.0 12860.0 10140.0 0.0 16360.0 15200.0 16760.0 12860.0 8180.0 8580.0 12860.0 14420.0 9360.0 13260.0 10520.0 8960.0 13640.0 2340.0 14040.0 11700.0 11300.0 9360.0 11300.0 11300.0 12480.0 10920.0 10520.0 12480.0 8580.0 16760.0 8580.0 10140.0 13260.0 11300.0 14040.0 14800.0 11700.0 11300.0 8580.0 6240.0 15580.0 10920.0 17540.0 14420.0 12860.0 10140.0 10520.0 17540.0 8580.0 16760.0 9740.0
0.0 1560.0 4300.0 16360.0 10920.0 12480.0 8580.0 7800.0 4680.0 12080.0 4300.0 11700.0 12480.0 5860.0 5080.0 12480.0 5460.0 10520.0 3120.0 9740.0 8580.0 6240.0 5080.0 5860.0 9740.0 4300.0 13260.0 4680.0 7800.0 10520.0 9360.0 10140.0 11700.0 8580.0 0.0 10140.0 7800.0 10920.0 10140.0 5860.0 3900.0 8960.0 8180.0 5860.0 8960.0 2340.0 6640.0 8960.0 5080.0 8180.0 5860.0 8180.0 9360.0 8180.0 5080.0 3900.0 5080.0 8180.0 1560.0 10920.0 10520.0 7400.0 6240.0 4680.0 13260.0 9740.0 11300.0 4300.0 7800.0 6240.0 7400.0 5460.0 13640.0 8960.0 8960.0 7400.0 12480.0 14040.0 7020.0 11300.0 8960.0
0.0 11700.0 3120.0 20260.0 9740.0 11700.0 10520.0 8180.0 8580.0 10920.0 8180.0 13260.0 15580.0 12480.0 14040.0 10140.0 5080.0 14420.0 7400.0 9740.0 7400.0 10140.0 12080.0 5080.0 10920.0 3120.0 17140.0 10520.0 8580.0 10520.0 11700.0 14040.0 10520.0 8960.0 17140.0 0.0 13260.0 9360.0 10140.0 10920.0 7800.0 7800.0 11300.0 14420.0 9740.0 11300.0 12860.0 10520.0 12080.0 8580.0 9740.0 10140.0 8580.0 13640.0 11700.0 12860.0 12080.0 14420.0 11700.0 13640.0 17140.0 12480.0 12860.0 13640.0 16760.0 8580.0 14420.0 10920.0 11300.0 4680.0 10920.0 12480.0 6640.0 7800.0 8180.0 6640.0 16760.0 14040.0 12860.0 12860.0 13260.0
0.0 10520.0 11700.0 15580.0 12860.0 12080.0 15200.0 12480.0 3900.0 17920.0 3120.0 12860.0 15200.0 7800.0 13640.0 15200.0 13260.0 9360.0 12480.0 11700.0 9360.0 5080.0 11700.0 15200.0 10520.0 11700.0 15200.0 8580.0 10520.0 9740.0 9740.0 8960.0 9740.0 14800.0 19880.0 16360.0 0.0 16360.0 12860.0 10520.0 3120.0 16360.0 8960.0 11700.0 7800.0 9740.0 8580.0 10520.0 9360.0 14420.0 6640.0 17140.0 11300.0 11300.0 10920.0 12860.0 11700.0 10140.0 10520.0 12860.0 12480.0 15580.0 15200.0 11700.0 16360.0 14420.0 17140.0 6240.0 13640.0 4300.0 6640.0 10920.0 17540.0 14800.0 17920.0 10520.0 14420.0 14800.0 10520.0 17140.0 10520.0
0.0 6640.0 9360.0 15580.0 14420.0 19100.0 12480.0 10920.0 14420.0 14800.0 12080.0 16360.0 15200.0 14420.0 9740.0 12080.0 10140.0 5080.0 9740.0 12860.0 12480.0 12480.0 5460.0 12480.0 13640.0 8960.0 12860.0 14040.0 12860.0 10920.0 14420.0 15200.0 13260.0 12860.0 17540.0 15580.0 15580.0 0.0 9740.0 10520.0 13640.0 6240.0 12080.0 10920.0 13260.0 10920.0 5460.0 8580.0 12480.0 13260.0 9740.0 12860.0 12080.0 13260.0 8180.0 8580.0 8960.0 7400.0 6640.0 10140.0 14040.0 7800.0 8580.0 13260.0 12080.0 11700.0 15200.0 3120.0 10520.0 10520.0 11700.0 9360.0 4680.0 12860.0 14800.0 10520.0 13260.0 17920.0 14800.0 15200.0 12480.0
0.0 3900.0 6640.0 18700.0 9740.0 14800.0 2740.0 3520.0 7800.0 8180.0 8580.0 11300.0 8180.0 9740.0 7400.0 2740.0 7020.0 12860.0 8960.0 5080.0 10920.0 10520.0 4300.0 8180.0 8960.0 4680.0 10920.0 8960.0 10140.0 8580.0 7020.0 12480.0 11700.0 5860.0 13640.0 13260.0 10140.0 10140.0 0.0 8180.0 8180.0 7400.0 7800.0 8580.0 8960.0 11700.0 8960.0 3120.0 7800.0 10520.0 5460.0 10520.0 9740.0 10520.0 7400.0 6240.0 4300.0 9740.0 4300.0 13260.0 7800.0 8580.0 8580.0 13640.0 9360.0 10140.0 7020.0 6640.0 3900.0 5860.0 10520.0 4680.0 14420.0 8580.0 8180.0 7800.0 9360.0 14800.0 9360.0 10920.0 11300.0
0.0 8180.0 6640.0 15200.0 13260.0 9740.0 8580.0 10140.0 10140.0 12080.0 7020.0 11700.0 12480.0 8960.0 5080.0 10520.0 3120.0 10520.0 8580.0 7400.0 8180.0 8960.0 4300.0 10520.0 12080.0 5460.0 13260.0 9360.0 2340.0 9740.0 9360.0 4680.0 11300.0 8580.0 11700.0 10520.0 10920.0 9740.0 8180.0 0.0 9360.0 10140.0 7400.0 6240.0 8580.0 5460.0 6640.0 5860.0 7800.0 8180.0 5080.0 8180.0 10920.0 2740.0 7020.0 3900.0 3900.0 8180.0 1560.0 10920.0 11700.0 7800.0 6240.0 7800.0 13260.0 7400.0 10520.0 4300.0 7800.0 5860.0 9740.0 4680.0 14420.0 8180.0 12080.0 8960.0 13260.0 11700.0 11700.0 10520.0 8960.0
0.0 10140.0 8960.0 12860.0 11700.0 9360.0 12480.0 9360.0 1180.0 15200.0 400.0 14040.0 14040.0 5080.0 10920.0 12080.0 10520.0 14800.0 13640.0 8960.0 12480.0 2340.0 8960.0 12860.0 11700.0 8960.0 16760.0 5460.0 10520.0 12080.0 10920.0 6240.0 13260.0 11700.0 18320.0 13640.0 5860.0 13640.0 9740.0 11700.0 0.0 13640.0 6240.0 8960.0 5080.0 7020.0 5860.0 8960.0 6640.0 11700.0 3900.0 15580.0 9360.0 13640.0 12080.0 12480.0 8960.0 7400.0 10140.0 10140.0 9740.0 12860.0 14800.0 8960.0 15980.0 11700.0 14420.0 3520.0 10520.0 8960.0 3900.0 8180.0 14800.0 11700.0 15200.0 10920.0 11700.0 12080.0 7800.0 14420.0 7800.0
0.0 12080.0 10520.0 21440.0 16360.0 16760.0 12860.0 13640.0 14420.0 16360.0 11300.0 13260.0 16360.0 15580.0 6240.0 15980.0 10140.0 11700.0 9740.0 14420.0 15200.0 10520.0 7020.0 12480.0 15200.0 9360.0 14800.0 12080.0 9360.0 12480.0 15980.0 11700.0 14800.0 9740.0 14040.0 14800.0 13640.0 12860.0 13640.0 7400.0 13640.0 0.0 10520.0 10140.0 11700.0 12480.0 10520.0 12080.0 10520.0 9740.0 8180.0 15200.0 14040.0 9740.0 10140.0 5080.0 7020.0 12480.0 5860.0 14040.0 15580.0 11700.0 10140.0 14800.0 14800.0 14420.0 13260.0 8180.0 11700.0 10920.0 13260.0 7400.0 17140.0 11300.0 15580.0 12080.0 17540.0 18320.0 14420.0 12860.0 12860.0
0.0 10520.0 9740.0 19480.0 8580.0 9740.0 10920.0 12860.0 14040.0 15980.0 7020.0 11300.0 13640.0 11700.0 13260.0 13260.0 11300.0 10520.0 10140.0 13260.0 10520.0 13260.0 5460.0 10920.0 8960.0 9740.0 10520.0 1960.0 7020.0 8580.0 15200.0 15980.0 10920.0 5860.0 15580.0 17140.0 12860.0 12080.0 10920.0 11700.0 13260.0 11700.0 0.0 12480.0 1560.0 10520.0 6640.0 7800.0 9740.0 12480.0 7400.0 15200.0 6240.0 14420.0 8580.0 12080.0 6240.0 8180.0 10520.0 10920.0 14420.0 8580.0 15200.0 12480.0 12480.0 12480.0 12860.0 4300.0 11300.0 5460.0 11700.0 6640.0 13640.0 10520.0 14040.0 10140.0 14420.0 12480.0 4300.0 12860.0 11300.0
0.0 2340.0 780.0 16760.0 8180.0 11300.0 9360.0 5860.0 6240.0 6240.0 5860.0 10920.0 6640.0 7800.0 5460.0 10520.0 3120.0 10920.0 10140.0 7400.0 5080.0 7800.0 5460.0 6240.0 8580.0 780.0 9360.0 4680.0 6240.0 6640.0 9360.0 10520.0 8180.0 4300.0 13260.0 4680.0 10920.0 11300.0 8180.0 6240.0 5460.0 5460.0 3120.0 0.0 4300.0 8960.0 7020.0 6240.0 8960.0 8580.0 6240.0 8180.0 6240.0 8960.0 8580.0 4300.0 5460.0 5860.0 2340.0 11700.0 12080.0 8180.0 6640.0 10140.0 7400.0 6240.0 12080.0 4680.0 1960.0 2340.0 8580.0 5860.0 11300.0 9740.0 6240.0 4300.0 7400.0 8580.0 7020.0 10520.0 3120.0
0.0 9360.0 8580.0 18320.0 7400.0 8580.0 9740.0 11700.0 12860.0 14800.0 5860.0 10140.0 12480.0 10520.0 12080.0 14040.0 10920.0 11700.0 8580.0 13260.0 9360.0 14420.0 4300.0 9740.0 7800.0 8580.0 11700.0 780.0 5860.0 9740.0 14420.0 14800.0 9740.0 7020.0 14420.0 15580.0 11700.0 10920.0 11700.0 10520.0 12080.0 10520.0 1560.0 11300.0 0.0 8960.0 7800.0 9360.0 8580.0 11300.0 6240.0 15580.0 5080.0 13260.0 7020.0 10920.0 5080.0 9360.0 9360.0 10520.0 15200.0 10140.0 13640.0 11300.0 14040.0 11300.0 11300.0 5460.0 10520.0 4300.0 10520.0 5460.0 12480.0 8960.0 12860.0 9360.0 13260.0 11300.0 3120.0 11700.0 10140.0
0.0 8580.0 11300.0 18700.0 12080.0 15580.0 10140.0 10920.0 7020.0 10140.0 6640.0 9740.0 12080.0 3520.0 9360.0 10140.0 11700.0 14800.0 15580.0 11700.0 10920.0 8580.0 11300.0 15580.0 7400.0 9740.0 18700.0 11700.0 11700.0 13640.0 9740.0 12480.0 15200.0 12860.0 19480.0 16360.0 11700.0 15980.0 7800.0 10520.0 6240.0 14420.0 12480.0 12860.0 11300.0 0.0 7800.0 10140.0 12860.0 12860.0 10140.0 14800.0 12860.0 7020.0 14040.0 10920.0 11300.0 7400.0 8580.0 11700.0 8180.0 12860.0 13260.0 2340.0 16760.0 10140.0 14420.0 5860.0 11300.0 11300.0 8580.0 11700.0 20260.0 15200.0 15580.0 10920.0 10140.0 18320.0 11700.0 17920.0 12480.0
0.0 5460.0 8180.0 20260.0 11300.0 16760.0 12480.0 11300.0 10520.0 9360.0 9740.0 14040.0 9740.0 11300.0 8580.0 15980.0 4680.0 14040.0 11700.0 12860.0 9740.0 7020.0 8580.0 9740.0 11700.0 6240.0 12480.0 10140.0 10520.0 10140.0 13260.0 12860.0 7800.0 7400.0 16360.0 14420.0 10520.0 14420.0 13640.0 8180.0 9740.0 10920.0 12080.0 9740.0 13260.0 10920.0 0.0 9360.0 12080.0 12080.0 9360.0 9740.0 8960.0 8580.0 10140.0 7400.0 8580.0 12080.0 5460.0 14800.0 15200.0 11300.0 9740.0 13260.0 10520.0 9360.0 15200.0 7800.0 5080.0 7800.0 11700.0 9360.0 17920.0 12860.0 9360.0 9740.0 10520.0 13640.0 12480.0 14800.0 12480.0
0.0 6640.0 9360.0 21440.0 12480.0 16760.0 5460.0 12480.0 10140.0 10520.0 8960.0 14040.0 10920.0 11700.0 9740.0 14420.0 9360.0 15200.0 12080.0 10920.0 13260.0 12860.0 7400.0 10920.0 11700.0 7400.0 13640.0 8960.0 12860.0 10140.0 12860.0 15200.0 14800.0 7400.0 17540.0 15580.0 14800.0 14040.0 12080.0 10920.0 10520.0 12080.0 7020.0 10920.0 8580.0 9740.0 11700.0 0.0 12080.0 13260.0 9360.0 12860.0 12860.0 13260.0 10520.0 8960.0 8180.0 13260.0 6640.0 15980.0 15980.0 12480.0 11300.0 11700.0 11700.0 12860.0 9360.0 9360.0 6240.0 8960.0 13640.0 8960.0 18320.0 12480.0 10520.0 10920.0 11700.0 17140.0 6240.0 14800.0 13260.0
0.0 7400.0 2340.0 18700.0 10140.0 12080.0 8180.0 3120.0 6640.0 10520.0 6240.0 12080.0 11700.0 10920.0 10920.0 7800.0 4680.0 12480.0 11300.0 4680.0 7020.0 8180.0 9360.0 11700.0 9740.0 2340.0 14420.0 11300.0 7800.0 5860.0 6640.0 12080.0 8960.0 9360.0 16760.0 13640.0 3120.0 11700.0 5860.0 7800.0 5860.0 7400.0 9740.0 8960.0 10920.0 10920.0 11700.0 8180.0 0.0 11700.0 3900.0 9740.0 7800.0 10520.0 9740.0 9740.0 9360.0 9740.0 7400.0 14040.0 13260.0 12080.0 12080.0 12860.0 10140.0 7800.0 12080.0 9360.0 7400.0 3120.0 9740.0 6640.0 15980.0 10140.0 11700.0 5860.0 12860.0 13640.0 13640.0 12480.0 11700.0
0.0 8960.0 11700.0 15580.0 14040.0 15200.0 7800.0 11700.0 12480.0 13260.0 11300.0 11300.0 13260.0 12860.0 9360.0 10920.0 11300.0 14420.0 12480.0 7800.0 7800.0 13640.0 9740.0 12080.0 8960.0 9740.0 15980.0 11300.0 8960.0 3120.0 9740.0 12860.0 10140.0 400.0 9360.0 15200.0 16760.0 13260.0 8580.0 8580.0 12860.0 14420.0 9360.0 12860.0 10920.0 9360.0 14040.0 2740.0 14040.0 0.0 11700.0 9740.0 11700.0 11300.0 12860.0 11300.0 10520.0 12480.0 8960.0 13260.0 8960.0 10140.0 13640.0 11300.0 14040.0 12480.0 11700.0 11700.0 8580.0 6240.0 12860.0 11300.0 10140.0 14800.0 13260.0 10140.0 10920.0 17540.0 8580.0 14420.0 5080.0
0.0 7020.0 5080.0 21040.0 12860.0 13640.0 10520.0 5860.0 9360.0 11300.0 8960.0 14420.0 11300.0 12860.0 10520.0 10520.0 7400.0 14800.0 14040.0 7400.0 9360.0 10920.0 10520.0 11300.0 12080.0 5080.0 14040.0 9740.0 10520.0 8180.0 9360.0 14800.0 11700.0 8180.0 16760.0 9740.0 5860.0 14420.0 8180.0 10520.0 8580.0 9740.0 8180.0 5080.0 9360.0 13640.0 12080.0 10140.0 2740.0 7800.0 0.0 12480.0 10520.0 13260.0 12480.0 9360.0 10520.0 10520.0 7400.0 15580.0 15980.0 13260.0 11700.0 13640.0 12480.0 10520.0 14800.0 9740.0 7020.0 5860.0 12080.0 8960.0 15980.0 12860.0 11300.0 8580.0 10140.0 13640.0 12080.0 14800.0 8180.0
0.0 6240.0 7400.0 15200.0 7800.0 15200.0 9740.0 11300.0 6640.0 15200.0 6240.0 13260.0 15200.0 10920.0 9360.0 10520.0 9360.0 4680.0 10140.0 9740.0 10140.0 8180.0 9360.0 2740.0 10920.0 7400.0 12480.0 11300.0 10920.0 5080.0 10520.0 12080.0 12480.0 2740.0 7020.0 15200.0 11700.0 12480.0 10520.0 10140.0 5860.0 12080.0 11700.0 10520.0 10920.0 9360.0 10920.0 4680.0 11700.0 2340.0 9740.0 0.0 12480.0 12860.0 12080.0 8180.0 9360.0 12860.0 6240.0 15200.0 11300.0 4680.0 10520.0 11700.0 11700.0 12860.0 14040.0 8580.0 10920.0 8580.0 9740.0 10140.0 12080.0 13640.0 5860.0 10920.0 13260.0 17920.0 10920.0 15580.0 7400.0
0.0 5860.0 3900.0 20660.0 2340.0 14040.0 4680.0 8580.0 9360.0 10140.0 8580.0 5080.0 7400.0 8960.0 9360.0 13640.0 5860.0 10140.0 13640.0 10520.0 7020.0 10520.0 9360.0 10140.0 2740.0 3900.0 9740.0 8180.0 8180.0 9360.0 12480.0 12080.0 11300.0 7800.0 16760.0 14800.0 7400.0 15200.0 11300.0 10140.0 8580.0 5460.0 10140.0 10520.0 11300.0 10920.0 7400.0 5080.0 12480.0 12480.0 10140.0 10920.0 0.0 12480.0 12080.0 8180.0 9360.0 11300.0 5860.0 7020.0 10520.0 12080.0 10520.0 11700.0 11300.0 6640.0 8960.0 8580.0 5860.0 5460.0 8960.0 9740.0 19480.0 13260.0 10140.0 7020.0 8580.0 14800.0 10140.0 13640.0 12860.0
0.0 9360.0 11700.0 17540.0 10520.0 13260.0 8180.0 7800.0 8180.0 13640.0 5080.0 13260.0 13640.0 9740.0 12860.0 7800.0 5080.0 14420.0 12860.0 4680.0 8960.0 9740.0 9740.0 12480.0 10520.0 2740.0 16360.0 12080.0 9740.0 10140.0 6640.0 13640.0 10140.0 10520.0 16760.0 18320.0 13260.0 15580.0 5460.0 10920.0 7400.0 7400.0 10140.0 13640.0 11300.0 11300.0 12080.0 3120.0 11300.0 12080.0 8580.0 10140.0 8180.0 0.0 11300.0 11700.0 9740.0 9740.0 9360.0 15200.0 13260.0 12480.0 14040.0 13260.0 14800.0 8180.0 12480.0 10920.0 9360.0 4680.0 10920.0 10140.0 19880.0 14040.0 13640.0 6240.0 14800.0 13640.0 9360.0 16360.0 14800.0
0.0 10140.0 5460.0 20260.0 6640.0 15980.0 8960.0 10520.0 8580.0 13640.0 7800.0 9360.0 11700.0 12480.0 13260.0 15580.0 7800.0 9740.0 1960.0 12480.0 10140.0 9740.0 11700.0 4300.0 7020.0 5460.0 14040.0 10920.0 6240.0 12860.0 14040.0 13640.0 10920.0 11700.0 15580.0 12860.0 11300.0 11300.0 13260.0 11300.0 7400.0 9740.0 10920.0 8180.0 12080.0 9740.0 11700.0 8960.0 14040.0 13640.0 11300.0 12860.0 4300.0 14040.0 0.0 12080.0 11700.0 13640.0 10140.0 11300.0 14800.0 13260.0 12480.0 11700.0 15200.0 10520.0 12860.0 10920.0 9740.0 7400.0 11300.0 12080.0 8580.0 15580.0 7400.0 2340.0 12480.0 16360.0 13260.0 15580.0 10920.0
0.0 7020.0 7800.0 17140.0 11300.0 11700.0 10520.0 8580.0 9740.0 14040.0 8580.0 8180.0 14420.0 10920.0 1180.0 10920.0 5080.0 6640.0 6640.0 9360.0 10140.0 5460.0 1960.0 8580.0 10140.0 4300.0 9740.0 7020.0 4300.0 7400.0 11300.0 6640.0 11700.0 4680.0 8960.0 12480.0 8580.0 7800.0 8580.0 2340.0 8960.0 8960.0 5460.0 8180.0 6640.0 7400.0 8580.0 7020.0 5460.0 4680.0 3120.0 10140.0 8960.0 4680.0 5080.0 0.0 1960.0 10140.0 3520.0 12860.0 13260.0 9740.0 8180.0 9740.0 9740.0 9360.0 8180.0 6240.0 9740.0 5860.0 8180.0 2340.0 12080.0 6240.0 11700.0 7020.0 12860.0 13640.0 9360.0 7800.0 9360.0
0.0 5080.0 6240.0 19880.0 9360.0 11700.0 8580.0 7020.0 10520.0 12480.0 9740.0 10920.0 12480.0 14040.0 7020.0 8960.0 8180.0 10920.0 4680.0 8580.0 10520.0 11300.0 400.0 7400.0 8580.0 6240.0 13640.0 5460.0 7800.0 8180.0 10520.0 10140.0 12480.0 8960.0 9740.0 10920.0 7020.0 5860.0 6640.0 5860.0 9740.0 10920.0 3520.0 6240.0 4680.0 11300.0 9740.0 8960.0 3900.0 8960.0 1180.0 11700.0 7020.0 8580.0 3120.0 6240.0 0.0 11300.0 5460.0 13260.0 14420.0 10140.0 9740.0 13260.0 13640.0 11700.0 6640.0 7400.0 8180.0 7020.0 6640.0 780.0 10520.0 4300.0 10520.0 5460.0 10920.0 12860.0 7800.0 6640.0 9360.0
0.0 6640.0 9360.0 21440.0 12480.0 17140.0 5460.0 5860.0 10520.0 10920.0 10920.0 14040.0 10920.0 12480.0 8580.0 5080.0 7020.0 14040.0 11300.0 7800.0 12080.0 9360.0 7020.0 10920.0 11700.0 7400.0 13640.0 11300.0 10920.0 8580.0 9740.0 14040.0 10140.0 8580.0 16360.0 15580.0 12860.0 12860.0 2740.0 9360.0 10920.0 10140.0 10140.0 10920.0 11300.0 13260.0 2340.0 5460.0 10520.0 11300.0 8180.0 12080.0 11300.0 10920.0 9740.0 8960.0 7020.0 0.0 6640.0 15980.0 10520.0 5860.0 11300.0 15580.0 11700.0 11300.0 9740.0 9360.0 6240.0 8580.0 12860.0 7400.0 17140.0 10920.0 10920.0 10520.0 6240.0 15980.0 11700.0 13640.0 5460.0
0.0 6640.0 5080.0 17920.0 12480.0 13640.0 7400.0 8580.0 8580.0 10520.0 5460.0 10140.0 10920.0 10140.0 3520.0 11700.0 7020.0 8960.0 7800.0 10140.0 9360.0 7400.0 3520.0 10520.0 12080.0 5080.0 11700.0 8580.0 6240.0 8960.0 10520.0 8580.0 11300.0 7020.0 11300.0 8960.0 9740.0 9360.0 9360.0 4300.0 7800.0 9740.0 6640.0 4680.0 7800.0 9740.0 5080.0 7400.0 6640.0 6640.0 4300.0 12080.0 10520.0 7020.0 6240.0 2340.0 3520.0 6640.0 0.0 9360.0 10140.0 6240.0 4680.0 12080.0 11700.0 10520.0 9740.0 2740.0 6240.0 7020.0 9740.0 3900.0 13640.0 7400.0 10520.0 8580.0 11700.0 12860.0 10920.0 9740.0 7400.0
0.0 9740.0 12480.0 21440.0 12860.0 10520.0 15200.0 10140.0 10520.0 18700.0 10140.0 15200.0 16360.0 14800.0 12860.0 15200.0 7400.0 16760.0 15200.0 11700.0 11300.0 12080.0 13260.0 14800.0 12860.0 5080.0 19880.0 15200.0 12080.0 12480.0 13640.0 15980.0 12480.0 13640.0 19100.0 18700.0 15200.0 18700.0 12480.0 13260.0 9740.0 9740.0 15980.0 14040.0 14800.0 11300.0 14800.0 13260.0 15580.0 13260.0 13640.0 12480.0 10520.0 14040.0 13640.0 12080.0 12860.0 16360.0 9740.0 0.0 19100.0 14800.0 14420.0 13640.0 20260.0 10520.0 19100.0 12480.0 15980.0 7020.0 12860.0 13640.0 21040.0 17140.0 12080.0 8580.0 17540.0 13260.0 17540.0 19480.0 16760.0
0.0 12080.0 8580.0 21440.0 8580.0 16360.0 10920.0 8180.0 14040.0 14040.0 10920.0 6640.0 8960.0 10520.0 14800.0 13260.0 10920.0 13640.0 16360.0 10140.0 7800.0 14040.0 13260.0 16360.0 4300.0 8580.0 15980.0 9740.0 8960.0 10920.0 12080.0 18320.0 13640.0 14040.0 18320.0 17140.0 15200.0 19880.0 10920.0 14040.0 13260.0 12480.0 15580.0 12480.0 16760.0 12480.0 14800.0 10920.0 13260.0 17920.0 10920.0 15980.0 14040.0 16760.0 14800.0 14040.0 14040.0 12860.0 12080.0 8960.0 0.0 17920.0 14040.0 14420.0 17140.0 7400.0 14800.0 13640.0 11700.0 10520.0 8960.0 14420.0 21040.0 17920.0 15980.0 12080.0 1960.0 17540.0 12080.0 18700.0 12860.0
0.0 16760.0 16760.0 21440.0 14800.0 15200.0 16360.0 11300.0 12860.0 20660.0 12480.0 15200.0 17540.0 17140.0 17540.0 15980.0 15580.0 16360.0 14800.0 12860.0 11700.0 6240.0 14800.0 14800.0 12860.0 16760.0 21440.0 17540.0 12480.0 3120.0 14800.0 17140.0 12080.0 17920.0 21440.0 15200.0 9360.0 21440.0 13640.0 12480.0 12080.0 15580.0 18320.0 18320.0 17140.0 15980.0 11300.0 12480.0 17540.0 17920.0 15980.0 20260.0 13260.0 15200.0 13260.0 16360.0 16360.0 17920.0 14040.0 17140.0 14040.0 0.0 18320.0 18320.0 21440.0 11700.0 12480.0 15580.0 16360.0 6240.0 10920.0 17140.0 21440.0 20660.0 18320.0 15200.0 14800.0 17540.0 15580.0 19480.0 14800.0
0.0 8180.0 10920.0 15200.0 11300.0 17920.0 13640.0 13640.0 11700.0 12480.0 10920.0 12080.0 12480.0 14040.0 11300.0 16360.0 7020.0 16760.0 11700.0 15580.0 12080.0 9740.0 7400.0 12480.0 9740.0 8960.0 15200.0 12480.0 10520.0 12860.0 15980.0 12860.0 7800.0 10140.0 16760.0 17140.0 8180.0 13260.0 14040.0 8580.0 10920.0 13640.0 10520.0 12480.0 11700.0 13260.0 3120.0 12480.0 10920.0 14420.0 8580.0 12080.0 8960.0 10920.0 10140.0 10520.0 7400.0 12480.0 8180.0 14420.0 5460.0 14040.0 0.0 15580.0 13260.0 11700.0 13640.0 8580.0 7800.0 10920.0 13640.0 7800.0 17540.0 11300.0 12480.0 12480.0 7400.0 15980.0 14800.0 13640.0 15580.0
0.0 10920.0 13640.0 19100.0 12860.0 17920.0 12860.0 12480.0 12860.0 15200.0 9740.0 15580.0 15200.0 14420.0 14420.0 12480.0 9740.0 19100.0 13640.0 9360.0 10520.0 12480.0 8960.0 15200.0 13260.0 7400.0 17920.0 12860.0 11700.0 14800.0 7800.0 18320.0 13260.0 12860.0 18320.0 14420.0 15580.0 14800.0 10140.0 14040.0 12080.0 12080.0 12480.0 15200.0 12080.0 11300.0 5860.0 8180.0 12480.0 16760.0 10140.0 14800.0 10520.0 5080.0 12080.0 13260.0 8960.0 7400.0 10920.0 10140.0 14420.0 12860.0 11300.0 0.0 16360.0 10140.0 15580.0 3520.0 10920.0 9360.0 12480.0 9360.0 19100.0 13260.0 15200.0 8580.0 13640.0 18320.0 14040.0 15580.0 12860.0
0.0 6240.0 8960.0 14040.0 16360.0 17140.0 13260.0 13640.0 3120.0 16760.0 8180.0 15980.0 15200.0 12860.0 9740.0 14420.0 10520.0 5080.0 14040.0 11300.0 13260.0 10140.0 9740.0 14420.0 13640.0 8580.0 12480.0 11700.0 9360.0 12480.0 13260.0 14040.0 14040.0 9740.0 16360.0 15200.0 13640.0 15580.0 12080.0 10520.0 7800.0 13260.0 12860.0 10520.0 12860.0 12480.0 7800.0 10920.0 12860.0 9360.0 10520.0 12860.0 14040.0 12860.0 12480.0 8580.0 9740.0 9740.0 6240.0 12480.0 16360.0 12080.0 10920.0 14800.0 0.0 14040.0 15980.0 5460.0 12480.0 8580.0 11700.0 10140.0 16760.0 13640.0 16760.0 12080.0 15580.0 17920.0 14040.0 15980.0 3900.0
0.0 10140.0 9740.0 19100.0 15580.0 8960.0 8960.0 9360.0 10920.0 14040.0 11700.0 14800.0 9360.0 8580.0 8960.0 8580.0 10920.0 13640.0 14420.0 10920.0 780.0 12860.0 10140.0 13640.0 12480.0 9740.0 17140.0 9740.0 1960.0 9360.0 12860.0 13640.0 12480.0 12080.0 11300.0 14040.0 9740.0 15980.0 11700.0 9740.0 11300.0 13640.0 12080.0 9360.0 13260.0 5080.0 9740.0 8960.0 14040.0 12080.0 11300.0 15980.0 14040.0 12080.0 13260.0 12080.0 10140.0 12480.0 10140.0 10920.0 12480.0 15980.0 7020.0 7400.0 15200.0 0.0 10920.0 10520.0 9740.0 7020.0 2740.0 10920.0 14800.0 14420.0 14040.0 13260.0 9740.0 11700.0 12080.0 12480.0 6640.0
0.0 10920.0 7400.0 15980.0 7400.0 14800.0 9740.0 12080.0 6640.0 15200.0 6240.0 4680.0 7020.0 8580.0 14420.0 13260.0 9360.0 11300.0 13260.0 14040.0 6640.0 6240.0 10920.0 2740.0 2340.0 7400.0 14800.0 7400.0 7800.0 8960.0 15980.0 12080.0 14800.0 7800.0 16360.0 6240.0 9360.0 12080.0 13260.0 15200.0 5860.0 12080.0 12080.0 14040.0 10920.0 10140.0 11700.0 9740.0 12080.0 12080.0 9360.0 14420.0 12480.0 17140.0 14040.0 13260.0 11700.0 10520.0 10920.0 6640.0 10140.0 11300.0 10520.0 12480.0 16360.0 6240.0 0.0 9360.0 10920.0 8960.0 8580.0 12480.0 12860.0 13640.0 5860.0 10520.0 8180.0 7800.0 9740.0 17140.0 12080.0
0.0 7800.0 10520.0 21440.0 13640.0 17140.0 9360.0 9740.0 12860.0 11700.0 12080.0 16360.0 12080.0 11300.0 10920.0 8960.0 7020.0 16360.0 10140.0 11700.0 9360.0 9360.0 5860.0 12080.0 14040.0 7400.0 14800.0 10920.0 10140.0 12480.0 13640.0 15200.0 10140.0 9740.0 15200.0 16360.0 12480.0 11700.0 6640.0 10520.0 12080.0 12080.0 8960.0 11700.0 10140.0 7800.0 2340.0 5460.0 9360.0 14420.0 7020.0 12080.0 11300.0 10920.0 8580.0 9740.0 5860.0 4300.0 7800.0 7020.0 14420.0 9740.0 12080.0 10140.0 12860.0 8580.0 12080.0 0.0 7400.0 9360.0 10920.0 6240.0 15980.0 9740.0 11700.0 10520.0 10140.0 15980.0 11700.0 12480.0 9360.0
0.0 400.0 3120.0 15200.0 6240.0 11700.0 7400.0 6240.0 5460.0 4680.0 4680.0 10520.0 4680.0 6240.0 3520.0 10920.0 3520.0 8960.0 8180.0 7800.0 7400.0 6640.0 3900.0 4680.0 8960.0 1180.0 7400.0 5460.0 6640.0 5080.0 8180.0 8960.0 8580.0 2340.0 11300.0 9360.0 10140.0 9360.0 8580.0 4680.0 4680.0 5860.0 7020.0 4680.0 8180.0 7800.0 5460.0 4680.0 7020.0 7020.0 4300.0 6640.0 6640.0 7020.0 6640.0 2740.0 3900.0 7020.0 400.0 9740.0 10520.0 6240.0 5080.0 10140.0 5460.0 6640.0 10140.0 3120.0 0.0 3120.0 8180.0 4300.0 14040.0 7800.0 4680.0 4680.0 5860.0 12080.0 7400.0 10140.0 7800.0
0.0 11300.0 10920.0 20660.0 8580.0 8960.0 10920.0 13640.0 15200.0 16360.0 13260.0 8960.0 11300.0 12860.0 11300.0 12860.0 9360.0 10140.0 8580.0 13640.0 5460.0 15200.0 10520.0 11300.0 6640.0 10920.0 15980.0 11300.0 6240.0 5860.0 15580.0 10920.0 5860.0 12080.0 15980.0 16760.0 14040.0 15980.0 14420.0 6640.0 14420.0 12480.0 13260.0 12480.0 14800.0 9740.0 12860.0 6240.0 11300.0 11700.0 11300.0 14420.0 7020.0 8960.0 7020.0 10140.0 10140.0 14420.0 7800.0 10920.0 14420.0 13260.0 12480.0 12080.0 17140.0 10520.0 15200.0 10520.0 12080.0 0.0 12860.0 10920.0 15580.0 14420.0 14420.0 9360.0 12480.0 11700.0 12480.0 15580.0 11300.0
0.0 14040.0 12480.0 18700.0 17140.0 17540.0 14040.0 14420.0 17920.0 12480.0 17540.0 17540.0 15580.0 16360.0 14040.0 13640.0 14420.0 18700.0 14800.0 15980.0 14040.0 18320.0 15580.0 17540.0 15200.0 12480.0 21040.0 15980.0 9360.0 12480.0 17920.0 11300.0 14420.0 10140.0 18700.0 16760.0 20660.0 21040.0 16760.0 14800.0 17140.0 17140.0 14800.0 12080.0 15980.0 12860.0 18700.0 12080.0 17540.0 9740.0 14800.0 19100.0 15580.0 17540.0 15580.0 15980.0 15580.0 17540.0 14040.0 19480.0 16760.0 19480.0 18320.0 15200.0 19100.0 17920.0 17920.0 16360.0 13640.0 8580.0 0.0 15980.0 19480.0 19480.0 17920.0 13640.0 15980.0 17920.0 16360.0 19880.0 3900.0
0.0 10140.0 5460.0 20260.0 8960.0 11300.0 8960.0 6240.0 9740.0 13640.0 9360.0 10520.0 12860.0 14040.0 6640.0 8580.0 7800.0 10520.0 12080.0 8180.0 10140.0 10920.0 7400.0 8580.0 8180.0 5460.0 15200.0 6640.0 7400.0 7400.0 9740.0 9740.0 12080.0 10140.0 14420.0 12080.0 6240.0 5460.0 6240.0 5080.0 8960.0 10520.0 7020.0 11300.0 5860.0 10520.0 10920.0 8960.0 3520.0 10140.0 7020.0 10920.0 6640.0 7800.0 10520.0 5460.0 7400.0 12480.0 6640.0 12480.0 14040.0 12860.0 11300.0 12860.0 13260.0 10920.0 6240.0 8580.0 9740.0 6240.0 12860.0 0.0 9740.0 3900.0 11700.0 8960.0 14040.0 12080.0 8180.0 6240.0 14040.0
0.0 10920.0 13640.0 21440.0 16760.0 21440.0 9740.0 10140.0 14800.0 15200.0 14420.0 18320.0 15200.0 16760.0 14420.0 9360.0 11300.0 19880.0 15980.0 12080.0 16360.0 13260.0 11300.0 15200.0 15980.0 11700.0 17920.0 14040.0 16760.0 15200.0 14040.0 19100.0 14040.0 12860.0 20660.0 19880.0 16760.0 17140.0 7020.0 14800.0 15200.0 14420.0 12480.0 15580.0 13640.0 14800.0 6640.0 5460.0 14800.0 17540.0 12480.0 16360.0 15580.0 14800.0 14420.0 13260.0 11300.0 16760.0 10920.0 20260.0 14800.0 15580.0 15580.0 13640.0 16360.0 15580.0 14040.0 13640.0 10920.0 12860.0 17540.0 11700.0 0.0 15200.0 15200.0 14800.0 16360.0 13640.0 11700.0 17920.0 18320.0
0.0 6640.0 6640.0 17140.0 5460.0 10920.0 5460.0 5860.0 10140.0 10520.0 8180.0 7800.0 10520.0 11700.0 9740.0 5080.0 8580.0 7020.0 10920.0 7400.0 10140.0 12860.0 6640.0 10920.0 5460.0 6640.0 12480.0 3120.0 7800.0 11300.0 9360.0 15200.0 12080.0 8580.0 16360.0 15580.0 10140.0 1960.0 2740.0 10920.0 10920.0 8180.0 3520.0 10920.0 2340.0 11300.0 7400.0 5460.0 10520.0 13260.0 7800.0 12860.0 3120.0 13260.0 9360.0 8960.0 7020.0 8960.0 6640.0 10140.0 10520.0 9740.0 10520.0 13640.0 11700.0 9360.0 9360.0 5080.0 6240.0 6240.0 12080.0 7400.0 6240.0 0.0 10520.0 10140.0 11300.0 13260.0 5080.0 13260.0 12080.0
0.0 5460.0 8180.0 12860.0 1960.0 9360.0 4300.0 9360.0 1180.0 9360.0 400.0 10920.0 9740.0 5080.0 8580.0 12480.0 8180.0 14040.0 13260.0 9360.0 12080.0 2340.0 8580.0 9740.0 8580.0 6240.0 9360.0 5860.0 10520.0 6240.0 10920.0 6240.0 13260.0 7400.0 16360.0 13640.0 5860.0 10520.0 10140.0 9360.0 400.0 10920.0 6240.0 8960.0 5080.0 7020.0 5860.0 4300.0 6640.0 11700.0 3900.0 11700.0 9360.0 12080.0 11700.0 7400.0 8580.0 7400.0 5460.0 10140.0 9740.0 5860.0 9740.0 8960.0 10520.0 11700.0 8180.0 3520.0 5080.0 7800.0 3900.0 8180.0 10920.0 12080.0 0.0 9740.0 10520.0 12080.0 7800.0 14420.0 7800.0
0.0 7800.0 5460.0 20660.0 4300.0 15980.0 6640.0 10520.0 10920.0 12080.0 8580.0 7020.0 9360.0 10920.0 10920.0 15580.0 7800.0 12080.0 14040.0 12480.0 8960.0 12480.0 9740.0 12080.0 4680.0 5460.0 11700.0 8960.0 10140.0 11300.0 14420.0 14040.0 12860.0 9740.0 18700.0 16760.0 9360.0 15200.0 13260.0 12080.0 10140.0 7400.0 11700.0 12080.0 13260.0 12480.0 9360.0 7020.0 13260.0 14420.0 10520.0 12860.0 1960.0 14420.0 12480.0 10140.0 9740.0 12860.0 7800.0 8960.0 12480.0 13640.0 12080.0 13640.0 12860.0 8580.0 10920.0 10520.0 7800.0 7400.0 10920.0 10140.0 19480.0 13640.0 12080.0 0.0 10520.0 16760.0 11300.0 15580.0 14420.0
0.0 12860.0 6640.0 21440.0 14420.0 14420.0 11700.0 6240.0 12080.0 14800.0 8960.0 12480.0 14420.0 13640.0 12860.0 11300.0 8960.0 17540.0 14420.0 8180.0 5860.0 13640.0 12480.0 16360.0 10140.0 6640.0 19880.0 15200.0 7020.0 14040.0 10140.0 16760.0 11700.0 14800.0 16360.0 19100.0 13260.0 18700.0 8960.0 12080.0 11300.0 10520.0 16360.0 14420.0 16360.0 10520.0 15200.0 11700.0 15200.0 15980.0 12480.0 14040.0 12080.0 14800.0 12860.0 14800.0 12860.0 12860.0 12860.0 14800.0 16760.0 16360.0 12080.0 12480.0 17920.0 5460.0 15580.0 14800.0 12480.0 8580.0 7020.0 13640.0 19880.0 17140.0 16760.0 10140.0 0.0 16360.0 17140.0 16760.0 10920.0
0.0 8180.0 2740.0 19880.0 10520.0 13260.0 12860.0 7800.0 8180.0 10920.0 7800.0 9740.0 12080.0 9740.0 11300.0 12480.0 5080.0 14420.0 12860.0 9360.0 7020.0 9740.0 11700.0 12480.0 7400.0 2740.0 10920.0 10920.0 8180.0 10140.0 11300.0 13640.0 10140.0 10140.0 16760.0 10920.0 12860.0 17140.0 10140.0 10920.0 7400.0 7400.0 8960.0 6240.0 10140.0 6240.0 13260.0 10920.0 14040.0 12080.0 11300.0 10140.0 8180.0 13260.0 11300.0 10520.0 11300.0 11700.0 8180.0 12080.0 14040.0 12480.0 12860.0 8580.0 13260.0 8180.0 16760.0 10920.0 7800.0 4680.0 10520.0 12080.0 14800.0 15580.0 12480.0 6240.0 13260.0 0.0 13260.0 12480.0 8960.0
0.0 6240.0 8180.0 15200.0 10920.0 12080.0 9740.0 8960.0 10520.0 14420.0 3120.0 12860.0 14420.0 7800.0 8960.0 10920.0 8180.0 12860.0 5860.0 10520.0 12480.0 11700.0 1560.0 8580.0 10520.0 8180.0 15580.0 7400.0 9740.0 10140.0 11300.0 12080.0 14420.0 10920.0 11700.0 12860.0 8960.0 7800.0 8580.0 7800.0 9360.0 12860.0 5460.0 8180.0 6640.0 9360.0 11300.0 10140.0 5860.0 10920.0 3120.0 12860.0 8580.0 10520.0 4300.0 8180.0 2340.0 12860.0 6640.0 14040.0 12080.0 11300.0 10920.0 11700.0 12080.0 12860.0 8580.0 8960.0 10140.0 8960.0 7800.0 2740.0 12480.0 6240.0 11700.0 6640.0 12860.0 14800.0 0.0 8580.0 7020.0
0.0 10920.0 12080.0 20260.0 12480.0 13640.0 14800.0 15980.0 11700.0 19880.0 10920.0 13640.0 15980.0 15580.0 14040.0 15200.0 13640.0 9740.0 8580.0 14800.0 10140.0 12860.0 14420.0 7400.0 11300.0 12080.0 17140.0 15580.0 10920.0 1560.0 15200.0 15200.0 10520.0 7400.0 11700.0 13640.0 16360.0 17140.0 15580.0 10920.0 10920.0 16760.0 16360.0 15200.0 15580.0 14040.0 15980.0 9360.0 15580.0 7020.0 14420.0 5080.0 11700.0 13640.0 11700.0 13260.0 14040.0 17540.0 10920.0 15580.0 15980.0 8580.0 15580.0 16360.0 16360.0 14800.0 10920.0 13640.0 15580.0 4680.0 14420.0 14800.0 16760.0 18320.0 10520.0 13640.0 12860.0 15980.0 15580.0 0.0 12080.0
0.0 10140.0 8580.0 21040.0 13260.0 13640.0 13260.0 13640.0 14040.0 14040.0 13640.0 13640.0 14420.0 12480.0 10140.0 16360.0 10920.0 14800.0 13260.0 13260.0 10140.0 14420.0 13260.0 14420.0 11300.0 8580.0 17140.0 12860.0 5460.0 8580.0 15200.0 15580.0 10520.0 6240.0 14800.0 12860.0 16760.0 18700.0 14040.0 10920.0 13260.0 13260.0 10920.0 8180.0 12080.0 8960.0 14800.0 8180.0 13640.0 5860.0 10920.0 15200.0 11700.0 13640.0 11700.0 12080.0 13260.0 13640.0 10140.0 15580.0 14420.0 15980.0 14420.0 11300.0 15200.0 14040.0 14800.0 12480.0 9740.0 4680.0 16360.0 14040.0 15580.0 17540.0 14040.0 9740.0 12080.0 14040.0 14420.0 18320.0 0.0
