80 5
1869 14380 17780 8 4
1620 3728 7552 2 3
1536 14705 18963 8 10
768 11440 15040 2 7
1820 10815 14133 7 6
1470 11908 16476 10 7
23 9093 13357 2 4
648 7974 11484 2 8
1870 6995 10347 9 2
88 12609 16575 7 10
1728 10595 14461 6 7
504 3425 7149 9 8
782 16145 20415 4 8
992 10389 13659 2 2
546 6871 10343 6 1
221 11738 16040 1 1
1386 15862 19658 2 8
931 16029 20587 8 8
153 6481 9803 8 9
221 3776 8224 4 7
576 4195 7937 5 5
425 8034 11466 9 4
1152 11358 15992 8 2
1020 6614 11018 4 2
285 11263 15137 4 9
1672 6609 10795 6 9
1360 4057 7913 3 3
2300 7506 12026 1 10
36 17590 20924 5 2
189 10630 14570 5 7
1606 14274 17946 9 4
1386 8261 12639 2 10
1826 7401 10959 7 5
1056 11874 16574 6 7
1215 8145 12785 2 5
1190 3659 7189 6 3
1260 16976 20488 10 5
2090 10006 14594 10 3
323 14681 18991 8 7
748 6642 9882 9 3
954 5053 9227 9 7
741 20461 24089 8 10
1550 8857 12347 3 5
615 12259 15893 10 1
1606 14528 18862 2 9
1380 14751 18009 4 9
1890 9973 14477 9 2
552 12148 16332 2 8
1104 5427 9789 2 1
1040 8436 11692 10 10
774 6669 10611 1 1
1035 13498 17374 2 10
450 15809 19519 1 3
1584 15678 19602 8 6
1720 8079 12023 7 6
1554 6423 10145 6 10
784 7891 12069 8 4
1426 17172 21132 5 3
1170 14486 18840 10 8
1632 17303 21547 5 10
242 15275 19153 6 7
1056 10414 13826 3 7
748 3207 7605 6 10
180 5270 10026 1 8
68 10204 14096 6 4
1150 14865 18883 3 10
1470 20498 23702 10 7
1302 4200 8040 8 9
912 17081 20383 7 4
1386 5027 8641 2 10
352 13191 16677 9 9
864 4839 8409 3 3
1241 14567 18433 6 1
666 9768 14172 9 3
1716 13176 16472 2 8
975 12807 16377 6 4
1554 11758 15362 5 10
368 5397 10083 2 7
1173 6383 10033 9 10
176 6791 11353 8 3
SETUP
0 61 81 161 141 121 101 161 161 161 61 101 141 141 101 81 61 141 101 141 141 121 121 101 121 141 161 101 101 141 141 141 121 161 141 121 161 121 141 41 101 141 121 121 121 141 61 121 161 41 201 61 81 41 101 121 101 81 181 121 81 141 81 101 81 101 121 121 121 101 181 81 101 161 121 101 81 81 81 141 101
0 0 581 641 641 661 621 101 621 121 601 181 101 621 121 521 101 661 581 601 621 581 581 581 121 621 661 561 561 621 581 601 581 621 641 621 621 601 101 601 661 621 81 581 601 681 621 621 121 601 641 21 641 601 101 601 541 581 161 581 661 121 601 601 641 561 181 141 581 101 641 641 581 661 141 661 601 601 41 621 621
0 621 0 601 621 641 621 621 101 601 641 661 661 121 581 641 581 121 101 621 161 621 621 541 601 81 661 121 121 581 121 621 621 641 641 121 661 641 581 621 621 601 601 601 561 661 641 61 661 661 681 621 621 141 541 161 601 521 641 61 641 621 581 581 641 101 641 641 581 581 141 121 601 201 641 661 581 581 541 581 141
0 641 701 0 641 41 661 621 621 621 121 641 641 581 621 621 601 641 621 621 681 641 621 101 661 641 641 601 601 641 601 641 121 641 201 641 201 141 641 121 161 121 621 621 121 181 141 661 641 621 721 581 161 621 581 561 641 41 661 581 681 641 601 621 661 661 661 681 121 621 681 621 121 701 561 681 121 581 581 141 661
0 581 641 641 0 681 81 601 601 661 621 681 621 581 621 41 641 681 641 141 601 101 141 601 621 641 161 601 621 121 601 161 621 121 601 641 661 541 561 621 661 641 621 141 601 701 621 621 621 121 161 581 541 601 581 661 61 641 621 601 121 601 81 81 141 621 661 601 621 601 681 641 621 681 621 181 641 121 601 621 561
0 601 681 121 601 0 621 601 581 621 101 621 621 541 601 581 641 641 641 621 681 621 581 61 621 621 601 621 561 601 561 621 141 621 161 641 181 121 601 81 141 81 621 621 81 181 101 621 601 581 681 601 141 581 561 541 601 121 621 581 641 641 601 601 621 621 641 641 81 581 641 641 161 681 521 641 141 581 581 101 641
0 601 641 681 121 621 0 621 621 661 561 681 641 621 601 121 601 681 621 141 641 121 121 621 641 661 161 601 601 121 661 141 621 141 641 621 661 641 581 541 601 661 621 101 641 641 561 641 661 41 181 561 641 541 641 641 101 641 701 621 141 621 101 101 161 641 621 601 561 621 681 621 621 661 561 101 621 141 581 681 621
0 81 641 681 601 601 541 0 641 81 581 181 161 621 121 601 141 661 621 661 661 601 641 621 161 561 621 621 621 641 581 641 641 641 661 621 681 621 121 581 621 681 121 621 641 641 581 541 121 581 701 101 641 581 121 641 621 641 221 541 661 121 581 581 641 621 161 141 601 101 701 641 641 681 81 621 641 641 101 661 641
0 641 181 701 641 681 641 621 0 661 621 681 621 161 661 661 641 201 161 661 181 641 601 641 641 161 581 121 181 621 141 621 641 661 621 141 601 641 601 681 661 661 641 621 641 681 621 141 681 681 681 581 561 121 641 141 601 601 721 141 641 641 621 621 641 141 581 661 581 661 141 141 621 181 621 721 641 621 601 621 61
0 121 621 641 641 681 601 121 621 0 661 181 141 561 101 641 121 641 541 641 661 581 581 581 121 641 641 581 561 561 661 621 601 601 641 561 641 641 81 641 641 621 41 621 601 701 561 621 181 641 641 61 641 641 41 641 581 581 181 581 621 141 561 601 601 581 161 161 601 81 661 621 601 661 161 661 641 601 61 601 641
0 581 601 141 601 181 621 621 621 641 0 661 601 581 561 601 601 661 581 601 621 581 581 81 601 621 621 561 601 621 621 601 81 621 161 581 141 121 621 141 121 121 581 581 101 141 21 641 641 661 661 521 141 641 601 601 541 101 661 621 601 621 601 641 621 621 641 561 101 601 641 601 81 661 621 681 101 601 541 141 641
0 141 601 641 661 661 621 141 621 141 621 0 181 561 21 621 121 621 561 661 661 621 641 581 61 621 641 621 621 621 621 601 641 581 621 561 581 641 101 641 581 621 141 641 601 681 641 601 141 641 721 101 661 641 81 601 601 601 141 621 641 141 601 601 621 641 41 81 601 101 601 561 641 701 81 641 621 561 101 601 661
0 141 701 701 641 741 661 221 701 121 701 241 0 661 201 661 221 701 641 701 721 661 681 641 181 721 641 681 681 621 721 601 721 701 721 661 721 661 181 641 741 701 141 621 661 621 661 721 241 701 741 161 681 701 161 661 681 681 221 701 681 221 641 701 621 641 241 201 661 161 761 701 701 701 221 681 721 681 141 701 681
0 581 141 601 601 621 621 601 81 641 621 641 641 0 561 601 661 121 121 621 161 621 601 541 601 161 581 101 121 561 161 601 621 641 621 121 641 621 581 661 601 581 601 601 541 661 641 141 681 661 661 601 621 141 521 141 581 621 621 121 641 621 561 561 621 81 641 641 561 561 121 101 641 161 621 701 621 561 601 561 141
0 141 581 641 641 661 621 141 621 161 621 161 181 561 0 641 101 621 561 661 641 621 641 581 41 621 641 641 621 621 661 641 661 681 621 561 621 641 101 661 581 621 141 641 601 661 621 641 121 661 701 141 641 621 61 621 601 581 141 641 641 141 601 601 601 641 101 81 601 101 641 561 641 701 161 641 621 561 121 601 661
0 541 601 641 181 661 121 601 661 641 601 661 601 641 601 0 621 681 601 141 661 61 121 621 641 621 161 601 601 101 561 141 601 101 681 641 641 581 621 581 641 641 601 121 621 681 601 601 601 81 141 561 681 581 601 641 21 601 701 601 161 641 101 101 161 581 661 641 601 621 661 641 601 661 641 141 641 141 581 601 661
0 161 661 681 601 641 601 121 601 101 641 181 181 621 81 641 0 601 541 581 601 621 621 621 121 661 661 641 641 621 661 581 661 601 641 621 621 641 81 641 601 581 121 561 601 701 641 641 121 641 681 141 601 621 41 661 621 581 141 601 641 121 521 581 581 621 141 121 641 41 681 601 541 641 141 661 521 581 121 581 581
0 581 161 661 621 541 621 621 121 621 641 661 661 81 601 601 601 0 121 661 121 641 621 601 621 161 641 141 101 641 101 601 661 621 661 141 701 601 641 621 641 601 641 581 601 701 641 141 641 621 601 601 641 41 541 81 621 641 641 101 621 601 581 581 621 141 661 621 621 541 181 141 561 161 561 681 541 601 621 601 101
0 661 181 681 661 681 601 581 81 641 641 701 701 101 641 661 601 141 0 641 181 661 661 601 661 121 641 181 141 641 161 621 641 621 601 81 681 601 561 621 681 641 621 641 621 681 641 101 661 621 721 641 621 121 601 121 661 541 661 101 601 601 601 641 661 161 641 641 621 581 161 181 621 221 641 621 601 641 581 641 141
0 601 661 661 141 621 101 561 561 621 581 681 681 641 621 141 621 661 621 0 661 141 161 601 641 601 121 621 661 81 641 101 641 121 581 641 661 581 541 581 641 641 641 121 601 681 601 581 681 81 221 601 601 561 641 641 121 581 701 581 101 581 121 121 141 601 621 621 621 621 641 661 621 681 641 121 641 161 601 681 621
0 641 181 661 621 661 601 561 81 561 601 681 681 121 601 621 661 161 101 681 0 621 621 641 641 121 621 141 121 621 141 621 661 621 581 121 641 581 541 601 641 661 601 621 641 621 601 101 541 601 701 601 601 101 601 181 621 621 701 81 601 581 601 621 661 141 621 621 641 581 161 161 621 201 561 641 661 641 621 641 41
0 661 681 721 181 721 201 681 681 641 721 601 681 661 601 181 681 681 661 181 701 0 161 661 641 701 201 641 681 201 681 181 661 181 721 661 681 661 701 721 661 701 661 181 681 761 601 701 601 221 261 601 701 681 661 701 141 681 681 661 181 661 181 181 181 701 641 681 681 681 701 661 661 621 641 181 701 161 621 681 701
0 641 701 701 101 681 161 641 661 681 641 661 701 661 661 141 601 641 641 161 681 141 0 681 681 681 181 681 641 181 661 161 641 181 681 661 661 621 641 641 601 661 621 141 681 641 641 661 701 181 241 661 641 661 621 701 121 541 661 661 141 661 121 161 181 601 621 701 621 621 661 581 621 721 681 181 601 81 581 661 641
0 601 661 81 581 101 601 581 561 621 141 681 621 601 621 601 641 601 621 601 641 601 601 0 641 621 621 581 601 541 641 581 101 621 101 621 121 101 561 141 101 61 581 581 21 141 161 601 661 641 641 621 101 601 581 621 561 101 601 601 601 601 621 621 601 561 621 641 41 541 661 581 121 661 601 681 101 581 601 121 621
0 101 561 601 621 641 581 101 581 121 621 161 161 521 81 621 121 621 521 621 621 601 621 541 0 601 601 601 641 581 661 621 621 641 621 521 661 601 61 621 621 601 121 601 561 661 641 601 101 621 681 121 621 621 41 581 601 561 101 601 601 101 581 581 581 601 161 41 581 81 621 621 601 661 121 641 601 581 81 581 621
0 681 181 641 641 681 661 661 141 621 621 721 681 161 621 661 701 181 121 661 221 661 621 581 641 0 621 141 101 621 181 661 601 601 681 161 701 581 621 541 661 621 641 621 601 701 621 141 701 701 721 621 621 161 661 161 641 641 681 81 661 581 621 601 681 141 701 681 601 601 221 161 681 221 681 601 661 661 601 701 121
0 681 701 721 141 701 121 681 621 621 661 681 721 681 641 161 641 681 661 181 621 121 141 661 661 681 0 661 661 141 701 101 681 141 701 661 701 661 641 661 681 601 661 81 601 721 661 661 641 161 201 681 661 661 601 721 161 661 661 661 201 681 101 141 121 661 681 701 661 621 721 661 561 661 641 221 601 101 661 641 641
0 621 121 661 681 701 641 621 141 641 621 681 561 81 641 641 661 181 81 601 181 601 621 601 581 81 661 0 121 641 161 641 541 641 681 81 701 621 621 601 661 661 581 661 621 681 641 141 661 641 701 621 601 141 601 141 581 621 661 141 661 621 581 641 641 161 661 601 621 601 101 141 661 201 681 661 641 641 541 641 101
0 661 181 701 601 681 641 641 141 581 661 661 701 121 621 621 621 161 101 661 161 641 541 641 661 141 661 141 0 621 121 621 661 641 701 121 681 601 641 661 621 641 601 601 621 661 601 161 661 681 701 621 621 161 581 201 621 561 681 21 661 601 561 561 621 121 641 681 641 601 201 101 601 121 681 701 581 601 601 621 141
0 621 681 581 101 621 121 601 581 641 661 661 641 561 621 141 661 601 621 121 601 61 101 521 641 601 141 601 621 0 661 101 601 121 621 641 601 621 561 641 621 581 601 101 541 641 661 621 621 161 161 601 621 621 581 641 81 601 621 621 141 601 121 121 121 521 641 621 561 561 681 601 621 661 621 161 601 101 621 621 581
0 621 161 681 621 641 561 541 141 581 601 601 681 141 621 641 661 201 121 681 201 621 641 641 641 81 601 161 121 641 0 681 661 641 681 121 681 601 641 601 661 701 601 641 661 681 621 61 541 601 721 621 661 101 621 161 641 641 741 61 681 601 601 601 661 161 641 661 621 621 201 161 661 221 581 601 681 641 621 641 181
0 661 641 681 141 681 121 681 661 641 621 721 681 601 661 181 661 701 601 201 701 161 201 621 601 661 181 641 681 161 641 0 641 161 701 601 721 641 641 621 661 661 661 81 641 701 621 641 681 121 201 641 661 621 621 661 161 641 681 641 141 621 161 161 41 681 701 621 641 641 701 701 661 741 681 181 661 161 641 661 681
0 601 601 141 661 181 621 601 621 641 141 681 641 561 621 621 641 641 561 581 661 601 601 81 541 641 641 641 601 621 641 621 0 621 161 561 181 121 601 121 161 141 561 641 101 181 141 641 621 621 681 601 81 621 581 621 561 101 641 601 641 601 561 621 601 641 681 581 121 581 661 621 141 701 661 681 121 621 521 121 581
0 601 601 641 101 661 121 601 601 581 621 661 681 561 521 121 601 621 561 101 661 141 161 581 561 561 141 641 641 121 601 141 641 0 621 561 641 621 561 601 581 641 621 161 601 661 621 541 621 161 221 601 641 621 581 621 101 561 641 541 121 601 81 81 121 621 601 581 621 601 661 561 641 701 661 141 621 61 581 601 621
0 561 601 161 661 81 641 661 641 661 181 701 661 581 641 581 641 661 581 661 601 621 641 101 561 641 661 621 621 641 641 641 141 681 0 581 181 161 621 161 181 161 641 641 121 221 181 641 641 661 701 581 121 521 601 601 601 101 661 641 601 661 641 641 621 621 701 601 141 601 681 681 141 641 601 701 141 641 601 141 621
0 581 141 601 601 641 581 601 81 641 621 661 641 21 561 601 601 121 21 621 161 601 621 541 601 141 601 101 141 581 161 601 621 621 601 0 661 601 561 601 601 581 601 601 541 661 621 121 681 601 661 601 621 121 521 141 581 541 621 101 621 601 581 561 621 101 641 641 561 561 121 101 641 161 621 641 621 581 581 561 121
0 581 641 141 641 181 621 621 621 641 141 681 601 621 641 601 601 641 621 601 621 641 581 81 601 621 681 561 601 621 641 521 81 641 181 601 0 121 621 141 161 121 581 581 101 181 141 641 641 621 661 521 141 621 601 601 621 121 661 621 641 621 601 641 561 621 621 641 101 581 641 641 81 661 661 681 101 601 541 141 641
0 681 701 261 661 241 701 681 681 661 161 761 721 681 701 681 721 741 681 621 741 701 701 201 661 701 641 681 701 681 721 641 121 721 201 661 141 0 641 201 241 221 681 681 161 261 181 701 661 701 761 641 181 681 681 721 661 181 741 701 701 681 661 721 681 701 741 641 201 701 721 721 181 761 701 741 181 721 621 221 681
0 121 641 721 621 641 561 41 541 101 601 161 161 641 101 621 181 641 601 681 661 621 621 661 121 581 601 641 661 641 621 641 661 601 561 621 641 561 0 601 661 641 141 601 621 681 621 561 161 601 721 121 581 561 141 661 641 621 181 561 581 61 601 601 661 641 101 101 601 121 621 641 601 681 121 661 641 641 141 661 601
0 661 741 261 701 181 721 741 721 681 201 721 741 681 661 681 661 741 661 741 721 701 641 201 701 721 761 681 621 681 721 681 221 701 241 701 201 201 701 0 141 201 701 681 201 261 201 701 661 721 761 681 221 621 681 721 701 181 761 641 621 721 661 661 721 701 661 741 221 701 681 701 161 721 701 561 181 701 701 221 681
0 641 681 201 681 81 641 661 661 621 101 681 661 621 641 661 641 661 661 641 681 661 641 141 661 681 681 621 641 681 641 581 141 681 181 661 81 181 621 101 0 161 621 641 141 201 121 681 681 601 721 581 181 601 621 601 641 181 681 661 661 661 601 641 621 661 541 661 161 621 601 601 141 701 601 601 181 601 581 181 681
0 601 641 181 541 141 601 581 521 641 141 701 621 601 641 561 661 601 621 641 641 621 601 121 601 621 581 621 641 621 621 581 141 641 141 601 121 61 581 121 161 0 641 621 121 121 141 601 661 641 681 601 61 621 601 641 581 101 561 601 641 641 601 601 561 641 581 621 81 521 621 641 141 681 641 681 121 641 601 141 561
0 121 641 701 621 661 661 161 601 101 621 161 201 601 61 641 141 641 601 661 681 661 541 641 101 601 641 661 541 641 641 641 661 561 661 601 661 621 121 641 601 641 0 641 641 681 641 601 181 661 621 141 641 661 21 661 641 581 181 561 661 121 561 561 581 641 141 141 661 101 681 601 621 641 141 681 601 561 121 561 641
0 641 681 701 101 661 61 661 601 561 601 661 681 601 641 101 661 681 601 181 681 81 141 621 681 681 161 641 621 121 661 161 661 141 681 601 701 621 621 601 641 601 601 0 641 681 601 681 641 101 121 601 641 601 601 681 101 621 641 641 181 681 101 141 141 641 661 661 601 601 701 661 661 681 601 161 661 141 621 621 641
0 621 661 121 621 141 621 601 601 641 141 661 601 601 621 641 641 601 621 581 621 581 601 61 621 621 661 561 601 541 661 621 81 621 121 621 121 121 581 161 101 101 561 601 0 161 141 621 661 661 661 621 161 621 581 661 581 141 641 621 621 621 621 621 621 561 621 641 61 581 661 581 121 661 621 681 101 581 601 121 601
0 621 661 181 561 181 621 641 641 641 121 641 661 581 601 581 661 661 581 681 641 621 641 101 621 601 661 641 621 641 621 641 181 641 161 581 181 81 601 21 141 161 661 661 121 0 141 601 661 661 701 621 81 621 601 701 601 121 661 601 621 601 621 621 661 661 661 641 141 601 681 621 161 581 661 561 181 561 601 141 601
0 581 581 141 601 181 621 621 601 621 161 661 601 601 621 601 581 661 601 601 621 581 581 81 601 601 641 541 601 601 621 601 61 621 161 601 141 101 601 141 161 101 581 581 81 181 0 641 641 661 661 521 141 641 581 601 541 81 641 621 581 601 581 621 621 621 681 641 101 601 641 641 61 641 661 661 101 601 521 121 641
0 561 121 661 581 661 621 601 161 561 641 661 661 101 641 581 641 141 101 661 181 621 621 601 661 21 641 121 121 601 61 621 621 621 681 101 661 601 621 561 641 641 581 641 601 621 601 0 601 641 701 581 601 141 601 141 601 621 701 21 641 601 561 541 621 101 661 661 621 581 181 121 621 201 641 621 661 621 601 641 121
0 141 661 681 621 701 641 161 601 41 681 181 161 601 81 601 161 681 581 661 681 601 601 621 121 641 621 621 581 601 661 661 641 601 661 581 681 561 121 681 641 661 81 601 621 701 581 621 0 681 681 81 641 681 81 661 601 601 201 561 661 61 581 601 641 621 161 161 641 121 701 621 641 701 41 641 661 601 101 621 641
0 561 601 641 121 581 61 641 621 641 521 661 601 601 561 81 581 641 601 121 601 81 81 581 601 621 121 561 601 121 621 101 581 141 601 601 621 601 621 521 561 621 581 101 601 601 521 641 621 0 181 521 601 521 601 601 61 601 661 601 101 601 61 61 121 601 581 581 601 581 641 601 581 621 581 61 601 121 541 641 601
0 641 641 701 121 681 181 661 601 641 661 661 601 621 561 161 621 641 621 161 701 161 21 641 601 681 161 681 661 161 641 141 661 141 681 601 621 601 641 661 621 601 641 161 641 661 641 661 681 181 0 641 641 681 621 621 141 561 641 601 161 601 61 61 121 621 601 641 641 581 641 601 641 701 701 201 621 101 601 561 661
0 161 641 621 621 661 621 121 601 121 661 181 101 601 121 661 81 661 601 601 601 621 581 561 101 601 661 541 601 601 681 581 561 621 661 601 681 621 121 641 641 601 81 581 581 681 661 641 141 641 681 0 621 641 81 601 601 601 161 601 641 101 581 621 621 621 181 141 601 101 641 641 561 641 161 661 601 601 21 621 641
0 621 641 161 601 141 641 621 601 641 81 681 581 601 621 621 601 681 601 621 641 641 601 101 601 641 661 581 621 601 601 621 101 621 101 601 181 121 641 181 161 141 601 601 101 201 101 641 641 681 701 541 0 581 601 621 621 141 681 641 661 641 621 621 641 621 661 621 121 621 661 621 101 641 661 701 121 581 561 121 521
0 561 121 681 681 581 681 661 161 661 661 681 661 121 641 581 641 161 121 661 101 621 621 621 661 181 661 121 121 661 141 641 621 661 681 181 661 641 621 661 701 641 641 641 641 701 661 181 621 661 701 581 601 0 621 101 601 621 701 141 601 681 641 661 661 101 701 701 621 601 201 181 621 121 581 721 661 661 601 661 121
0 181 621 681 661 661 661 181 641 161 621 141 201 601 61 701 161 621 601 701 681 661 641 621 101 681 661 661 621 661 661 641 681 641 661 601 661 601 141 641 601 641 161 641 641 681 621 661 181 641 721 141 621 641 0 661 641 621 181 601 681 101 561 561 621 681 121 121 641 81 681 601 661 701 181 681 661 561 141 561 641
0 681 181 721 661 701 701 681 181 641 701 601 741 141 601 681 681 181 161 681 221 701 601 661 621 101 681 201 81 681 181 621 681 601 701 141 641 661 641 641 661 701 661 681 681 701 681 121 701 721 761 661 681 201 641 0 681 621 721 101 701 661 621 621 641 181 601 661 701 661 181 141 661 181 661 681 641 641 661 681 201
0 541 601 681 181 701 141 621 661 661 641 641 641 661 641 61 621 701 601 141 661 41 121 621 661 661 181 601 601 161 581 141 621 141 681 661 661 641 641 641 681 661 581 121 621 721 641 641 621 141 181 561 681 641 601 641 0 621 701 621 201 661 141 141 161 601 681 681 621 641 681 681 621 641 661 181 641 141 581 641 661
0 661 701 201 641 161 661 641 621 661 181 721 701 621 641 681 561 621 601 601 661 661 621 141 641 681 681 661 621 641 701 621 121 641 181 621 181 141 621 181 181 121 601 621 161 201 201 661 681 681 701 661 121 641 601 681 621 0 661 641 681 621 581 641 641 661 681 681 101 601 741 641 101 681 641 721 81 641 541 141 621
0 161 641 661 621 661 661 161 621 181 601 201 81 641 141 661 141 701 641 641 661 661 621 621 121 661 561 601 641 621 621 641 621 641 621 621 701 641 161 701 681 641 121 621 621 701 621 661 181 701 741 61 541 601 141 641 641 641 0 661 681 161 641 661 661 641 181 161 641 141 681 661 601 661 181 721 641 621 81 641 541
0 641 161 681 581 661 641 661 161 561 661 641 681 101 621 601 661 141 81 681 181 621 621 621 661 161 641 121 121 601 141 621 641 621 681 101 661 601 621 661 641 661 581 641 621 661 601 161 681 661 681 601 601 141 581 181 621 621 681 0 661 601 541 541 601 101 661 661 621 581 181 121 641 221 661 701 661 621 601 621 121
0 601 661 681 121 601 101 641 601 601 641 601 641 621 601 61 641 661 641 161 601 121 121 641 641 661 161 641 641 121 601 81 601 101 681 641 681 621 621 641 661 581 641 61 601 701 641 641 601 141 181 601 641 641 641 621 81 641 641 641 0 661 141 161 101 641 641 681 641 601 701 641 541 621 621 201 661 81 601 641 641
0 121 621 681 581 661 601 121 621 61 641 161 181 601 61 601 141 641 541 621 681 621 621 621 81 601 561 621 621 601 621 621 621 541 641 601 641 521 81 621 621 641 81 561 581 661 601 581 161 641 681 101 601 641 101 661 621 581 181 521 641 0 561 541 621 601 141 121 621 81 681 601 621 701 161 661 641 601 121 641 621
0 661 661 681 201 641 181 681 681 681 641 681 661 621 661 181 681 601 621 201 681 161 141 621 621 681 201 661 621 101 701 81 661 161 681 601 661 661 661 641 601 661 601 161 641 701 661 681 701 181 201 641 601 621 601 661 121 641 661 641 161 661 0 161 81 621 621 661 641 541 681 581 641 681 641 201 621 81 641 641 601
0 661 661 681 121 641 161 641 681 601 641 621 681 621 601 161 681 601 601 181 701 121 141 621 621 641 121 661 641 121 601 101 661 101 681 621 661 561 641 621 601 681 601 101 621 621 641 621 641 141 201 641 601 621 621 661 121 621 681 561 181 561 21 0 81 621 641 661 661 541 681 581 641 681 641 181 641 101 641 661 621
0 641 601 641 161 681 141 641 641 641 681 701 701 581 621 161 661 681 581 181 661 161 181 601 561 621 161 661 681 141 661 161 601 141 661 581 721 601 621 661 661 641 661 141 601 681 681 601 641 181 221 661 641 661 581 621 141 601 641 601 101 601 141 121 0 641 701 601 621 621 681 661 641 721 681 201 641 141 601 621 641
0 601 161 661 661 681 601 581 81 621 661 681 661 141 601 621 661 141 141 661 121 601 581 601 641 81 641 121 141 581 141 581 641 601 601 161 581 601 561 621 661 641 641 581 601 641 661 101 621 641 641 581 621 121 621 181 561 601 701 101 601 601 641 641 621 0 641 601 541 581 161 161 641 201 601 661 621 621 601 661 141
0 121 681 681 681 681 661 141 661 101 641 161 141 641 161 641 121 641 641 621 661 641 621 621 141 661 681 601 621 661 681 561 601 661 681 621 541 641 141 661 601 641 101 621 621 681 641 661 181 661 701 61 661 641 101 581 601 661 161 641 681 141 581 641 601 641 0 181 641 101 561 581 601 701 161 681 641 581 61 641 681
0 141 681 701 581 661 621 161 621 121 661 161 181 641 101 601 101 661 641 681 621 641 641 641 141 561 661 661 641 641 661 601 641 621 681 641 701 601 141 601 621 601 161 581 621 701 661 661 141 661 701 141 621 661 61 681 621 661 141 621 581 121 601 601 621 661 161 0 661 101 701 601 581 661 161 641 561 601 161 601 601
0 581 641 141 641 161 581 561 561 601 141 661 661 621 601 601 641 661 601 661 641 581 561 81 641 601 621 621 621 561 601 641 141 601 81 641 141 81 521 121 161 121 601 541 81 121 141 581 641 621 601 601 101 581 621 681 541 81 661 581 581 581 621 601 661 581 621 621 0 601 641 621 121 681 581 661 161 601 601 161 601
0 161 681 721 681 601 661 161 661 181 661 201 241 641 161 661 161 581 661 701 661 681 681 661 141 701 701 681 661 681 661 561 681 681 721 641 701 661 181 661 641 641 181 621 661 721 681 681 181 661 681 181 701 601 121 641 641 681 201 641 681 161 641 641 601 701 161 181 681 0 701 621 601 701 121 721 601 621 141 661 661
0 621 161 681 661 641 641 661 121 541 601 641 661 101 621 641 661 101 81 661 161 601 601 621 661 161 661 121 101 601 161 621 641 621 621 101 621 681 621 641 561 641 581 641 621 661 581 161 681 641 661 601 641 101 581 121 581 601 621 121 661 661 601 621 641 101 601 661 621 581 0 41 641 201 601 661 641 541 601 621 141
0 581 141 701 661 601 661 641 181 641 581 601 661 141 601 601 641 61 141 661 141 581 601 641 641 141 621 121 81 681 121 601 641 681 621 141 601 661 641 621 541 661 621 621 661 621 581 161 641 621 661 581 601 101 601 121 541 641 601 101 661 641 621 621 621 121 561 621 641 561 101 0 621 181 621 621 601 521 601 641 121
0 621 641 161 581 181 561 621 561 581 101 641 661 621 581 601 661 621 601 621 561 581 581 101 601 621 621 601 601 581 641 541 141 581 141 601 161 101 581 101 121 41 601 521 61 161 121 601 581 601 641 621 101 601 601 681 601 121 601 601 641 621 621 641 561 601 621 641 101 561 661 601 0 601 621 661 141 541 621 141 601
0 641 101 641 621 661 621 621 141 661 621 601 681 61 521 661 601 121 61 601 161 621 621 581 561 141 641 141 101 621 181 641 661 621 621 61 641 621 601 661 581 641 581 641 601 681 641 141 641 661 681 641 661 141 581 121 601 601 641 121 641 601 601 601 581 141 601 581 601 601 161 61 641 0 661 641 621 561 521 601 161
0 101 661 701 641 701 681 161 681 121 641 141 121 661 141 581 181 661 641 701 701 621 581 681 181 681 681 661 561 661 621 661 681 661 701 661 701 641 161 641 661 681 141 661 661 721 641 681 161 641 701 121 661 641 141 701 601 621 221 581 641 161 601 601 681 641 181 201 641 121 721 641 641 661 0 701 621 581 141 661 681
0 701 761 761 201 661 181 721 701 701 661 681 741 681 681 221 601 701 641 181 701 201 221 701 701 761 241 681 701 221 721 161 701 201 741 681 641 701 681 661 581 681 701 161 681 761 681 741 721 161 261 661 701 661 621 681 181 661 741 701 241 721 121 181 181 701 601 721 721 641 661 661 641 681 661 0 621 181 641 681 661
0 641 641 181 601 121 581 641 581 581 121 641 681 601 561 621 561 621 601 641 581 601 601 121 601 641 641 621 621 601 641 561 161 601 141 601 161 121 601 121 101 61 601 541 81 181 121 621 601 621 661 621 121 621 521 641 621 121 621 601 661 601 561 561 601 621 621 601 121 561 681 601 41 621 621 681 0 561 641 61 561
0 641 661 701 161 641 181 681 681 641 581 601 661 641 601 161 641 601 641 161 621 141 101 641 641 641 121 621 581 181 681 81 641 181 681 641 641 681 661 661 581 681 641 141 641 681 581 701 641 181 221 581 661 641 641 661 101 641 641 601 161 681 141 141 121 681 601 621 661 541 661 561 641 681 661 181 641 0 601 681 661
0 161 681 681 661 701 621 101 641 141 641 201 221 601 121 681 181 681 601 581 721 661 601 621 141 641 641 681 581 641 681 661 701 601 641 581 681 601 101 641 661 661 61 641 621 721 661 621 221 641 661 161 681 621 61 701 641 621 201 601 641 101 601 601 621 661 181 181 621 141 701 661 681 701 181 681 661 601 0 601 681
0 661 661 181 621 141 641 641 681 601 141 621 681 621 601 661 661 601 601 681 701 621 641 141 621 641 621 641 641 621 601 601 161 601 181 621 181 61 641 141 121 181 601 601 141 141 101 621 641 621 681 601 121 621 621 661 621 101 681 561 681 561 521 521 581 621 641 661 161 541 681 601 141 661 661 681 141 601 621 0 621
0 621 161 741 601 641 641 621 181 661 681 701 701 161 701 621 701 201 161 721 181 681 701 681 641 161 681 181 181 701 101 681 701 701 581 161 681 621 641 681 701 721 661 701 681 761 701 141 641 681 741 641 621 81 661 181 641 641 701 141 661 681 621 661 681 181 721 661 701 641 261 181 701 201 661 701 701 681 661 701 0
SETUP_COST
0.0 1220.0 1620.0 3220.0 2820.0 2420.0 2020.0 3220.0 3220.0 3220.0 1220.0 2020.0 2820.0 2820.0 2020.0 1620.0 1220.0 2820.0 2020.0 2820.0 2820.0 2420.0 2420.0 2020.0 2420.0 2820.0 3220.0 2020.0 2020.0 2820.0 2820.0 2820.0 2420.0 3220.0 2820.0 2420.0 3220.0 2420.0 2820.0 820.0 2020.0 2820.0 2420.0 2420.0 2420.0 2820.0 1220.0 2420.0 3220.0 820.0 4020.0 1220.0 1620.0 820.0 2020.0 2420.0 2020.0 1620.0 3620.0 2420.0 1620.0 2820.0 1620.0 2020.0 1620.0 2020.0 2420.0 2420.0 2420.0 2020.0 3620.0 1620.0 2020.0 3220.0 2420.0 2020.0 1620.0 1620.0 1620.0 2820.0 2020.0
0.0 0.0 11620.0 12820.0 12820.0 13220.0 12420.0 2020.0 12420.0 2420.0 12020.0 3620.0 2020.0 12420.0 2420.0 10420.0 2020.0 13220.0 11620.0 12020.0 12420.0 11620.0 11620.0 11620.0 2420.0 12420.0 13220.0 11220.0 11220.0 12420.0 11620.0 12020.0 11620.0 12420.0 12820.0 12420.0 12420.0 12020.0 2020.0 12020.0 13220.0 12420.0 1620.0 11620.0 12020.0 13620.0 12420.0 12420.0 2420.0 12020.0 12820.0 420.0 12820.0 12020.0 2020.0 12020.0 10820.0 11620.0 3220.0 11620.0 13220.0 2420.0 12020.0 12020.0 12820.0 11220.0 3620.0 2820.0 11620.0 2020.0 12820.0 12820.0 11620.0 13220.0 2820.0 13220.0 12020.0 12020.0 820.0 12420.0 12420.0
0.0 12420.0 0.0 12020.0 12420.0 12820.0 12420.0 12420.0 2020.0 12020.0 12820.0 13220.0 13220.0 2420.0 11620.0 12820.0 11620.0 2420.0 2020.0 12420.0 3220.0 12420.0 12420.0 10820.0 12020.0 1620.0 13220.0 2420.0 2420.0 11620.0 2420.0 12420.0 12420.0 12820.0 12820.0 2420.0 13220.0 12820.0 11620.0 12420.0 12420.0 12020.0 12020.0 12020.0 11220.0 13220.0 12820.0 1220.0 13220.0 13220.0 13620.0 12420.0 12420.0 2820.0 10820.0 3220.0 12020.0 10420.0 12820.0 1220.0 12820.0 12420.0 11620.0 11620.0 12820.0 2020.0 12820.0 12820.0 11620.0 11620.0 2820.0 2420.0 12020.0 4020.0 12820.0 13220.0 11620.0 11620.0 10820.0 11620.0 2820.0
0.0 12820.0 14020.0 0.0 12820.0 820.0 13220.0 12420.0 12420.0 12420.0 2420.0 12820.0 12820.0 11620.0 12420.0 12420.0 12020.0 12820.0 12420.0 12420.0 13620.0 12820.0 12420.0 2020.0 13220.0 12820.0 12820.0 12020.0 12020.0 12820.0 12020.0 12820.0 2420.0 12820.0 4020.0 12820.0 4020.0 2820.0 12820.0 2420.0 3220.0 2420.0 12420.0 12420.0 2420.0 3620.0 2820.0 13220.0 12820.0 12420.0 14420.0 11620.0 3220.0 12420.0 11620.0 11220.0 12820.0 820.0 13220.0 11620.0 13620.0 12820.0 12020.0 12420.0 13220.0 13220.0 13220.0 13620.0 2420.0 12420.0 13620.0 12420.0 2420.0 14020.0 11220.0 13620.0 2420.0 11620.0 11620.0 2820.0 13220.0
0.0 11620.0 12820.0 12820.0 0.0 13620.0 1620.0 12020.0 12020.0 13220.0 12420.0 13620.0 12420.0 11620.0 12420.0 820.0 12820.0 13620.0 12820.0 2820.0 12020.0 2020.0 2820.0 12020.0 12420.0 12820.0 3220.0 12020.0 12420.0 2420.0 12020.0 3220.0 12420.0 2420.0 12020.0 12820.0 13220.0 10820.0 11220.0 12420.0 13220.0 12820.0 12420.0 2820.0 12020.0 14020.0 12420.0 12420.0 12420.0 2420.0 3220.0 11620.0 10820.0 12020.0 11620.0 13220.0 1220.0 12820.0 12420.0 12020.0 2420.0 12020.0 1620.0 1620.0 2820.0 12420.0 13220.0 12020.0 12420.0 12020.0 13620.0 12820.0 12420.0 13620.0 12420.0 3620.0 12820.0 2420.0 12020.0 12420.0 11220.0
0.0 12020.0 13620.0 2420.0 12020.0 0.0 12420.0 12020.0 11620.0 12420.0 2020.0 12420.0 12420.0 10820.0 12020.0 11620.0 12820.0 12820.0 12820.0 12420.0 13620.0 12420.0 11620.0 1220.0 12420.0 12420.0 12020.0 12420.0 11220.0 12020.0 11220.0 12420.0 2820.0 12420.0 3220.0 12820.0 3620.0 2420.0 12020.0 1620.0 2820.0 1620.0 12420.0 12420.0 1620.0 3620.0 2020.0 12420.0 12020.0 11620.0 13620.0 12020.0 2820.0 11620.0 11220.0 10820.0 12020.0 2420.0 12420.0 11620.0 12820.0 12820.0 12020.0 12020.0 12420.0 12420.0 12820.0 12820.0 1620.0 11620.0 12820.0 12820.0 3220.0 13620.0 10420.0 12820.0 2820.0 11620.0 11620.0 2020.0 12820.0
0.0 12020.0 12820.0 13620.0 2420.0 12420.0 0.0 12420.0 12420.0 13220.0 11220.0 13620.0 12820.0 12420.0 12020.0 2420.0 12020.0 13620.0 12420.0 2820.0 12820.0 2420.0 2420.0 12420.0 12820.0 13220.0 3220.0 12020.0 12020.0 2420.0 13220.0 2820.0 12420.0 2820.0 12820.0 12420.0 13220.0 12820.0 11620.0 10820.0 12020.0 13220.0 12420.0 2020.0 12820.0 12820.0 11220.0 12820.0 13220.0 820.0 3620.0 11220.0 12820.0 10820.0 12820.0 12820.0 2020.0 12820.0 14020.0 12420.0 2820.0 12420.0 2020.0 2020.0 3220.0 12820.0 12420.0 12020.0 11220.0 12420.0 13620.0 12420.0 12420.0 13220.0 11220.0 2020.0 12420.0 2820.0 11620.0 13620.0 12420.0
0.0 1620.0 12820.0 13620.0 12020.0 12020.0 10820.0 0.0 12820.0 1620.0 11620.0 3620.0 3220.0 12420.0 2420.0 12020.0 2820.0 13220.0 12420.0 13220.0 13220.0 12020.0 12820.0 12420.0 3220.0 11220.0 12420.0 12420.0 12420.0 12820.0 11620.0 12820.0 12820.0 12820.0 13220.0 12420.0 13620.0 12420.0 2420.0 11620.0 12420.0 13620.0 2420.0 12420.0 12820.0 12820.0 11620.0 10820.0 2420.0 11620.0 14020.0 2020.0 12820.0 11620.0 2420.0 12820.0 12420.0 12820.0 4420.0 10820.0 13220.0 2420.0 11620.0 11620.0 12820.0 12420.0 3220.0 2820.0 12020.0 2020.0 14020.0 12820.0 12820.0 13620.0 1620.0 12420.0 12820.0 12820.0 2020.0 13220.0 12820.0
0.0 12820.0 3620.0 14020.0 12820.0 13620.0 12820.0 12420.0 0.0 13220.0 12420.0 13620.0 12420.0 3220.0 13220.0 13220.0 12820.0 4020.0 3220.0 13220.0 3620.0 12820.0 12020.0 12820.0 12820.0 3220.0 11620.0 2420.0 3620.0 12420.0 2820.0 12420.0 12820.0 13220.0 12420.0 2820.0 12020.0 12820.0 12020.0 13620.0 13220.0 13220.0 12820.0 12420.0 12820.0 13620.0 12420.0 2820.0 13620.0 13620.0 13620.0 11620.0 11220.0 2420.0 12820.0 2820.0 12020.0 12020.0 14420.0 2820.0 12820.0 12820.0 12420.0 12420.0 12820.0 2820.0 11620.0 13220.0 11620.0 13220.0 2820.0 2820.0 12420.0 3620.0 12420.0 14420.0 12820.0 12420.0 12020.0 12420.0 1220.0
0.0 2420.0 12420.0 12820.0 12820.0 13620.0 12020.0 2420.0 12420.0 0.0 13220.0 3620.0 2820.0 11220.0 2020.0 12820.0 2420.0 12820.0 10820.0 12820.0 13220.0 11620.0 11620.0 11620.0 2420.0 12820.0 12820.0 11620.0 11220.0 11220.0 13220.0 12420.0 12020.0 12020.0 12820.0 11220.0 12820.0 12820.0 1620.0 12820.0 12820.0 12420.0 820.0 12420.0 12020.0 14020.0 11220.0 12420.0 3620.0 12820.0 12820.0 1220.0 12820.0 12820.0 820.0 12820.0 11620.0 11620.0 3620.0 11620.0 12420.0 2820.0 11220.0 12020.0 12020.0 11620.0 3220.0 3220.0 12020.0 1620.0 13220.0 12420.0 12020.0 13220.0 3220.0 13220.0 12820.0 12020.0 1220.0 12020.0 12820.0
0.0 11620.0 12020.0 2820.0 12020.0 3620.0 12420.0 12420.0 12420.0 12820.0 0.0 13220.0 12020.0 11620.0 11220.0 12020.0 12020.0 13220.0 11620.0 12020.0 12420.0 11620.0 11620.0 1620.0 12020.0 12420.0 12420.0 11220.0 12020.0 12420.0 12420.0 12020.0 1620.0 12420.0 3220.0 11620.0 2820.0 2420.0 12420.0 2820.0 2420.0 2420.0 11620.0 11620.0 2020.0 2820.0 420.0 12820.0 12820.0 13220.0 13220.0 10420.0 2820.0 12820.0 12020.0 12020.0 10820.0 2020.0 13220.0 12420.0 12020.0 12420.0 12020.0 12820.0 12420.0 12420.0 12820.0 11220.0 2020.0 12020.0 12820.0 12020.0 1620.0 13220.0 12420.0 13620.0 2020.0 12020.0 10820.0 2820.0 12820.0
0.0 2820.0 12020.0 12820.0 13220.0 13220.0 12420.0 2820.0 12420.0 2820.0 12420.0 0.0 3620.0 11220.0 420.0 12420.0 2420.0 12420.0 11220.0 13220.0 13220.0 12420.0 12820.0 11620.0 1220.0 12420.0 12820.0 12420.0 12420.0 12420.0 12420.0 12020.0 12820.0 11620.0 12420.0 11220.0 11620.0 12820.0 2020.0 12820.0 11620.0 12420.0 2820.0 12820.0 12020.0 13620.0 12820.0 12020.0 2820.0 12820.0 14420.0 2020.0 13220.0 12820.0 1620.0 12020.0 12020.0 12020.0 2820.0 12420.0 12820.0 2820.0 12020.0 12020.0 12420.0 12820.0 820.0 1620.0 12020.0 2020.0 12020.0 11220.0 12820.0 14020.0 1620.0 12820.0 12420.0 11220.0 2020.0 12020.0 13220.0
0.0 2820.0 14020.0 14020.0 12820.0 14820.0 13220.0 4420.0 14020.0 2420.0 14020.0 4820.0 0.0 13220.0 4020.0 13220.0 4420.0 14020.0 12820.0 14020.0 14420.0 13220.0 13620.0 12820.0 3620.0 14420.0 12820.0 13620.0 13620.0 12420.0 14420.0 12020.0 14420.0 14020.0 14420.0 13220.0 14420.0 13220.0 3620.0 12820.0 14820.0 14020.0 2820.0 12420.0 13220.0 12420.0 13220.0 14420.0 4820.0 14020.0 14820.0 3220.0 13620.0 14020.0 3220.0 13220.0 13620.0 13620.0 4420.0 14020.0 13620.0 4420.0 12820.0 14020.0 12420.0 12820.0 4820.0 4020.0 13220.0 3220.0 15220.0 14020.0 14020.0 14020.0 4420.0 13620.0 14420.0 13620.0 2820.0 14020.0 13620.0
0.0 11620.0 2820.0 12020.0 12020.0 12420.0 12420.0 12020.0 1620.0 12820.0 12420.0 12820.0 12820.0 0.0 11220.0 12020.0 13220.0 2420.0 2420.0 12420.0 3220.0 12420.0 12020.0 10820.0 12020.0 3220.0 11620.0 2020.0 2420.0 11220.0 3220.0 12020.0 12420.0 12820.0 12420.0 2420.0 12820.0 12420.0 11620.0 13220.0 12020.0 11620.0 12020.0 12020.0 10820.0 13220.0 12820.0 2820.0 13620.0 13220.0 13220.0 12020.0 12420.0 2820.0 10420.0 2820.0 11620.0 12420.0 12420.0 2420.0 12820.0 12420.0 11220.0 11220.0 12420.0 1620.0 12820.0 12820.0 11220.0 11220.0 2420.0 2020.0 12820.0 3220.0 12420.0 14020.0 12420.0 11220.0 12020.0 11220.0 2820.0
0.0 2820.0 11620.0 12820.0 12820.0 13220.0 12420.0 2820.0 12420.0 3220.0 12420.0 3220.0 3620.0 11220.0 0.0 12820.0 2020.0 12420.0 11220.0 13220.0 12820.0 12420.0 12820.0 11620.0 820.0 12420.0 12820.0 12820.0 12420.0 12420.0 13220.0 12820.0 13220.0 13620.0 12420.0 11220.0 12420.0 12820.0 2020.0 13220.0 11620.0 12420.0 2820.0 12820.0 12020.0 13220.0 12420.0 12820.0 2420.0 13220.0 14020.0 2820.0 12820.0 12420.0 1220.0 12420.0 12020.0 11620.0 2820.0 12820.0 12820.0 2820.0 12020.0 12020.0 12020.0 12820.0 2020.0 1620.0 12020.0 2020.0 12820.0 11220.0 12820.0 14020.0 3220.0 12820.0 12420.0 11220.0 2420.0 12020.0 13220.0
0.0 10820.0 12020.0 12820.0 3620.0 13220.0 2420.0 12020.0 13220.0 12820.0 12020.0 13220.0 12020.0 12820.0 12020.0 0.0 12420.0 13620.0 12020.0 2820.0 13220.0 1220.0 2420.0 12420.0 12820.0 12420.0 3220.0 12020.0 12020.0 2020.0 11220.0 2820.0 12020.0 2020.0 13620.0 12820.0 12820.0 11620.0 12420.0 11620.0 12820.0 12820.0 12020.0 2420.0 12420.0 13620.0 12020.0 12020.0 12020.0 1620.0 2820.0 11220.0 13620.0 11620.0 12020.0 12820.0 420.0 12020.0 14020.0 12020.0 3220.0 12820.0 2020.0 2020.0 3220.0 11620.0 13220.0 12820.0 12020.0 12420.0 13220.0 12820.0 12020.0 13220.0 12820.0 2820.0 12820.0 2820.0 11620.0 12020.0 13220.0
0.0 3220.0 13220.0 13620.0 12020.0 12820.0 12020.0 2420.0 12020.0 2020.0 12820.0 3620.0 3620.0 12420.0 1620.0 12820.0 0.0 12020.0 10820.0 11620.0 12020.0 12420.0 12420.0 12420.0 2420.0 13220.0 13220.0 12820.0 12820.0 12420.0 13220.0 11620.0 13220.0 12020.0 12820.0 12420.0 12420.0 12820.0 1620.0 12820.0 12020.0 11620.0 2420.0 11220.0 12020.0 14020.0 12820.0 12820.0 2420.0 12820.0 13620.0 2820.0 12020.0 12420.0 820.0 13220.0 12420.0 11620.0 2820.0 12020.0 12820.0 2420.0 10420.0 11620.0 11620.0 12420.0 2820.0 2420.0 12820.0 820.0 13620.0 12020.0 10820.0 12820.0 2820.0 13220.0 10420.0 11620.0 2420.0 11620.0 11620.0
0.0 11620.0 3220.0 13220.0 12420.0 10820.0 12420.0 12420.0 2420.0 12420.0 12820.0 13220.0 13220.0 1620.0 12020.0 12020.0 12020.0 0.0 2420.0 13220.0 2420.0 12820.0 12420.0 12020.0 12420.0 3220.0 12820.0 2820.0 2020.0 12820.0 2020.0 12020.0 13220.0 12420.0 13220.0 2820.0 14020.0 12020.0 12820.0 12420.0 12820.0 12020.0 12820.0 11620.0 12020.0 14020.0 12820.0 2820.0 12820.0 12420.0 12020.0 12020.0 12820.0 820.0 10820.0 1620.0 12420.0 12820.0 12820.0 2020.0 12420.0 12020.0 11620.0 11620.0 12420.0 2820.0 13220.0 12420.0 12420.0 10820.0 3620.0 2820.0 11220.0 3220.0 11220.0 13620.0 10820.0 12020.0 12420.0 12020.0 2020.0
0.0 13220.0 3620.0 13620.0 13220.0 13620.0 12020.0 11620.0 1620.0 12820.0 12820.0 14020.0 14020.0 2020.0 12820.0 13220.0 12020.0 2820.0 0.0 12820.0 3620.0 13220.0 13220.0 12020.0 13220.0 2420.0 12820.0 3620.0 2820.0 12820.0 3220.0 12420.0 12820.0 12420.0 12020.0 1620.0 13620.0 12020.0 11220.0 12420.0 13620.0 12820.0 12420.0 12820.0 12420.0 13620.0 12820.0 2020.0 13220.0 12420.0 14420.0 12820.0 12420.0 2420.0 12020.0 2420.0 13220.0 10820.0 13220.0 2020.0 12020.0 12020.0 12020.0 12820.0 13220.0 3220.0 12820.0 12820.0 12420.0 11620.0 3220.0 3620.0 12420.0 4420.0 12820.0 12420.0 12020.0 12820.0 11620.0 12820.0 2820.0
0.0 12020.0 13220.0 13220.0 2820.0 12420.0 2020.0 11220.0 11220.0 12420.0 11620.0 13620.0 13620.0 12820.0 12420.0 2820.0 12420.0 13220.0 12420.0 0.0 13220.0 2820.0 3220.0 12020.0 12820.0 12020.0 2420.0 12420.0 13220.0 1620.0 12820.0 2020.0 12820.0 2420.0 11620.0 12820.0 13220.0 11620.0 10820.0 11620.0 12820.0 12820.0 12820.0 2420.0 12020.0 13620.0 12020.0 11620.0 13620.0 1620.0 4420.0 12020.0 12020.0 11220.0 12820.0 12820.0 2420.0 11620.0 14020.0 11620.0 2020.0 11620.0 2420.0 2420.0 2820.0 12020.0 12420.0 12420.0 12420.0 12420.0 12820.0 13220.0 12420.0 13620.0 12820.0 2420.0 12820.0 3220.0 12020.0 13620.0 12420.0
0.0 12820.0 3620.0 13220.0 12420.0 13220.0 12020.0 11220.0 1620.0 11220.0 12020.0 13620.0 13620.0 2420.0 12020.0 12420.0 13220.0 3220.0 2020.0 13620.0 0.0 12420.0 12420.0 12820.0 12820.0 2420.0 12420.0 2820.0 2420.0 12420.0 2820.0 12420.0 13220.0 12420.0 11620.0 2420.0 12820.0 11620.0 10820.0 12020.0 12820.0 13220.0 12020.0 12420.0 12820.0 12420.0 12020.0 2020.0 10820.0 12020.0 14020.0 12020.0 12020.0 2020.0 12020.0 3620.0 12420.0 12420.0 14020.0 1620.0 12020.0 11620.0 12020.0 12420.0 13220.0 2820.0 12420.0 12420.0 12820.0 11620.0 3220.0 3220.0 12420.0 4020.0 11220.0 12820.0 13220.0 12820.0 12420.0 12820.0 820.0
0.0 13220.0 13620.0 14420.0 3620.0 14420.0 4020.0 13620.0 13620.0 12820.0 14420.0 12020.0 13620.0 13220.0 12020.0 3620.0 13620.0 13620.0 13220.0 3620.0 14020.0 0.0 3220.0 13220.0 12820.0 14020.0 4020.0 12820.0 13620.0 4020.0 13620.0 3620.0 13220.0 3620.0 14420.0 13220.0 13620.0 13220.0 14020.0 14420.0 13220.0 14020.0 13220.0 3620.0 13620.0 15220.0 12020.0 14020.0 12020.0 4420.0 5220.0 12020.0 14020.0 13620.0 13220.0 14020.0 2820.0 13620.0 13620.0 13220.0 3620.0 13220.0 3620.0 3620.0 3620.0 14020.0 12820.0 13620.0 13620.0 13620.0 14020.0 13220.0 13220.0 12420.0 12820.0 3620.0 14020.0 3220.0 12420.0 13620.0 14020.0
0.0 12820.0 14020.0 14020.0 2020.0 13620.0 3220.0 12820.0 13220.0 13620.0 12820.0 13220.0 14020.0 13220.0 13220.0 2820.0 12020.0 12820.0 12820.0 3220.0 13620.0 2820.0 0.0 13620.0 13620.0 13620.0 3620.0 13620.0 12820.0 3620.0 13220.0 3220.0 12820.0 3620.0 13620.0 13220.0 13220.0 12420.0 12820.0 12820.0 12020.0 13220.0 12420.0 2820.0 13620.0 12820.0 12820.0 13220.0 14020.0 3620.0 4820.0 13220.0 12820.0 13220.0 12420.0 14020.0 2420.0 10820.0 13220.0 13220.0 2820.0 13220.0 2420.0 3220.0 3620.0 12020.0 12420.0 14020.0 12420.0 12420.0 13220.0 11620.0 12420.0 14420.0 13620.0 3620.0 12020.0 1620.0 11620.0 13220.0 12820.0
0.0 12020.0 13220.0 1620.0 11620.0 2020.0 12020.0 11620.0 11220.0 12420.0 2820.0 13620.0 12420.0 12020.0 12420.0 12020.0 12820.0 12020.0 12420.0 12020.0 12820.0 12020.0 12020.0 0.0 12820.0 12420.0 12420.0 11620.0 12020.0 10820.0 12820.0 11620.0 2020.0 12420.0 2020.0 12420.0 2420.0 2020.0 11220.0 2820.0 2020.0 1220.0 11620.0 11620.0 420.0 2820.0 3220.0 12020.0 13220.0 12820.0 12820.0 12420.0 2020.0 12020.0 11620.0 12420.0 11220.0 2020.0 12020.0 12020.0 12020.0 12020.0 12420.0 12420.0 12020.0 11220.0 12420.0 12820.0 820.0 10820.0 13220.0 11620.0 2420.0 13220.0 12020.0 13620.0 2020.0 11620.0 12020.0 2420.0 12420.0
0.0 2020.0 11220.0 12020.0 12420.0 12820.0 11620.0 2020.0 11620.0 2420.0 12420.0 3220.0 3220.0 10420.0 1620.0 12420.0 2420.0 12420.0 10420.0 12420.0 12420.0 12020.0 12420.0 10820.0 0.0 12020.0 12020.0 12020.0 12820.0 11620.0 13220.0 12420.0 12420.0 12820.0 12420.0 10420.0 13220.0 12020.0 1220.0 12420.0 12420.0 12020.0 2420.0 12020.0 11220.0 13220.0 12820.0 12020.0 2020.0 12420.0 13620.0 2420.0 12420.0 12420.0 820.0 11620.0 12020.0 11220.0 2020.0 12020.0 12020.0 2020.0 11620.0 11620.0 11620.0 12020.0 3220.0 820.0 11620.0 1620.0 12420.0 12420.0 12020.0 13220.0 2420.0 12820.0 12020.0 11620.0 1620.0 11620.0 12420.0
0.0 13620.0 3620.0 12820.0 12820.0 13620.0 13220.0 13220.0 2820.0 12420.0 12420.0 14420.0 13620.0 3220.0 12420.0 13220.0 14020.0 3620.0 2420.0 13220.0 4420.0 13220.0 12420.0 11620.0 12820.0 0.0 12420.0 2820.0 2020.0 12420.0 3620.0 13220.0 12020.0 12020.0 13620.0 3220.0 14020.0 11620.0 12420.0 10820.0 13220.0 12420.0 12820.0 12420.0 12020.0 14020.0 12420.0 2820.0 14020.0 14020.0 14420.0 12420.0 12420.0 3220.0 13220.0 3220.0 12820.0 12820.0 13620.0 1620.0 13220.0 11620.0 12420.0 12020.0 13620.0 2820.0 14020.0 13620.0 12020.0 12020.0 4420.0 3220.0 13620.0 4420.0 13620.0 12020.0 13220.0 13220.0 12020.0 14020.0 2420.0
0.0 13620.0 14020.0 14420.0 2820.0 14020.0 2420.0 13620.0 12420.0 12420.0 13220.0 13620.0 14420.0 13620.0 12820.0 3220.0 12820.0 13620.0 13220.0 3620.0 12420.0 2420.0 2820.0 13220.0 13220.0 13620.0 0.0 13220.0 13220.0 2820.0 14020.0 2020.0 13620.0 2820.0 14020.0 13220.0 14020.0 13220.0 12820.0 13220.0 13620.0 12020.0 13220.0 1620.0 12020.0 14420.0 13220.0 13220.0 12820.0 3220.0 4020.0 13620.0 13220.0 13220.0 12020.0 14420.0 3220.0 13220.0 13220.0 13220.0 4020.0 13620.0 2020.0 2820.0 2420.0 13220.0 13620.0 14020.0 13220.0 12420.0 14420.0 13220.0 11220.0 13220.0 12820.0 4420.0 12020.0 2020.0 13220.0 12820.0 12820.0
0.0 12420.0 2420.0 13220.0 13620.0 14020.0 12820.0 12420.0 2820.0 12820.0 12420.0 13620.0 11220.0 1620.0 12820.0 12820.0 13220.0 3620.0 1620.0 12020.0 3620.0 12020.0 12420.0 12020.0 11620.0 1620.0 13220.0 0.0 2420.0 12820.0 3220.0 12820.0 10820.0 12820.0 13620.0 1620.0 14020.0 12420.0 12420.0 12020.0 13220.0 13220.0 11620.0 13220.0 12420.0 13620.0 12820.0 2820.0 13220.0 12820.0 14020.0 12420.0 12020.0 2820.0 12020.0 2820.0 11620.0 12420.0 13220.0 2820.0 13220.0 12420.0 11620.0 12820.0 12820.0 3220.0 13220.0 12020.0 12420.0 12020.0 2020.0 2820.0 13220.0 4020.0 13620.0 13220.0 12820.0 12820.0 10820.0 12820.0 2020.0
0.0 13220.0 3620.0 14020.0 12020.0 13620.0 12820.0 12820.0 2820.0 11620.0 13220.0 13220.0 14020.0 2420.0 12420.0 12420.0 12420.0 3220.0 2020.0 13220.0 3220.0 12820.0 10820.0 12820.0 13220.0 2820.0 13220.0 2820.0 0.0 12420.0 2420.0 12420.0 13220.0 12820.0 14020.0 2420.0 13620.0 12020.0 12820.0 13220.0 12420.0 12820.0 12020.0 12020.0 12420.0 13220.0 12020.0 3220.0 13220.0 13620.0 14020.0 12420.0 12420.0 3220.0 11620.0 4020.0 12420.0 11220.0 13620.0 420.0 13220.0 12020.0 11220.0 11220.0 12420.0 2420.0 12820.0 13620.0 12820.0 12020.0 4020.0 2020.0 12020.0 2420.0 13620.0 14020.0 11620.0 12020.0 12020.0 12420.0 2820.0
0.0 12420.0 13620.0 11620.0 2020.0 12420.0 2420.0 12020.0 11620.0 12820.0 13220.0 13220.0 12820.0 11220.0 12420.0 2820.0 13220.0 12020.0 12420.0 2420.0 12020.0 1220.0 2020.0 10420.0 12820.0 12020.0 2820.0 12020.0 12420.0 0.0 13220.0 2020.0 12020.0 2420.0 12420.0 12820.0 12020.0 12420.0 11220.0 12820.0 12420.0 11620.0 12020.0 2020.0 10820.0 12820.0 13220.0 12420.0 12420.0 3220.0 3220.0 12020.0 12420.0 12420.0 11620.0 12820.0 1620.0 12020.0 12420.0 12420.0 2820.0 12020.0 2420.0 2420.0 2420.0 10420.0 12820.0 12420.0 11220.0 11220.0 13620.0 12020.0 12420.0 13220.0 12420.0 3220.0 12020.0 2020.0 12420.0 12420.0 11620.0
0.0 12420.0 3220.0 13620.0 12420.0 12820.0 11220.0 10820.0 2820.0 11620.0 12020.0 12020.0 13620.0 2820.0 12420.0 12820.0 13220.0 4020.0 2420.0 13620.0 4020.0 12420.0 12820.0 12820.0 12820.0 1620.0 12020.0 3220.0 2420.0 12820.0 0.0 13620.0 13220.0 12820.0 13620.0 2420.0 13620.0 12020.0 12820.0 12020.0 13220.0 14020.0 12020.0 12820.0 13220.0 13620.0 12420.0 1220.0 10820.0 12020.0 14420.0 12420.0 13220.0 2020.0 12420.0 3220.0 12820.0 12820.0 14820.0 1220.0 13620.0 12020.0 12020.0 12020.0 13220.0 3220.0 12820.0 13220.0 12420.0 12420.0 4020.0 3220.0 13220.0 4420.0 11620.0 12020.0 13620.0 12820.0 12420.0 12820.0 3620.0
0.0 13220.0 12820.0 13620.0 2820.0 13620.0 2420.0 13620.0 13220.0 12820.0 12420.0 14420.0 13620.0 12020.0 13220.0 3620.0 13220.0 14020.0 12020.0 4020.0 14020.0 3220.0 4020.0 12420.0 12020.0 13220.0 3620.0 12820.0 13620.0 3220.0 12820.0 0.0 12820.0 3220.0 14020.0 12020.0 14420.0 12820.0 12820.0 12420.0 13220.0 13220.0 13220.0 1620.0 12820.0 14020.0 12420.0 12820.0 13620.0 2420.0 4020.0 12820.0 13220.0 12420.0 12420.0 13220.0 3220.0 12820.0 13620.0 12820.0 2820.0 12420.0 3220.0 3220.0 820.0 13620.0 14020.0 12420.0 12820.0 12820.0 14020.0 14020.0 13220.0 14820.0 13620.0 3620.0 13220.0 3220.0 12820.0 13220.0 13620.0
0.0 12020.0 12020.0 2820.0 13220.0 3620.0 12420.0 12020.0 12420.0 12820.0 2820.0 13620.0 12820.0 11220.0 12420.0 12420.0 12820.0 12820.0 11220.0 11620.0 13220.0 12020.0 12020.0 1620.0 10820.0 12820.0 12820.0 12820.0 12020.0 12420.0 12820.0 12420.0 0.0 12420.0 3220.0 11220.0 3620.0 2420.0 12020.0 2420.0 3220.0 2820.0 11220.0 12820.0 2020.0 3620.0 2820.0 12820.0 12420.0 12420.0 13620.0 12020.0 1620.0 12420.0 11620.0 12420.0 11220.0 2020.0 12820.0 12020.0 12820.0 12020.0 11220.0 12420.0 12020.0 12820.0 13620.0 11620.0 2420.0 11620.0 13220.0 12420.0 2820.0 14020.0 13220.0 13620.0 2420.0 12420.0 10420.0 2420.0 11620.0
0.0 12020.0 12020.0 12820.0 2020.0 13220.0 2420.0 12020.0 12020.0 11620.0 12420.0 13220.0 13620.0 11220.0 10420.0 2420.0 12020.0 12420.0 11220.0 2020.0 13220.0 2820.0 3220.0 11620.0 11220.0 11220.0 2820.0 12820.0 12820.0 2420.0 12020.0 2820.0 12820.0 0.0 12420.0 11220.0 12820.0 12420.0 11220.0 12020.0 11620.0 12820.0 12420.0 3220.0 12020.0 13220.0 12420.0 10820.0 12420.0 3220.0 4420.0 12020.0 12820.0 12420.0 11620.0 12420.0 2020.0 11220.0 12820.0 10820.0 2420.0 12020.0 1620.0 1620.0 2420.0 12420.0 12020.0 11620.0 12420.0 12020.0 13220.0 11220.0 12820.0 14020.0 13220.0 2820.0 12420.0 1220.0 11620.0 12020.0 12420.0
0.0 11220.0 12020.0 3220.0 13220.0 1620.0 12820.0 13220.0 12820.0 13220.0 3620.0 14020.0 13220.0 11620.0 12820.0 11620.0 12820.0 13220.0 11620.0 13220.0 12020.0 12420.0 12820.0 2020.0 11220.0 12820.0 13220.0 12420.0 12420.0 12820.0 12820.0 12820.0 2820.0 13620.0 0.0 11620.0 3620.0 3220.0 12420.0 3220.0 3620.0 3220.0 12820.0 12820.0 2420.0 4420.0 3620.0 12820.0 12820.0 13220.0 14020.0 11620.0 2420.0 10420.0 12020.0 12020.0 12020.0 2020.0 13220.0 12820.0 12020.0 13220.0 12820.0 12820.0 12420.0 12420.0 14020.0 12020.0 2820.0 12020.0 13620.0 13620.0 2820.0 12820.0 12020.0 14020.0 2820.0 12820.0 12020.0 2820.0 12420.0
0.0 11620.0 2820.0 12020.0 12020.0 12820.0 11620.0 12020.0 1620.0 12820.0 12420.0 13220.0 12820.0 420.0 11220.0 12020.0 12020.0 2420.0 420.0 12420.0 3220.0 12020.0 12420.0 10820.0 12020.0 2820.0 12020.0 2020.0 2820.0 11620.0 3220.0 12020.0 12420.0 12420.0 12020.0 0.0 13220.0 12020.0 11220.0 12020.0 12020.0 11620.0 12020.0 12020.0 10820.0 13220.0 12420.0 2420.0 13620.0 12020.0 13220.0 12020.0 12420.0 2420.0 10420.0 2820.0 11620.0 10820.0 12420.0 2020.0 12420.0 12020.0 11620.0 11220.0 12420.0 2020.0 12820.0 12820.0 11220.0 11220.0 2420.0 2020.0 12820.0 3220.0 12420.0 12820.0 12420.0 11620.0 11620.0 11220.0 2420.0
0.0 11620.0 12820.0 2820.0 12820.0 3620.0 12420.0 12420.0 12420.0 12820.0 2820.0 13620.0 12020.0 12420.0 12820.0 12020.0 12020.0 12820.0 12420.0 12020.0 12420.0 12820.0 11620.0 1620.0 12020.0 12420.0 13620.0 11220.0 12020.0 12420.0 12820.0 10420.0 1620.0 12820.0 3620.0 12020.0 0.0 2420.0 12420.0 2820.0 3220.0 2420.0 11620.0 11620.0 2020.0 3620.0 2820.0 12820.0 12820.0 12420.0 13220.0 10420.0 2820.0 12420.0 12020.0 12020.0 12420.0 2420.0 13220.0 12420.0 12820.0 12420.0 12020.0 12820.0 11220.0 12420.0 12420.0 12820.0 2020.0 11620.0 12820.0 12820.0 1620.0 13220.0 13220.0 13620.0 2020.0 12020.0 10820.0 2820.0 12820.0
0.0 13620.0 14020.0 5220.0 13220.0 4820.0 14020.0 13620.0 13620.0 13220.0 3220.0 15220.0 14420.0 13620.0 14020.0 13620.0 14420.0 14820.0 13620.0 12420.0 14820.0 14020.0 14020.0 4020.0 13220.0 14020.0 12820.0 13620.0 14020.0 13620.0 14420.0 12820.0 2420.0 14420.0 4020.0 13220.0 2820.0 0.0 12820.0 4020.0 4820.0 4420.0 13620.0 13620.0 3220.0 5220.0 3620.0 14020.0 13220.0 14020.0 15220.0 12820.0 3620.0 13620.0 13620.0 14420.0 13220.0 3620.0 14820.0 14020.0 14020.0 13620.0 13220.0 14420.0 13620.0 14020.0 14820.0 12820.0 4020.0 14020.0 14420.0 14420.0 3620.0 15220.0 14020.0 14820.0 3620.0 14420.0 12420.0 4420.0 13620.0
0.0 2420.0 12820.0 14420.0 12420.0 12820.0 11220.0 820.0 10820.0 2020.0 12020.0 3220.0 3220.0 12820.0 2020.0 12420.0 3620.0 12820.0 12020.0 13620.0 13220.0 12420.0 12420.0 13220.0 2420.0 11620.0 12020.0 12820.0 13220.0 12820.0 12420.0 12820.0 13220.0 12020.0 11220.0 12420.0 12820.0 11220.0 0.0 12020.0 13220.0 12820.0 2820.0 12020.0 12420.0 13620.0 12420.0 11220.0 3220.0 12020.0 14420.0 2420.0 11620.0 11220.0 2820.0 13220.0 12820.0 12420.0 3620.0 11220.0 11620.0 1220.0 12020.0 12020.0 13220.0 12820.0 2020.0 2020.0 12020.0 2420.0 12420.0 12820.0 12020.0 13620.0 2420.0 13220.0 12820.0 12820.0 2820.0 13220.0 12020.0
0.0 13220.0 14820.0 5220.0 14020.0 3620.0 14420.0 14820.0 14420.0 13620.0 4020.0 14420.0 14820.0 13620.0 13220.0 13620.0 13220.0 14820.0 13220.0 14820.0 14420.0 14020.0 12820.0 4020.0 14020.0 14420.0 15220.0 13620.0 12420.0 13620.0 14420.0 13620.0 4420.0 14020.0 4820.0 14020.0 4020.0 4020.0 14020.0 0.0 2820.0 4020.0 14020.0 13620.0 4020.0 5220.0 4020.0 14020.0 13220.0 14420.0 15220.0 13620.0 4420.0 12420.0 13620.0 14420.0 14020.0 3620.0 15220.0 12820.0 12420.0 14420.0 13220.0 13220.0 14420.0 14020.0 13220.0 14820.0 4420.0 14020.0 13620.0 14020.0 3220.0 14420.0 14020.0 11220.0 3620.0 14020.0 14020.0 4420.0 13620.0
0.0 12820.0 13620.0 4020.0 13620.0 1620.0 12820.0 13220.0 13220.0 12420.0 2020.0 13620.0 13220.0 12420.0 12820.0 13220.0 12820.0 13220.0 13220.0 12820.0 13620.0 13220.0 12820.0 2820.0 13220.0 13620.0 13620.0 12420.0 12820.0 13620.0 12820.0 11620.0 2820.0 13620.0 3620.0 13220.0 1620.0 3620.0 12420.0 2020.0 0.0 3220.0 12420.0 12820.0 2820.0 4020.0 2420.0 13620.0 13620.0 12020.0 14420.0 11620.0 3620.0 12020.0 12420.0 12020.0 12820.0 3620.0 13620.0 13220.0 13220.0 13220.0 12020.0 12820.0 12420.0 13220.0 10820.0 13220.0 3220.0 12420.0 12020.0 12020.0 2820.0 14020.0 12020.0 12020.0 3620.0 12020.0 11620.0 3620.0 13620.0
0.0 12020.0 12820.0 3620.0 10820.0 2820.0 12020.0 11620.0 10420.0 12820.0 2820.0 14020.0 12420.0 12020.0 12820.0 11220.0 13220.0 12020.0 12420.0 12820.0 12820.0 12420.0 12020.0 2420.0 12020.0 12420.0 11620.0 12420.0 12820.0 12420.0 12420.0 11620.0 2820.0 12820.0 2820.0 12020.0 2420.0 1220.0 11620.0 2420.0 3220.0 0.0 12820.0 12420.0 2420.0 2420.0 2820.0 12020.0 13220.0 12820.0 13620.0 12020.0 1220.0 12420.0 12020.0 12820.0 11620.0 2020.0 11220.0 12020.0 12820.0 12820.0 12020.0 12020.0 11220.0 12820.0 11620.0 12420.0 1620.0 10420.0 12420.0 12820.0 2820.0 13620.0 12820.0 13620.0 2420.0 12820.0 12020.0 2820.0 11220.0
0.0 2420.0 12820.0 14020.0 12420.0 13220.0 13220.0 3220.0 12020.0 2020.0 12420.0 3220.0 4020.0 12020.0 1220.0 12820.0 2820.0 12820.0 12020.0 13220.0 13620.0 13220.0 10820.0 12820.0 2020.0 12020.0 12820.0 13220.0 10820.0 12820.0 12820.0 12820.0 13220.0 11220.0 13220.0 12020.0 13220.0 12420.0 2420.0 12820.0 12020.0 12820.0 0.0 12820.0 12820.0 13620.0 12820.0 12020.0 3620.0 13220.0 12420.0 2820.0 12820.0 13220.0 420.0 13220.0 12820.0 11620.0 3620.0 11220.0 13220.0 2420.0 11220.0 11220.0 11620.0 12820.0 2820.0 2820.0 13220.0 2020.0 13620.0 12020.0 12420.0 12820.0 2820.0 13620.0 12020.0 11220.0 2420.0 11220.0 12820.0
0.0 12820.0 13620.0 14020.0 2020.0 13220.0 1220.0 13220.0 12020.0 11220.0 12020.0 13220.0 13620.0 12020.0 12820.0 2020.0 13220.0 13620.0 12020.0 3620.0 13620.0 1620.0 2820.0 12420.0 13620.0 13620.0 3220.0 12820.0 12420.0 2420.0 13220.0 3220.0 13220.0 2820.0 13620.0 12020.0 14020.0 12420.0 12420.0 12020.0 12820.0 12020.0 12020.0 0.0 12820.0 13620.0 12020.0 13620.0 12820.0 2020.0 2420.0 12020.0 12820.0 12020.0 12020.0 13620.0 2020.0 12420.0 12820.0 12820.0 3620.0 13620.0 2020.0 2820.0 2820.0 12820.0 13220.0 13220.0 12020.0 12020.0 14020.0 13220.0 13220.0 13620.0 12020.0 3220.0 13220.0 2820.0 12420.0 12420.0 12820.0
0.0 12420.0 13220.0 2420.0 12420.0 2820.0 12420.0 12020.0 12020.0 12820.0 2820.0 13220.0 12020.0 12020.0 12420.0 12820.0 12820.0 12020.0 12420.0 11620.0 12420.0 11620.0 12020.0 1220.0 12420.0 12420.0 13220.0 11220.0 12020.0 10820.0 13220.0 12420.0 1620.0 12420.0 2420.0 12420.0 2420.0 2420.0 11620.0 3220.0 2020.0 2020.0 11220.0 12020.0 0.0 3220.0 2820.0 12420.0 13220.0 13220.0 13220.0 12420.0 3220.0 12420.0 11620.0 13220.0 11620.0 2820.0 12820.0 12420.0 12420.0 12420.0 12420.0 12420.0 12420.0 11220.0 12420.0 12820.0 1220.0 11620.0 13220.0 11620.0 2420.0 13220.0 12420.0 13620.0 2020.0 11620.0 12020.0 2420.0 12020.0
0.0 12420.0 13220.0 3620.0 11220.0 3620.0 12420.0 12820.0 12820.0 12820.0 2420.0 12820.0 13220.0 11620.0 12020.0 11620.0 13220.0 13220.0 11620.0 13620.0 12820.0 12420.0 12820.0 2020.0 12420.0 12020.0 13220.0 12820.0 12420.0 12820.0 12420.0 12820.0 3620.0 12820.0 3220.0 11620.0 3620.0 1620.0 12020.0 420.0 2820.0 3220.0 13220.0 13220.0 2420.0 0.0 2820.0 12020.0 13220.0 13220.0 14020.0 12420.0 1620.0 12420.0 12020.0 14020.0 12020.0 2420.0 13220.0 12020.0 12420.0 12020.0 12420.0 12420.0 13220.0 13220.0 13220.0 12820.0 2820.0 12020.0 13620.0 12420.0 3220.0 11620.0 13220.0 11220.0 3620.0 11220.0 12020.0 2820.0 12020.0
0.0 11620.0 11620.0 2820.0 12020.0 3620.0 12420.0 12420.0 12020.0 12420.0 3220.0 13220.0 12020.0 12020.0 12420.0 12020.0 11620.0 13220.0 12020.0 12020.0 12420.0 11620.0 11620.0 1620.0 12020.0 12020.0 12820.0 10820.0 12020.0 12020.0 12420.0 12020.0 1220.0 12420.0 3220.0 12020.0 2820.0 2020.0 12020.0 2820.0 3220.0 2020.0 11620.0 11620.0 1620.0 3620.0 0.0 12820.0 12820.0 13220.0 13220.0 10420.0 2820.0 12820.0 11620.0 12020.0 10820.0 1620.0 12820.0 12420.0 11620.0 12020.0 11620.0 12420.0 12420.0 12420.0 13620.0 12820.0 2020.0 12020.0 12820.0 12820.0 1220.0 12820.0 13220.0 13220.0 2020.0 12020.0 10420.0 2420.0 12820.0
0.0 11220.0 2420.0 13220.0 11620.0 13220.0 12420.0 12020.0 3220.0 11220.0 12820.0 13220.0 13220.0 2020.0 12820.0 11620.0 12820.0 2820.0 2020.0 13220.0 3620.0 12420.0 12420.0 12020.0 13220.0 420.0 12820.0 2420.0 2420.0 12020.0 1220.0 12420.0 12420.0 12420.0 13620.0 2020.0 13220.0 12020.0 12420.0 11220.0 12820.0 12820.0 11620.0 12820.0 12020.0 12420.0 12020.0 0.0 12020.0 12820.0 14020.0 11620.0 12020.0 2820.0 12020.0 2820.0 12020.0 12420.0 14020.0 420.0 12820.0 12020.0 11220.0 10820.0 12420.0 2020.0 13220.0 13220.0 12420.0 11620.0 3620.0 2420.0 12420.0 4020.0 12820.0 12420.0 13220.0 12420.0 12020.0 12820.0 2420.0
0.0 2820.0 13220.0 13620.0 12420.0 14020.0 12820.0 3220.0 12020.0 820.0 13620.0 3620.0 3220.0 12020.0 1620.0 12020.0 3220.0 13620.0 11620.0 13220.0 13620.0 12020.0 12020.0 12420.0 2420.0 12820.0 12420.0 12420.0 11620.0 12020.0 13220.0 13220.0 12820.0 12020.0 13220.0 11620.0 13620.0 11220.0 2420.0 13620.0 12820.0 13220.0 1620.0 12020.0 12420.0 14020.0 11620.0 12420.0 0.0 13620.0 13620.0 1620.0 12820.0 13620.0 1620.0 13220.0 12020.0 12020.0 4020.0 11220.0 13220.0 1220.0 11620.0 12020.0 12820.0 12420.0 3220.0 3220.0 12820.0 2420.0 14020.0 12420.0 12820.0 14020.0 820.0 12820.0 13220.0 12020.0 2020.0 12420.0 12820.0
0.0 11220.0 12020.0 12820.0 2420.0 11620.0 1220.0 12820.0 12420.0 12820.0 10420.0 13220.0 12020.0 12020.0 11220.0 1620.0 11620.0 12820.0 12020.0 2420.0 12020.0 1620.0 1620.0 11620.0 12020.0 12420.0 2420.0 11220.0 12020.0 2420.0 12420.0 2020.0 11620.0 2820.0 12020.0 12020.0 12420.0 12020.0 12420.0 10420.0 11220.0 12420.0 11620.0 2020.0 12020.0 12020.0 10420.0 12820.0 12420.0 0.0 3620.0 10420.0 12020.0 10420.0 12020.0 12020.0 1220.0 12020.0 13220.0 12020.0 2020.0 12020.0 1220.0 1220.0 2420.0 12020.0 11620.0 11620.0 12020.0 11620.0 12820.0 12020.0 11620.0 12420.0 11620.0 1220.0 12020.0 2420.0 10820.0 12820.0 12020.0
0.0 12820.0 12820.0 14020.0 2420.0 13620.0 3620.0 13220.0 12020.0 12820.0 13220.0 13220.0 12020.0 12420.0 11220.0 3220.0 12420.0 12820.0 12420.0 3220.0 14020.0 3220.0 420.0 12820.0 12020.0 13620.0 3220.0 13620.0 13220.0 3220.0 12820.0 2820.0 13220.0 2820.0 13620.0 12020.0 12420.0 12020.0 12820.0 13220.0 12420.0 12020.0 12820.0 3220.0 12820.0 13220.0 12820.0 13220.0 13620.0 3620.0 0.0 12820.0 12820.0 13620.0 12420.0 12420.0 2820.0 11220.0 12820.0 12020.0 3220.0 12020.0 1220.0 1220.0 2420.0 12420.0 12020.0 12820.0 12820.0 11620.0 12820.0 12020.0 12820.0 14020.0 14020.0 4020.0 12420.0 2020.0 12020.0 11220.0 13220.0
0.0 3220.0 12820.0 12420.0 12420.0 13220.0 12420.0 2420.0 12020.0 2420.0 13220.0 3620.0 2020.0 12020.0 2420.0 13220.0 1620.0 13220.0 12020.0 12020.0 12020.0 12420.0 11620.0 11220.0 2020.0 12020.0 13220.0 10820.0 12020.0 12020.0 13620.0 11620.0 11220.0 12420.0 13220.0 12020.0 13620.0 12420.0 2420.0 12820.0 12820.0 12020.0 1620.0 11620.0 11620.0 13620.0 13220.0 12820.0 2820.0 12820.0 13620.0 0.0 12420.0 12820.0 1620.0 12020.0 12020.0 12020.0 3220.0 12020.0 12820.0 2020.0 11620.0 12420.0 12420.0 12420.0 3620.0 2820.0 12020.0 2020.0 12820.0 12820.0 11220.0 12820.0 3220.0 13220.0 12020.0 12020.0 420.0 12420.0 12820.0
0.0 12420.0 12820.0 3220.0 12020.0 2820.0 12820.0 12420.0 12020.0 12820.0 1620.0 13620.0 11620.0 12020.0 12420.0 12420.0 12020.0 13620.0 12020.0 12420.0 12820.0 12820.0 12020.0 2020.0 12020.0 12820.0 13220.0 11620.0 12420.0 12020.0 12020.0 12420.0 2020.0 12420.0 2020.0 12020.0 3620.0 2420.0 12820.0 3620.0 3220.0 2820.0 12020.0 12020.0 2020.0 4020.0 2020.0 12820.0 12820.0 13620.0 14020.0 10820.0 0.0 11620.0 12020.0 12420.0 12420.0 2820.0 13620.0 12820.0 13220.0 12820.0 12420.0 12420.0 12820.0 12420.0 13220.0 12420.0 2420.0 12420.0 13220.0 12420.0 2020.0 12820.0 13220.0 14020.0 2420.0 11620.0 11220.0 2420.0 10420.0
0.0 11220.0 2420.0 13620.0 13620.0 11620.0 13620.0 13220.0 3220.0 13220.0 13220.0 13620.0 13220.0 2420.0 12820.0 11620.0 12820.0 3220.0 2420.0 13220.0 2020.0 12420.0 12420.0 12420.0 13220.0 3620.0 13220.0 2420.0 2420.0 13220.0 2820.0 12820.0 12420.0 13220.0 13620.0 3620.0 13220.0 12820.0 12420.0 13220.0 14020.0 12820.0 12820.0 12820.0 12820.0 14020.0 13220.0 3620.0 12420.0 13220.0 14020.0 11620.0 12020.0 0.0 12420.0 2020.0 12020.0 12420.0 14020.0 2820.0 12020.0 13620.0 12820.0 13220.0 13220.0 2020.0 14020.0 14020.0 12420.0 12020.0 4020.0 3620.0 12420.0 2420.0 11620.0 14420.0 13220.0 13220.0 12020.0 13220.0 2420.0
0.0 3620.0 12420.0 13620.0 13220.0 13220.0 13220.0 3620.0 12820.0 3220.0 12420.0 2820.0 4020.0 12020.0 1220.0 14020.0 3220.0 12420.0 12020.0 14020.0 13620.0 13220.0 12820.0 12420.0 2020.0 13620.0 13220.0 13220.0 12420.0 13220.0 13220.0 12820.0 13620.0 12820.0 13220.0 12020.0 13220.0 12020.0 2820.0 12820.0 12020.0 12820.0 3220.0 12820.0 12820.0 13620.0 12420.0 13220.0 3620.0 12820.0 14420.0 2820.0 12420.0 12820.0 0.0 13220.0 12820.0 12420.0 3620.0 12020.0 13620.0 2020.0 11220.0 11220.0 12420.0 13620.0 2420.0 2420.0 12820.0 1620.0 13620.0 12020.0 13220.0 14020.0 3620.0 13620.0 13220.0 11220.0 2820.0 11220.0 12820.0
0.0 13620.0 3620.0 14420.0 13220.0 14020.0 14020.0 13620.0 3620.0 12820.0 14020.0 12020.0 14820.0 2820.0 12020.0 13620.0 13620.0 3620.0 3220.0 13620.0 4420.0 14020.0 12020.0 13220.0 12420.0 2020.0 13620.0 4020.0 1620.0 13620.0 3620.0 12420.0 13620.0 12020.0 14020.0 2820.0 12820.0 13220.0 12820.0 12820.0 13220.0 14020.0 13220.0 13620.0 13620.0 14020.0 13620.0 2420.0 14020.0 14420.0 15220.0 13220.0 13620.0 4020.0 12820.0 0.0 13620.0 12420.0 14420.0 2020.0 14020.0 13220.0 12420.0 12420.0 12820.0 3620.0 12020.0 13220.0 14020.0 13220.0 3620.0 2820.0 13220.0 3620.0 13220.0 13620.0 12820.0 12820.0 13220.0 13620.0 4020.0
0.0 10820.0 12020.0 13620.0 3620.0 14020.0 2820.0 12420.0 13220.0 13220.0 12820.0 12820.0 12820.0 13220.0 12820.0 1220.0 12420.0 14020.0 12020.0 2820.0 13220.0 820.0 2420.0 12420.0 13220.0 13220.0 3620.0 12020.0 12020.0 3220.0 11620.0 2820.0 12420.0 2820.0 13620.0 13220.0 13220.0 12820.0 12820.0 12820.0 13620.0 13220.0 11620.0 2420.0 12420.0 14420.0 12820.0 12820.0 12420.0 2820.0 3620.0 11220.0 13620.0 12820.0 12020.0 12820.0 0.0 12420.0 14020.0 12420.0 4020.0 13220.0 2820.0 2820.0 3220.0 12020.0 13620.0 13620.0 12420.0 12820.0 13620.0 13620.0 12420.0 12820.0 13220.0 3620.0 12820.0 2820.0 11620.0 12820.0 13220.0
0.0 13220.0 14020.0 4020.0 12820.0 3220.0 13220.0 12820.0 12420.0 13220.0 3620.0 14420.0 14020.0 12420.0 12820.0 13620.0 11220.0 12420.0 12020.0 12020.0 13220.0 13220.0 12420.0 2820.0 12820.0 13620.0 13620.0 13220.0 12420.0 12820.0 14020.0 12420.0 2420.0 12820.0 3620.0 12420.0 3620.0 2820.0 12420.0 3620.0 3620.0 2420.0 12020.0 12420.0 3220.0 4020.0 4020.0 13220.0 13620.0 13620.0 14020.0 13220.0 2420.0 12820.0 12020.0 13620.0 12420.0 0.0 13220.0 12820.0 13620.0 12420.0 11620.0 12820.0 12820.0 13220.0 13620.0 13620.0 2020.0 12020.0 14820.0 12820.0 2020.0 13620.0 12820.0 14420.0 1620.0 12820.0 10820.0 2820.0 12420.0
0.0 3220.0 12820.0 13220.0 12420.0 13220.0 13220.0 3220.0 12420.0 3620.0 12020.0 4020.0 1620.0 12820.0 2820.0 13220.0 2820.0 14020.0 12820.0 12820.0 13220.0 13220.0 12420.0 12420.0 2420.0 13220.0 11220.0 12020.0 12820.0 12420.0 12420.0 12820.0 12420.0 12820.0 12420.0 12420.0 14020.0 12820.0 3220.0 14020.0 13620.0 12820.0 2420.0 12420.0 12420.0 14020.0 12420.0 13220.0 3620.0 14020.0 14820.0 1220.0 10820.0 12020.0 2820.0 12820.0 12820.0 12820.0 0.0 13220.0 13620.0 3220.0 12820.0 13220.0 13220.0 12820.0 3620.0 3220.0 12820.0 2820.0 13620.0 13220.0 12020.0 13220.0 3620.0 14420.0 12820.0 12420.0 1620.0 12820.0 10820.0
0.0 12820.0 3220.0 13620.0 11620.0 13220.0 12820.0 13220.0 3220.0 11220.0 13220.0 12820.0 13620.0 2020.0 12420.0 12020.0 13220.0 2820.0 1620.0 13620.0 3620.0 12420.0 12420.0 12420.0 13220.0 3220.0 12820.0 2420.0 2420.0 12020.0 2820.0 12420.0 12820.0 12420.0 13620.0 2020.0 13220.0 12020.0 12420.0 13220.0 12820.0 13220.0 11620.0 12820.0 12420.0 13220.0 12020.0 3220.0 13620.0 13220.0 13620.0 12020.0 12020.0 2820.0 11620.0 3620.0 12420.0 12420.0 13620.0 0.0 13220.0 12020.0 10820.0 10820.0 12020.0 2020.0 13220.0 13220.0 12420.0 11620.0 3620.0 2420.0 12820.0 4420.0 13220.0 14020.0 13220.0 12420.0 12020.0 12420.0 2420.0
0.0 12020.0 13220.0 13620.0 2420.0 12020.0 2020.0 12820.0 12020.0 12020.0 12820.0 12020.0 12820.0 12420.0 12020.0 1220.0 12820.0 13220.0 12820.0 3220.0 12020.0 2420.0 2420.0 12820.0 12820.0 13220.0 3220.0 12820.0 12820.0 2420.0 12020.0 1620.0 12020.0 2020.0 13620.0 12820.0 13620.0 12420.0 12420.0 12820.0 13220.0 11620.0 12820.0 1220.0 12020.0 14020.0 12820.0 12820.0 12020.0 2820.0 3620.0 12020.0 12820.0 12820.0 12820.0 12420.0 1620.0 12820.0 12820.0 12820.0 0.0 13220.0 2820.0 3220.0 2020.0 12820.0 12820.0 13620.0 12820.0 12020.0 14020.0 12820.0 10820.0 12420.0 12420.0 4020.0 13220.0 1620.0 12020.0 12820.0 12820.0
0.0 2420.0 12420.0 13620.0 11620.0 13220.0 12020.0 2420.0 12420.0 1220.0 12820.0 3220.0 3620.0 12020.0 1220.0 12020.0 2820.0 12820.0 10820.0 12420.0 13620.0 12420.0 12420.0 12420.0 1620.0 12020.0 11220.0 12420.0 12420.0 12020.0 12420.0 12420.0 12420.0 10820.0 12820.0 12020.0 12820.0 10420.0 1620.0 12420.0 12420.0 12820.0 1620.0 11220.0 11620.0 13220.0 12020.0 11620.0 3220.0 12820.0 13620.0 2020.0 12020.0 12820.0 2020.0 13220.0 12420.0 11620.0 3620.0 10420.0 12820.0 0.0 11220.0 10820.0 12420.0 12020.0 2820.0 2420.0 12420.0 1620.0 13620.0 12020.0 12420.0 14020.0 3220.0 13220.0 12820.0 12020.0 2420.0 12820.0 12420.0
0.0 13220.0 13220.0 13620.0 4020.0 12820.0 3620.0 13620.0 13620.0 13620.0 12820.0 13620.0 13220.0 12420.0 13220.0 3620.0 13620.0 12020.0 12420.0 4020.0 13620.0 3220.0 2820.0 12420.0 12420.0 13620.0 4020.0 13220.0 12420.0 2020.0 14020.0 1620.0 13220.0 3220.0 13620.0 12020.0 13220.0 13220.0 13220.0 12820.0 12020.0 13220.0 12020.0 3220.0 12820.0 14020.0 13220.0 13620.0 14020.0 3620.0 4020.0 12820.0 12020.0 12420.0 12020.0 13220.0 2420.0 12820.0 13220.0 12820.0 3220.0 13220.0 0.0 3220.0 1620.0 12420.0 12420.0 13220.0 12820.0 10820.0 13620.0 11620.0 12820.0 13620.0 12820.0 4020.0 12420.0 1620.0 12820.0 12820.0 12020.0
0.0 13220.0 13220.0 13620.0 2420.0 12820.0 3220.0 12820.0 13620.0 12020.0 12820.0 12420.0 13620.0 12420.0 12020.0 3220.0 13620.0 12020.0 12020.0 3620.0 14020.0 2420.0 2820.0 12420.0 12420.0 12820.0 2420.0 13220.0 12820.0 2420.0 12020.0 2020.0 13220.0 2020.0 13620.0 12420.0 13220.0 11220.0 12820.0 12420.0 12020.0 13620.0 12020.0 2020.0 12420.0 12420.0 12820.0 12420.0 12820.0 2820.0 4020.0 12820.0 12020.0 12420.0 12420.0 13220.0 2420.0 12420.0 13620.0 11220.0 3620.0 11220.0 420.0 0.0 1620.0 12420.0 12820.0 13220.0 13220.0 10820.0 13620.0 11620.0 12820.0 13620.0 12820.0 3620.0 12820.0 2020.0 12820.0 13220.0 12420.0
0.0 12820.0 12020.0 12820.0 3220.0 13620.0 2820.0 12820.0 12820.0 12820.0 13620.0 14020.0 14020.0 11620.0 12420.0 3220.0 13220.0 13620.0 11620.0 3620.0 13220.0 3220.0 3620.0 12020.0 11220.0 12420.0 3220.0 13220.0 13620.0 2820.0 13220.0 3220.0 12020.0 2820.0 13220.0 11620.0 14420.0 12020.0 12420.0 13220.0 13220.0 12820.0 13220.0 2820.0 12020.0 13620.0 13620.0 12020.0 12820.0 3620.0 4420.0 13220.0 12820.0 13220.0 11620.0 12420.0 2820.0 12020.0 12820.0 12020.0 2020.0 12020.0 2820.0 2420.0 0.0 12820.0 14020.0 12020.0 12420.0 12420.0 13620.0 13220.0 12820.0 14420.0 13620.0 4020.0 12820.0 2820.0 12020.0 12420.0 12820.0
0.0 12020.0 3220.0 13220.0 13220.0 13620.0 12020.0 11620.0 1620.0 12420.0 13220.0 13620.0 13220.0 2820.0 12020.0 12420.0 13220.0 2820.0 2820.0 13220.0 2420.0 12020.0 11620.0 12020.0 12820.0 1620.0 12820.0 2420.0 2820.0 11620.0 2820.0 11620.0 12820.0 12020.0 12020.0 3220.0 11620.0 12020.0 11220.0 12420.0 13220.0 12820.0 12820.0 11620.0 12020.0 12820.0 13220.0 2020.0 12420.0 12820.0 12820.0 11620.0 12420.0 2420.0 12420.0 3620.0 11220.0 12020.0 14020.0 2020.0 12020.0 12020.0 12820.0 12820.0 12420.0 0.0 12820.0 12020.0 10820.0 11620.0 3220.0 3220.0 12820.0 4020.0 12020.0 13220.0 12420.0 12420.0 12020.0 13220.0 2820.0
0.0 2420.0 13620.0 13620.0 13620.0 13620.0 13220.0 2820.0 13220.0 2020.0 12820.0 3220.0 2820.0 12820.0 3220.0 12820.0 2420.0 12820.0 12820.0 12420.0 13220.0 12820.0 12420.0 12420.0 2820.0 13220.0 13620.0 12020.0 12420.0 13220.0 13620.0 11220.0 12020.0 13220.0 13620.0 12420.0 10820.0 12820.0 2820.0 13220.0 12020.0 12820.0 2020.0 12420.0 12420.0 13620.0 12820.0 13220.0 3620.0 13220.0 14020.0 1220.0 13220.0 12820.0 2020.0 11620.0 12020.0 13220.0 3220.0 12820.0 13620.0 2820.0 11620.0 12820.0 12020.0 12820.0 0.0 3620.0 12820.0 2020.0 11220.0 11620.0 12020.0 14020.0 3220.0 13620.0 12820.0 11620.0 1220.0 12820.0 13620.0
0.0 2820.0 13620.0 14020.0 11620.0 13220.0 12420.0 3220.0 12420.0 2420.0 13220.0 3220.0 3620.0 12820.0 2020.0 12020.0 2020.0 13220.0 12820.0 13620.0 12420.0 12820.0 12820.0 12820.0 2820.0 11220.0 13220.0 13220.0 12820.0 12820.0 13220.0 12020.0 12820.0 12420.0 13620.0 12820.0 14020.0 12020.0 2820.0 12020.0 12420.0 12020.0 3220.0 11620.0 12420.0 14020.0 13220.0 13220.0 2820.0 13220.0 14020.0 2820.0 12420.0 13220.0 1220.0 13620.0 12420.0 13220.0 2820.0 12420.0 11620.0 2420.0 12020.0 12020.0 12420.0 13220.0 3220.0 0.0 13220.0 2020.0 14020.0 12020.0 11620.0 13220.0 3220.0 12820.0 11220.0 12020.0 3220.0 12020.0 12020.0
0.0 11620.0 12820.0 2820.0 12820.0 3220.0 11620.0 11220.0 11220.0 12020.0 2820.0 13220.0 13220.0 12420.0 12020.0 12020.0 12820.0 13220.0 12020.0 13220.0 12820.0 11620.0 11220.0 1620.0 12820.0 12020.0 12420.0 12420.0 12420.0 11220.0 12020.0 12820.0 2820.0 12020.0 1620.0 12820.0 2820.0 1620.0 10420.0 2420.0 3220.0 2420.0 12020.0 10820.0 1620.0 2420.0 2820.0 11620.0 12820.0 12420.0 12020.0 12020.0 2020.0 11620.0 12420.0 13620.0 10820.0 1620.0 13220.0 11620.0 11620.0 11620.0 12420.0 12020.0 13220.0 11620.0 12420.0 12420.0 0.0 12020.0 12820.0 12420.0 2420.0 13620.0 11620.0 13220.0 3220.0 12020.0 12020.0 3220.0 12020.0
0.0 3220.0 13620.0 14420.0 13620.0 12020.0 13220.0 3220.0 13220.0 3620.0 13220.0 4020.0 4820.0 12820.0 3220.0 13220.0 3220.0 11620.0 13220.0 14020.0 13220.0 13620.0 13620.0 13220.0 2820.0 14020.0 14020.0 13620.0 13220.0 13620.0 13220.0 11220.0 13620.0 13620.0 14420.0 12820.0 14020.0 13220.0 3620.0 13220.0 12820.0 12820.0 3620.0 12420.0 13220.0 14420.0 13620.0 13620.0 3620.0 13220.0 13620.0 3620.0 14020.0 12020.0 2420.0 12820.0 12820.0 13620.0 4020.0 12820.0 13620.0 3220.0 12820.0 12820.0 12020.0 14020.0 3220.0 3620.0 13620.0 0.0 14020.0 12420.0 12020.0 14020.0 2420.0 14420.0 12020.0 12420.0 2820.0 13220.0 13220.0
0.0 12420.0 3220.0 13620.0 13220.0 12820.0 12820.0 13220.0 2420.0 10820.0 12020.0 12820.0 13220.0 2020.0 12420.0 12820.0 13220.0 2020.0 1620.0 13220.0 3220.0 12020.0 12020.0 12420.0 13220.0 3220.0 13220.0 2420.0 2020.0 12020.0 3220.0 12420.0 12820.0 12420.0 12420.0 2020.0 12420.0 13620.0 12420.0 12820.0 11220.0 12820.0 11620.0 12820.0 12420.0 13220.0 11620.0 3220.0 13620.0 12820.0 13220.0 12020.0 12820.0 2020.0 11620.0 2420.0 11620.0 12020.0 12420.0 2420.0 13220.0 13220.0 12020.0 12420.0 12820.0 2020.0 12020.0 13220.0 12420.0 11620.0 0.0 820.0 12820.0 4020.0 12020.0 13220.0 12820.0 10820.0 12020.0 12420.0 2820.0
0.0 11620.0 2820.0 14020.0 13220.0 12020.0 13220.0 12820.0 3620.0 12820.0 11620.0 12020.0 13220.0 2820.0 12020.0 12020.0 12820.0 1220.0 2820.0 13220.0 2820.0 11620.0 12020.0 12820.0 12820.0 2820.0 12420.0 2420.0 1620.0 13620.0 2420.0 12020.0 12820.0 13620.0 12420.0 2820.0 12020.0 13220.0 12820.0 12420.0 10820.0 13220.0 12420.0 12420.0 13220.0 12420.0 11620.0 3220.0 12820.0 12420.0 13220.0 11620.0 12020.0 2020.0 12020.0 2420.0 10820.0 12820.0 12020.0 2020.0 13220.0 12820.0 12420.0 12420.0 12420.0 2420.0 11220.0 12420.0 12820.0 11220.0 2020.0 0.0 12420.0 3620.0 12420.0 12420.0 12020.0 10420.0 12020.0 12820.0 2420.0
0.0 12420.0 12820.0 3220.0 11620.0 3620.0 11220.0 12420.0 11220.0 11620.0 2020.0 12820.0 13220.0 12420.0 11620.0 12020.0 13220.0 12420.0 12020.0 12420.0 11220.0 11620.0 11620.0 2020.0 12020.0 12420.0 12420.0 12020.0 12020.0 11620.0 12820.0 10820.0 2820.0 11620.0 2820.0 12020.0 3220.0 2020.0 11620.0 2020.0 2420.0 820.0 12020.0 10420.0 1220.0 3220.0 2420.0 12020.0 11620.0 12020.0 12820.0 12420.0 2020.0 12020.0 12020.0 13620.0 12020.0 2420.0 12020.0 12020.0 12820.0 12420.0 12420.0 12820.0 11220.0 12020.0 12420.0 12820.0 2020.0 11220.0 13220.0 12020.0 0.0 12020.0 12420.0 13220.0 2820.0 10820.0 12420.0 2820.0 12020.0
0.0 12820.0 2020.0 12820.0 12420.0 13220.0 12420.0 12420.0 2820.0 13220.0 12420.0 12020.0 13620.0 1220.0 10420.0 13220.0 12020.0 2420.0 1220.0 12020.0 3220.0 12420.0 12420.0 11620.0 11220.0 2820.0 12820.0 2820.0 2020.0 12420.0 3620.0 12820.0 13220.0 12420.0 12420.0 1220.0 12820.0 12420.0 12020.0 13220.0 11620.0 12820.0 11620.0 12820.0 12020.0 13620.0 12820.0 2820.0 12820.0 13220.0 13620.0 12820.0 13220.0 2820.0 11620.0 2420.0 12020.0 12020.0 12820.0 2420.0 12820.0 12020.0 12020.0 12020.0 11620.0 2820.0 12020.0 11620.0 12020.0 12020.0 3220.0 1220.0 12820.0 0.0 13220.0 12820.0 12420.0 11220.0 10420.0 12020.0 3220.0
0.0 2020.0 13220.0 14020.0 12820.0 14020.0 13620.0 3220.0 13620.0 2420.0 12820.0 2820.0 2420.0 13220.0 2820.0 11620.0 3620.0 13220.0 12820.0 14020.0 14020.0 12420.0 11620.0 13620.0 3620.0 13620.0 13620.0 13220.0 11220.0 13220.0 12420.0 13220.0 13620.0 13220.0 14020.0 13220.0 14020.0 12820.0 3220.0 12820.0 13220.0 13620.0 2820.0 13220.0 13220.0 14420.0 12820.0 13620.0 3220.0 12820.0 14020.0 2420.0 13220.0 12820.0 2820.0 14020.0 12020.0 12420.0 4420.0 11620.0 12820.0 3220.0 12020.0 12020.0 13620.0 12820.0 3620.0 4020.0 12820.0 2420.0 14420.0 12820.0 12820.0 13220.0 0.0 14020.0 12420.0 11620.0 2820.0 13220.0 13620.0
0.0 14020.0 15220.0 15220.0 4020.0 13220.0 3620.0 14420.0 14020.0 14020.0 13220.0 13620.0 14820.0 13620.0 13620.0 4420.0 12020.0 14020.0 12820.0 3620.0 14020.0 4020.0 4420.0 14020.0 14020.0 15220.0 4820.0 13620.0 14020.0 4420.0 14420.0 3220.0 14020.0 4020.0 14820.0 13620.0 12820.0 14020.0 13620.0 13220.0 11620.0 13620.0 14020.0 3220.0 13620.0 15220.0 13620.0 14820.0 14420.0 3220.0 5220.0 13220.0 14020.0 13220.0 12420.0 13620.0 3620.0 13220.0 14820.0 14020.0 4820.0 14420.0 2420.0 3620.0 3620.0 14020.0 12020.0 14420.0 14420.0 12820.0 13220.0 13220.0 12820.0 13620.0 13220.0 0.0 12420.0 3620.0 12820.0 13620.0 13220.0
0.0 12820.0 12820.0 3620.0 12020.0 2420.0 11620.0 12820.0 11620.0 11620.0 2420.0 12820.0 13620.0 12020.0 11220.0 12420.0 11220.0 12420.0 12020.0 12820.0 11620.0 12020.0 12020.0 2420.0 12020.0 12820.0 12820.0 12420.0 12420.0 12020.0 12820.0 11220.0 3220.0 12020.0 2820.0 12020.0 3220.0 2420.0 12020.0 2420.0 2020.0 1220.0 12020.0 10820.0 1620.0 3620.0 2420.0 12420.0 12020.0 12420.0 13220.0 12420.0 2420.0 12420.0 10420.0 12820.0 12420.0 2420.0 12420.0 12020.0 13220.0 12020.0 11220.0 11220.0 12020.0 12420.0 12420.0 12020.0 2420.0 11220.0 13620.0 12020.0 820.0 12420.0 12420.0 13620.0 0.0 11220.0 12820.0 1220.0 11220.0
0.0 12820.0 13220.0 14020.0 3220.0 12820.0 3620.0 13620.0 13620.0 12820.0 11620.0 12020.0 13220.0 12820.0 12020.0 3220.0 12820.0 12020.0 12820.0 3220.0 12420.0 2820.0 2020.0 12820.0 12820.0 12820.0 2420.0 12420.0 11620.0 3620.0 13620.0 1620.0 12820.0 3620.0 13620.0 12820.0 12820.0 13620.0 13220.0 13220.0 11620.0 13620.0 12820.0 2820.0 12820.0 13620.0 11620.0 14020.0 12820.0 3620.0 4420.0 11620.0 13220.0 12820.0 12820.0 13220.0 2020.0 12820.0 12820.0 12020.0 3220.0 13620.0 2820.0 2820.0 2420.0 13620.0 12020.0 12420.0 13220.0 10820.0 13220.0 11220.0 12820.0 13620.0 13220.0 3620.0 12820.0 0.0 12020.0 13620.0 13220.0
0.0 3220.0 13620.0 13620.0 13220.0 14020.0 12420.0 2020.0 12820.0 2820.0 12820.0 4020.0 4420.0 12020.0 2420.0 13620.0 3620.0 13620.0 12020.0 11620.0 14420.0 13220.0 12020.0 12420.0 2820.0 12820.0 12820.0 13620.0 11620.0 12820.0 13620.0 13220.0 14020.0 12020.0 12820.0 11620.0 13620.0 12020.0 2020.0 12820.0 13220.0 13220.0 1220.0 12820.0 12420.0 14420.0 13220.0 12420.0 4420.0 12820.0 13220.0 3220.0 13620.0 12420.0 1220.0 14020.0 12820.0 12420.0 4020.0 12020.0 12820.0 2020.0 12020.0 12020.0 12420.0 13220.0 3620.0 3620.0 12420.0 2820.0 14020.0 13220.0 13620.0 14020.0 3620.0 13620.0 13220.0 12020.0 0.0 12020.0 13620.0
0.0 13220.0 13220.0 3620.0 12420.0 2820.0 12820.0 12820.0 13620.0 12020.0 2820.0 12420.0 13620.0 12420.0 12020.0 13220.0 13220.0 12020.0 12020.0 13620.0 14020.0 12420.0 12820.0 2820.0 12420.0 12820.0 12420.0 12820.0 12820.0 12420.0 12020.0 12020.0 3220.0 12020.0 3620.0 12420.0 3620.0 1220.0 12820.0 2820.0 2420.0 3620.0 12020.0 12020.0 2820.0 2820.0 2020.0 12420.0 12820.0 12420.0 13620.0 12020.0 2420.0 12420.0 12420.0 13220.0 12420.0 2020.0 13620.0 11220.0 13620.0 11220.0 10420.0 10420.0 11620.0 12420.0 12820.0 13220.0 3220.0 10820.0 13620.0 12020.0 2820.0 13220.0 13220.0 13620.0 2820.0 12020.0 12420.0 0.0 12420.0
0.0 12420.0 3220.0 14820.0 12020.0 12820.0 12820.0 12420.0 3620.0 13220.0 13620.0 14020.0 14020.0 3220.0 14020.0 12420.0 14020.0 4020.0 3220.0 14420.0 3620.0 13620.0 14020.0 13620.0 12820.0 3220.0 13620.0 3620.0 3620.0 14020.0 2020.0 13620.0 14020.0 14020.0 11620.0 3220.0 13620.0 12420.0 12820.0 13620.0 14020.0 14420.0 13220.0 14020.0 13620.0 15220.0 14020.0 2820.0 12820.0 13620.0 14820.0 12820.0 12420.0 1620.0 13220.0 3620.0 12820.0 12820.0 14020.0 2820.0 13220.0 13620.0 12420.0 13220.0 13620.0 3620.0 14420.0 13220.0 14020.0 12820.0 5220.0 3620.0 14020.0 4020.0 13220.0 14020.0 14020.0 13620.0 13220.0 14020.0 0.0
