80 4
1805 4217 16683 6 1
1826 4538 16142 2 1
375 9986 21202 9 10
288 11806 23702 6 4
132 7224 18926 3 3
850 7692 19782 10 5
1425 4453 16535 9 1
1700 6986 19082 8 9
690 3827 15313 6 8
1634 13169 25423 7 8
1881 8881 21525 5 3
1728 6402 18672 7 10
992 4743 17157 10 9
1610 12956 25300 3 1
1173 9776 21674 6 10
1050 1531 13019 10 1
1200 9295 21939 5 2
1909 6198 17832 5 4
640 10395 22437 10 5
966 7332 19420 3 5
1464 5405 17815 2 5
1476 4778 15994 6 9
306 6507 18045 2 4
391 11751 22965 1 4
312 9271 20885 6 8
308 10778 22234 9 10
165 8138 19738 1 1
2200 4446 15842 7 8
714 4559 15857 1 6
1500 4737 16179 5 4
1330 14279 25521 8 8
846 6342 18138 3 5
1150 5127 17483 3 9
825 5465 17553 5 10
2100 11207 23093 6 2
666 4154 15600 7 10
720 6377 18613 1 5
1932 2808 14632 2 7
1476 6280 18100 2 9
1054 7701 19271 7 2
1121 13218 24732 7 1
1672 13378 24802 1 7
57 6661 17989 3 7
2047 1440 14040 5 9
600 9112 20680 2 6
36 8251 19931 2 3
483 7850 19244 2 3
75 6317 18535 10 2
1600 4734 16098 10 9
456 10710 22890 8 3
880 11029 22611 4 8
1216 1887 14493 2 1
1881 11555 23533 9 7
672 1878 13482 10 9
875 5122 17114 8 10
475 4342 17094 1 3
1743 8613 19887 1 2
176 7286 19626 7 7
798 12096 24468 1 3
760 8523 21307 1 4
1462 12196 24044 8 4
1216 3007 14397 9 1
493 9189 21677 5 3
1580 4196 15880 8 6
51 4057 15923 3 9
1168 14292 25788 10 4
2225 14314 25586 6 9
1196 7321 18553 4 7
189 1935 13201 7 9
1600 9456 21212 3 3
960 4624 17024 8 8
1656 6705 18455 9 9
1424 10006 22434 7 10
1728 7164 18828 5 3
1596 5972 17428 10 1
285 8823 20897 2 5
1360 6044 18404 5 10
616 5912 18388 2 3
1485 6270 18880 4 1
264 6089 17811 1 10
SETUP
0 160 60 200 180 120 160 120 120 160 20 60 120 160 140 140 120 120 160 140 120 60 160 120 100 180 200 100 160 160 120 180 160 80 140 160 180 140 120 100 120 120 160 80 160 120 100 180 100 160 60 100 200 120 160 160 140 160 140 160 120 100 140 140 180 160 160 140 160 100 140 120 60 180 140 120 40 100 120 140 120
0 0 658 618 60 638 539 718 638 40 658 678 658 579 638 618 638 200 678 658 638 638 618 658 638 638 638 160 180 100 638 220 100 638 20 698 698 638 658 598 140 638 638 638 618 638 658 658 120 80 140 180 658 638 658 120 638 678 618 658 638 638 658 120 678 180 618 678 180 638 638 120 658 698 618 579 718 658 658 678 678
0 638 0 180 638 678 658 678 598 678 140 638 678 638 160 120 140 698 658 618 618 120 638 618 598 638 678 638 658 618 140 678 638 618 598 678 180 598 618 559 618 618 638 20 160 598 120 160 638 638 638 678 160 658 140 638 120 140 80 638 678 638 698 698 638 678 618 698 658 638 638 598 658 658 80 618 658 638 698 678 60
0 618 100 0 658 678 638 698 658 638 140 658 658 598 140 120 100 698 678 658 579 80 638 618 598 658 658 638 658 618 180 678 638 579 638 658 180 598 618 618 618 579 618 80 20 638 80 160 678 618 638 638 120 598 140 638 180 120 40 638 579 618 678 698 618 638 638 678 638 638 638 638 658 698 40 658 698 598 598 658 80
0 160 638 579 0 678 678 718 638 160 678 658 678 618 658 618 638 160 638 658 598 618 658 638 598 598 718 120 160 120 658 180 140 598 160 658 718 598 638 539 120 598 618 618 579 658 618 618 120 100 120 140 658 638 658 160 678 658 579 638 618 618 678 180 618 180 638 678 160 638 638 140 678 698 579 678 698 598 638 678 658
0 638 698 718 678 0 638 220 698 678 698 718 698 160 718 638 698 738 200 678 140 678 160 120 180 598 738 658 638 658 678 698 658 678 638 758 718 180 120 678 638 658 100 678 718 140 698 678 678 698 678 738 718 678 678 638 698 678 638 120 120 698 718 738 698 698 140 718 678 160 160 658 180 758 658 120 718 160 658 718 718
0 678 678 658 718 738 0 738 120 698 718 160 220 579 698 598 718 698 678 180 678 678 678 638 698 160 200 678 698 718 718 718 698 140 678 200 778 718 658 140 638 180 678 638 658 678 638 698 698 579 698 678 678 120 678 718 658 698 678 698 698 120 120 658 200 698 698 220 698 618 718 678 698 180 678 698 180 678 200 220 698
0 618 618 678 658 120 618 0 579 638 698 618 678 140 658 618 678 678 200 678 160 618 80 140 120 698 618 658 638 658 678 658 658 598 618 678 718 180 100 658 638 678 180 618 678 140 618 658 698 658 638 658 638 638 678 698 579 698 638 200 140 638 718 559 698 718 160 698 698 140 160 658 120 638 658 120 638 140 678 698 638
0 678 579 718 698 638 160 658 0 678 678 60 120 638 638 658 698 638 698 120 638 579 658 638 598 140 120 638 618 638 658 618 658 40 658 140 678 658 658 100 638 160 658 579 638 618 579 698 678 658 618 618 718 140 678 678 598 658 638 678 618 80 180 678 180 678 658 140 678 598 678 618 598 80 658 638 80 618 120 140 618
0 160 658 579 180 698 658 678 678 0 678 698 678 638 678 638 638 200 718 618 618 638 678 618 638 598 678 120 140 160 698 200 160 618 160 698 718 638 618 658 100 618 618 638 579 598 638 658 200 140 160 180 678 638 658 160 638 638 598 618 598 658 698 200 658 140 658 698 140 678 678 80 678 718 598 658 698 638 618 698 638
0 678 60 180 678 658 678 678 638 658 0 559 618 658 120 160 140 618 698 638 618 40 658 658 638 658 698 658 638 658 140 678 658 579 638 658 160 638 658 598 658 618 658 60 140 638 80 180 658 658 559 598 180 638 160 658 160 140 120 658 618 598 678 718 678 658 658 638 658 598 678 638 559 698 120 618 678 598 638 638 100
0 658 539 678 658 678 140 658 80 678 658 0 80 658 678 638 658 598 678 120 598 539 638 638 618 140 160 658 678 638 658 698 638 120 618 180 698 618 638 60 638 120 658 559 638 618 658 678 638 658 638 579 658 100 638 638 658 678 618 638 678 120 140 698 140 658 638 100 658 559 638 618 658 160 618 598 160 579 180 100 598
0 718 658 658 698 698 160 718 100 678 698 140 0 638 698 658 658 718 678 100 618 638 678 638 638 180 180 658 678 658 718 638 678 120 698 200 638 638 638 160 638 100 658 638 579 598 638 678 738 658 638 678 678 180 678 698 638 678 598 678 618 140 200 718 140 678 678 140 678 678 678 678 698 180 618 698 180 638 120 160 698
0 638 658 618 678 220 638 180 698 658 678 678 698 0 638 559 678 658 120 658 120 638 160 80 160 618 718 638 658 678 678 698 658 658 638 658 738 160 100 678 598 658 120 598 618 120 598 658 658 539 658 698 718 598 638 678 678 638 638 140 140 598 598 738 678 658 140 698 658 60 160 638 180 758 638 160 698 120 678 698 658
0 658 160 180 698 638 658 718 738 698 160 658 698 678 0 80 160 738 698 638 658 140 698 638 638 658 718 618 638 698 160 758 698 638 678 738 220 718 598 718 579 698 678 140 180 618 160 120 658 618 638 718 140 638 100 718 160 180 160 678 718 678 658 738 658 698 698 698 698 698 718 618 698 638 160 698 738 678 718 698 200
0 598 100 160 638 698 618 698 678 638 120 638 678 638 140 0 140 678 678 638 598 100 678 579 638 618 698 598 618 638 140 758 618 638 618 718 180 638 579 658 579 638 638 120 180 618 140 100 678 638 618 658 180 559 100 638 140 100 100 638 698 658 658 698 638 638 618 658 618 638 638 618 658 718 120 638 718 618 718 658 140
0 718 140 160 758 638 579 658 678 718 200 698 718 618 220 120 0 698 638 658 678 120 718 658 718 698 618 658 718 738 160 758 698 698 718 738 140 718 678 638 658 598 718 160 160 638 180 200 658 618 718 678 100 678 180 658 180 200 140 638 718 678 678 698 718 718 698 678 718 658 698 638 718 738 160 678 738 638 738 698 180
0 200 638 718 160 658 598 698 698 200 698 698 698 638 678 658 618 0 638 678 598 618 698 678 598 678 698 200 220 140 698 200 140 618 180 698 718 598 698 618 180 579 698 618 698 658 638 718 200 120 120 140 698 698 698 160 678 718 638 638 678 638 698 160 698 220 658 718 180 618 658 140 698 738 598 678 718 598 678 718 678
0 638 559 698 678 180 658 180 638 678 658 678 678 140 698 658 678 658 0 658 140 559 140 140 120 658 698 678 698 638 678 718 618 658 638 718 698 120 140 598 658 658 160 579 698 120 678 698 658 658 658 598 678 618 658 638 678 698 638 160 160 658 678 698 678 658 100 698 698 60 120 638 160 698 638 100 698 20 698 718 618
0 718 638 638 718 718 200 738 180 598 678 200 180 678 598 678 678 658 718 0 598 618 718 678 698 140 240 678 698 638 678 778 658 180 678 240 718 698 658 160 658 120 658 658 638 658 698 678 658 698 698 658 718 180 698 678 698 718 658 678 658 120 220 718 180 718 658 200 718 658 678 638 698 200 658 678 120 618 160 180 678
0 678 579 678 638 160 698 160 638 718 618 638 638 100 678 618 678 718 140 658 0 559 140 140 120 678 698 678 678 579 678 718 598 658 618 718 658 120 140 598 658 658 140 579 698 120 678 698 658 638 638 598 698 638 618 618 678 698 638 160 160 658 678 718 678 718 60 698 678 80 100 638 120 658 638 100 698 20 698 638 618
0 658 20 160 658 678 658 678 618 678 160 638 678 638 160 140 140 718 678 638 638 0 618 638 618 638 678 658 678 638 140 698 638 638 618 698 200 618 638 579 638 638 658 40 160 618 140 160 638 658 638 579 160 618 120 638 140 160 80 638 698 638 658 698 658 678 638 698 678 559 658 598 658 678 100 598 678 579 718 698 60
0 718 618 718 698 200 678 220 678 718 718 598 658 120 698 638 638 658 180 658 100 598 0 140 140 658 738 658 678 678 658 738 678 638 678 638 758 140 120 658 638 638 160 638 718 120 638 678 638 658 678 658 579 678 638 698 678 698 598 160 180 658 718 718 658 718 160 678 678 120 160 678 160 738 618 60 738 120 698 678 658
0 618 598 678 638 160 618 140 638 638 598 598 638 80 618 539 618 638 120 598 40 579 120 0 80 579 658 559 579 598 618 698 579 598 598 678 658 80 20 618 539 638 80 618 658 60 618 579 638 598 579 638 678 579 579 598 618 579 618 80 140 618 618 698 598 579 60 618 579 100 80 559 100 678 618 120 678 60 678 618 618
0 658 678 718 678 180 658 140 698 678 698 718 718 120 618 638 698 738 140 618 160 658 120 160 0 718 678 658 678 718 698 658 658 698 638 638 778 200 140 698 638 698 200 658 698 160 559 698 678 638 698 618 678 678 678 738 618 698 718 220 160 698 678 618 718 738 200 658 698 160 160 678 200 718 678 120 698 160 698 658 718
0 638 618 698 658 678 140 678 140 658 638 120 140 618 638 579 638 658 678 100 579 618 658 559 618 0 180 598 618 638 638 658 618 80 638 160 678 618 579 120 559 80 539 618 678 598 618 618 678 618 618 658 658 100 598 638 638 598 559 559 658 100 120 658 100 618 618 140 618 598 638 579 658 180 579 658 180 598 160 140 638
0 658 658 698 698 559 120 658 180 658 658 140 140 618 658 618 579 698 658 80 618 638 678 598 658 100 0 618 638 658 678 718 638 140 658 200 698 658 598 160 598 120 638 658 698 579 658 638 698 638 638 698 658 140 638 658 618 638 618 618 658 160 140 698 160 658 638 160 638 678 618 579 678 240 638 638 180 638 160 180 678
0 160 598 678 180 678 638 658 658 120 658 579 638 638 638 598 678 140 618 579 618 579 678 579 658 638 658 0 120 140 678 220 120 638 140 718 698 658 598 638 80 638 658 618 698 559 658 638 180 140 120 120 698 638 598 140 618 638 618 618 698 658 579 180 658 120 638 658 120 618 658 40 678 718 618 638 678 618 718 658 638
0 180 638 678 200 638 698 718 698 220 678 698 698 678 698 638 678 200 718 678 598 618 698 618 678 598 658 140 0 120 579 160 140 658 160 738 638 678 638 678 100 638 598 658 678 658 678 638 220 160 160 160 718 678 658 160 698 658 638 618 718 678 698 200 678 160 658 658 160 658 678 140 678 718 638 678 758 618 738 678 678
0 160 618 638 80 638 658 638 598 160 579 598 598 579 618 598 638 160 598 618 618 598 618 618 598 638 658 140 140 0 658 160 20 618 40 678 618 598 618 579 100 638 618 638 638 598 638 658 120 60 60 140 658 638 579 40 638 658 598 658 638 638 638 160 658 160 539 658 120 618 559 140 579 658 618 658 658 618 658 598 658
0 678 140 220 718 598 678 718 718 718 180 678 678 638 180 100 160 718 678 678 678 140 698 658 698 658 618 638 698 718 0 638 698 718 698 758 260 698 658 698 658 738 678 160 220 658 200 100 718 658 718 698 240 658 120 698 180 140 180 698 698 678 678 718 738 718 718 678 658 678 638 658 718 778 200 698 758 638 718 678 180
0 200 638 698 160 698 698 638 678 160 638 638 658 638 698 678 718 120 678 678 638 638 638 678 658 738 718 180 180 160 718 0 100 678 120 698 698 658 658 658 140 678 698 658 718 658 638 698 180 140 140 160 658 698 658 140 678 658 658 638 698 698 658 160 718 200 638 678 120 658 638 160 658 738 658 658 758 638 718 598 678
0 140 598 638 80 618 638 618 658 140 559 579 579 559 658 598 638 140 598 598 638 598 678 598 579 658 638 120 140 140 638 140 0 618 40 658 678 579 618 598 80 638 678 618 638 579 618 658 100 40 80 120 718 618 638 160 618 638 638 638 638 638 638 140 678 140 658 658 140 598 539 120 598 718 638 638 678 598 658 678 638
0 658 658 678 698 658 140 658 160 638 658 160 160 618 598 618 678 698 658 80 638 638 638 618 678 140 160 638 658 638 678 638 658 0 678 100 718 658 618 180 618 120 638 539 618 598 539 658 658 618 658 698 678 140 658 678 638 638 638 638 598 40 160 698 180 658 658 120 638 658 658 579 678 180 638 618 140 658 80 140 618
0 180 658 618 40 638 698 738 658 120 678 698 678 638 698 658 658 200 658 678 618 638 698 658 638 638 618 160 200 120 658 220 120 638 0 698 718 638 678 579 140 638 658 638 618 658 658 658 120 140 160 180 678 678 678 140 698 698 598 658 658 658 718 200 658 200 638 698 180 678 658 140 678 738 618 718 738 638 678 698 678
0 618 638 678 638 658 100 658 180 658 658 100 140 618 658 559 579 638 658 80 598 618 638 598 658 120 160 559 579 638 618 698 638 80 638 0 678 658 539 120 539 80 618 539 678 579 618 579 658 638 579 658 658 60 579 658 618 638 618 618 658 100 100 698 100 638 638 140 638 638 658 579 638 180 579 618 180 598 160 140 638
0 658 140 40 638 678 658 618 658 638 100 638 638 618 140 120 120 678 638 658 598 120 598 638 638 698 698 678 678 658 180 698 598 618 618 678 0 638 658 658 638 618 658 120 60 638 100 180 678 638 658 678 140 618 80 658 160 120 60 658 598 638 638 658 638 598 658 579 618 658 618 678 638 678 80 658 738 618 618 579 120
0 658 678 718 678 80 678 140 698 678 698 718 678 120 618 638 698 738 140 618 180 678 120 180 20 658 678 678 698 718 698 658 658 698 638 638 778 0 140 698 638 698 160 658 698 160 579 698 678 638 559 618 678 678 678 718 638 698 698 180 160 698 678 618 658 738 200 658 678 160 180 678 200 738 678 120 698 160 698 658 718
0 598 638 678 658 160 598 180 678 638 638 638 678 100 658 539 658 678 180 638 80 618 160 60 140 638 698 598 579 658 618 718 638 638 618 738 678 140 0 658 579 638 100 658 678 100 658 579 678 618 579 658 718 579 618 658 658 618 618 140 180 618 638 718 658 638 120 638 638 140 140 618 160 678 638 140 698 100 718 638 658
0 698 618 658 658 678 140 718 100 698 678 140 160 598 658 638 618 658 618 140 579 598 638 618 598 80 200 638 658 618 698 698 638 60 658 120 698 598 618 0 618 60 618 598 658 638 598 638 718 618 638 658 638 160 658 658 678 658 559 618 638 100 160 698 100 678 638 180 658 638 638 638 678 160 559 658 180 598 140 180 658
0 100 618 678 120 658 618 658 678 140 658 598 658 618 658 539 678 160 638 598 618 618 638 579 658 638 658 40 60 140 618 180 120 598 100 678 678 658 539 658 0 638 618 618 678 579 618 579 180 120 60 140 678 579 559 140 618 638 618 618 658 618 618 180 598 120 638 638 120 638 658 40 678 678 618 638 678 638 678 638 658
0 698 579 698 698 678 100 698 140 698 678 180 180 638 698 658 579 698 658 120 618 579 658 638 638 120 140 678 698 658 658 718 638 100 658 180 678 638 638 60 638 0 658 598 698 618 638 678 678 638 678 618 638 140 678 658 658 678 598 579 678 140 160 738 140 698 638 180 658 598 658 618 698 200 598 638 200 559 180 180 638
0 698 698 778 738 220 698 200 758 738 718 738 738 200 778 678 778 698 240 758 160 678 160 200 180 758 718 738 718 718 758 778 698 758 698 778 758 220 160 698 718 738 0 718 738 220 718 718 778 718 638 738 718 718 758 758 658 738 718 260 260 698 738 658 778 778 200 678 718 200 180 758 240 778 738 200 738 160 778 678 738
0 658 140 180 698 698 638 658 698 658 160 678 658 658 160 100 140 698 718 598 618 120 638 598 678 638 678 638 638 658 160 758 658 638 658 738 200 658 618 678 598 638 658 0 180 579 160 140 638 678 658 678 160 638 120 678 100 120 100 638 658 678 678 698 678 658 638 678 638 658 678 579 678 758 120 598 698 638 678 678 100
0 678 80 140 638 658 658 698 638 618 120 658 658 579 120 100 100 678 658 638 559 80 638 598 598 658 658 638 658 618 180 678 638 579 638 658 180 598 618 618 598 579 618 60 0 638 80 140 678 598 638 638 120 658 120 638 160 100 20 618 559 598 658 678 598 638 618 658 618 618 618 638 638 678 40 658 698 579 579 638 140
0 638 638 638 678 120 598 180 658 618 638 638 658 120 618 579 658 678 160 539 80 618 160 40 120 618 618 598 618 638 658 738 618 638 638 718 698 120 60 658 559 658 120 638 658 0 658 618 678 638 618 658 718 618 598 638 579 618 638 120 160 658 638 718 638 618 100 658 618 140 120 598 140 718 638 160 638 80 698 658 658
0 678 120 160 698 678 678 678 718 638 160 678 698 598 60 80 140 698 698 579 638 120 658 638 698 678 738 638 638 698 180 618 638 658 658 598 240 678 618 678 598 658 678 100 160 638 0 140 698 598 658 678 180 638 120 718 160 180 180 698 638 658 658 718 678 698 698 618 658 638 658 638 698 678 140 678 678 658 658 638 180
0 598 100 140 658 678 618 638 678 638 80 598 658 579 100 20 140 638 638 618 598 80 638 579 618 638 678 559 638 658 140 718 618 638 618 698 180 618 579 638 579 638 638 120 140 598 120 0 638 579 638 638 160 579 100 658 120 60 100 638 678 638 598 678 658 638 638 598 579 618 638 579 638 738 120 658 698 618 678 598 100
0 180 579 698 120 618 579 638 638 180 638 658 658 638 678 638 539 180 598 658 658 618 618 658 638 678 638 140 160 140 559 140 100 658 120 698 658 638 678 618 140 618 698 598 658 638 638 638 0 120 160 140 618 678 658 180 678 658 638 658 678 678 658 160 698 200 658 598 120 638 638 120 658 658 638 658 718 598 698 598 618
0 100 658 598 160 738 638 718 718 140 678 658 698 678 658 638 698 200 638 658 638 658 678 618 678 618 718 140 160 180 718 220 160 658 120 738 738 678 638 678 100 658 638 598 618 638 678 678 180 0 160 180 718 618 658 180 678 658 638 638 638 678 598 220 678 160 678 698 160 698 698 120 718 778 638 658 758 638 658 718 678
0 220 738 738 240 678 738 718 758 260 698 718 738 658 718 658 718 260 758 718 698 718 678 698 678 738 758 160 180 200 718 240 180 658 200 738 778 678 658 678 140 718 698 658 738 698 678 698 180 140 0 240 738 698 678 240 738 738 698 738 718 678 718 240 718 240 718 678 120 698 718 180 718 778 698 658 778 718 738 678 678
0 220 618 738 180 638 638 698 678 220 658 638 678 658 718 698 618 180 658 698 638 618 579 698 698 718 638 200 200 160 618 200 120 638 140 678 718 678 698 658 160 658 718 638 718 678 658 698 80 160 120 0 618 698 678 140 718 698 658 718 698 678 718 220 698 220 638 658 180 638 658 160 638 718 638 539 758 638 698 658 658
0 718 180 200 678 718 638 718 738 678 180 718 678 678 180 140 120 738 718 618 658 160 638 638 678 678 698 658 658 698 160 778 678 698 638 658 240 678 638 678 638 698 698 160 200 598 200 160 658 698 678 718 0 678 160 698 120 160 200 698 738 718 698 758 658 698 678 658 678 698 698 678 698 778 180 598 718 678 758 658 200
0 559 638 638 618 678 60 718 160 598 638 160 180 618 658 638 638 678 698 160 598 638 638 638 638 140 140 638 658 638 678 718 658 100 579 180 718 638 658 100 638 100 678 618 658 658 638 618 658 618 658 678 658 0 658 678 678 618 579 658 658 120 180 678 120 698 658 140 618 658 658 658 658 220 598 618 220 618 180 160 658
0 738 120 180 658 618 738 738 698 778 180 718 698 678 220 160 200 778 718 718 598 100 698 698 698 658 738 718 598 638 120 718 658 718 678 778 200 698 698 658 698 698 678 140 200 698 220 200 698 678 698 658 180 718 0 678 220 220 180 678 738 738 738 778 738 758 658 718 738 658 678 698 698 718 180 658 778 618 718 698 160
0 200 618 698 140 678 698 678 638 200 579 618 638 618 618 638 698 160 638 658 658 618 698 658 638 678 698 180 180 180 698 200 80 638 100 718 658 638 678 618 160 658 579 638 698 638 638 718 160 120 100 140 678 678 618 0 678 718 638 698 658 658 698 200 698 180 579 698 160 638 618 180 618 698 638 658 658 658 678 698 658
0 698 100 180 658 598 678 718 678 698 140 678 678 638 200 140 120 758 678 638 678 80 698 638 678 678 579 638 698 638 140 738 618 698 618 758 220 658 658 658 638 698 698 120 180 638 200 180 718 658 678 638 200 678 180 678 0 180 160 678 678 718 698 678 718 698 658 738 698 638 638 618 678 738 160 658 598 638 698 718 140
0 618 80 120 638 638 638 618 638 658 40 579 638 539 60 60 100 598 638 638 618 60 598 618 559 638 638 658 638 618 100 678 598 598 618 658 180 559 638 579 618 618 598 100 100 638 80 160 598 559 579 618 140 598 60 618 140 0 80 638 638 618 618 638 658 678 618 579 539 598 618 658 579 678 100 638 698 598 638 579 60
0 678 80 140 618 638 638 698 658 678 140 638 638 579 100 80 80 698 638 638 559 60 618 598 579 638 678 618 638 598 160 658 618 559 638 638 160 579 598 598 598 559 658 60 120 618 60 120 678 579 618 618 100 638 120 638 140 120 0 618 618 579 638 658 579 638 618 678 638 618 618 618 638 678 20 638 678 559 638 658 120
0 658 598 658 638 140 638 140 678 638 658 658 638 60 638 598 618 698 140 579 40 598 120 80 80 638 658 618 638 618 678 678 618 579 638 658 698 80 80 618 598 559 140 579 658 40 598 638 658 598 618 638 638 638 638 638 618 638 539 0 120 598 658 678 598 638 100 638 598 60 100 559 140 658 559 120 678 60 638 638 638
0 678 638 618 638 160 658 160 618 579 598 618 698 80 618 598 618 638 180 658 160 618 140 140 100 638 698 658 638 658 658 698 638 638 658 718 738 100 80 618 638 579 60 658 638 140 638 638 638 618 618 678 698 638 618 638 678 579 658 120 0 638 678 698 678 598 160 618 579 140 140 638 100 638 658 140 678 100 539 638 618
0 658 658 718 678 718 160 638 160 678 678 140 140 638 638 678 658 718 678 140 618 638 698 658 658 200 200 598 698 638 738 678 638 120 638 140 718 638 658 160 658 120 658 638 598 638 598 718 718 658 678 698 678 180 678 658 678 678 598 678 618 0 140 678 140 678 638 180 678 658 638 638 678 220 618 718 100 638 120 180 598
0 678 598 678 698 718 180 718 160 718 658 80 140 598 718 638 678 658 559 180 678 598 678 678 678 180 220 698 638 678 678 718 638 180 658 220 738 678 678 120 678 180 718 618 698 658 678 718 698 618 698 638 718 140 698 678 718 718 658 698 718 160 0 738 200 698 658 160 718 618 658 658 678 220 678 638 220 579 220 160 638
0 60 618 638 100 618 579 718 678 100 658 618 678 618 678 579 638 180 678 658 638 618 559 618 658 678 598 120 100 100 638 240 120 658 60 658 718 678 579 638 100 638 658 638 658 638 678 618 140 120 100 140 598 618 658 140 539 658 618 678 678 658 698 0 678 160 638 678 160 638 638 120 678 658 638 598 598 658 698 678 658
0 718 638 618 579 718 200 698 160 718 698 120 100 638 698 658 678 698 678 180 638 638 559 658 638 140 220 678 718 678 658 738 698 120 718 140 718 638 678 60 658 120 658 638 638 678 658 658 658 658 678 678 598 160 638 698 718 678 618 678 658 140 200 718 0 718 678 200 678 678 678 698 698 220 618 618 220 638 140 200 698
0 180 638 698 200 658 598 678 698 200 718 638 698 638 678 678 559 160 678 678 658 638 698 698 698 738 638 120 200 160 698 200 180 678 180 698 678 678 678 658 180 638 698 658 638 678 638 738 160 140 200 160 638 718 718 180 698 718 638 678 658 579 698 160 698 0 678 698 200 658 678 160 718 758 658 698 658 658 678 678 638
0 658 598 638 598 100 638 100 579 658 559 598 579 40 638 598 638 658 80 598 100 598 160 100 60 638 638 638 638 658 638 658 539 618 559 658 598 60 100 559 618 618 100 618 638 60 618 658 618 579 598 638 678 638 559 559 618 658 598 140 140 638 638 658 638 658 0 638 658 100 40 638 80 638 598 120 638 80 658 638 638
0 658 618 658 598 638 140 579 100 678 579 80 80 579 638 618 658 638 618 100 638 618 559 618 598 160 140 658 678 658 658 678 539 120 579 120 698 598 638 100 618 120 638 638 598 598 579 678 638 579 618 658 598 120 618 678 618 598 618 658 638 140 80 618 140 678 678 0 579 618 559 658 618 180 618 618 180 618 140 20 618
0 120 618 638 120 658 638 618 658 160 579 598 638 539 658 579 598 160 638 658 618 618 598 618 638 638 638 140 120 100 618 200 60 638 100 678 678 638 638 579 100 618 598 618 638 638 618 678 80 40 100 140 638 618 559 120 658 638 598 658 658 618 618 140 658 160 618 559 0 598 598 140 618 718 618 658 698 638 678 579 579
0 738 718 638 738 180 738 140 698 738 698 718 738 180 718 718 738 778 220 678 160 698 200 200 200 738 738 738 678 718 718 778 698 698 718 758 778 200 200 718 718 678 180 698 638 220 718 758 778 718 718 738 758 698 618 638 698 738 658 220 180 718 778 678 718 758 180 758 718 0 180 758 200 758 678 220 758 180 698 758 718
0 638 598 618 678 180 638 180 638 678 678 579 559 20 658 579 618 638 60 638 120 579 160 100 140 638 698 638 658 658 618 678 658 638 638 638 658 140 100 618 618 658 140 618 618 120 618 658 598 539 658 618 698 598 658 678 678 658 638 140 140 618 618 738 678 678 140 658 658 60 0 638 180 718 638 120 678 60 658 658 638
0 120 618 658 160 638 598 618 658 100 618 638 618 618 618 579 638 140 658 559 579 598 638 559 638 598 638 60 80 120 638 200 100 598 120 678 658 618 559 638 40 598 618 618 658 539 618 598 140 120 100 140 658 598 598 120 579 598 579 579 658 638 638 140 638 100 598 638 80 638 638 0 638 718 579 598 638 598 678 638 638
0 718 658 678 638 120 698 220 658 638 658 678 738 140 638 638 658 698 240 698 180 638 180 180 160 678 718 658 618 718 638 738 698 658 718 638 678 140 120 658 638 638 120 638 698 160 678 678 698 658 539 638 698 678 678 698 678 638 678 180 60 658 718 758 718 618 180 678 638 160 200 678 0 698 678 140 738 120 598 678 678
0 658 658 638 678 658 160 598 140 678 678 180 180 638 618 638 698 638 658 120 618 638 638 618 539 60 160 638 539 658 598 658 678 80 658 120 618 678 618 180 618 140 598 598 658 638 579 658 698 638 658 638 678 160 658 698 638 658 618 618 638 100 180 618 160 678 658 140 658 658 698 638 698 0 638 638 180 638 160 140 678
0 678 60 160 618 678 638 678 638 658 120 658 658 638 100 100 60 698 658 618 539 40 658 638 658 658 678 638 678 598 160 658 598 559 618 638 160 638 638 598 638 539 658 40 120 618 60 160 678 638 638 618 160 658 120 618 140 140 100 598 618 579 698 718 658 678 598 658 658 598 618 598 638 678 0 638 658 559 638 658 100
0 718 618 738 698 140 638 180 678 738 698 638 698 160 718 678 598 678 120 698 100 598 40 180 160 698 678 698 718 658 598 718 658 658 678 658 718 160 160 638 678 658 200 638 698 160 678 678 579 678 638 638 598 698 678 698 718 698 638 200 160 698 718 718 698 718 160 638 678 120 160 678 100 718 638 0 738 120 698 638 658
0 638 638 718 678 698 120 698 180 678 658 100 180 658 678 618 678 678 658 120 618 618 638 598 678 140 160 579 638 678 678 778 658 160 638 220 718 678 618 160 598 160 658 658 718 618 678 638 698 678 658 678 678 80 638 678 618 638 658 658 718 180 120 618 160 658 638 180 638 658 678 598 698 140 658 678 0 638 220 180 678
0 658 559 678 658 180 678 180 618 698 638 658 658 120 698 658 658 718 160 638 120 539 120 120 100 658 678 678 698 638 678 698 618 638 638 698 678 100 140 598 638 638 160 579 698 100 658 698 658 638 658 598 678 638 638 638 658 678 618 140 180 658 678 718 678 698 100 698 698 60 120 618 160 678 618 80 678 0 718 698 598
0 658 618 658 678 658 140 658 160 698 579 100 160 579 598 618 598 618 678 160 658 618 638 658 598 140 180 678 678 638 638 718 618 120 638 180 718 598 658 100 658 40 559 638 658 658 638 718 638 598 618 658 678 120 598 638 678 559 638 618 658 140 140 678 180 658 658 80 559 638 638 658 618 200 638 658 220 598 0 100 598
0 658 618 638 598 638 140 579 100 658 579 80 80 579 618 598 658 638 598 100 638 598 559 618 598 160 140 638 658 658 658 658 539 100 559 120 698 598 638 100 618 140 638 638 638 598 579 658 638 579 618 658 598 120 618 678 618 598 638 658 638 120 80 618 180 678 658 100 579 618 559 658 598 160 638 618 180 618 120 0 618
0 598 140 160 638 678 618 678 638 638 100 638 638 618 100 120 140 678 638 638 658 120 658 658 638 678 698 678 678 579 180 698 579 658 618 718 140 638 658 618 658 618 658 160 180 638 160 200 678 618 638 698 160 658 100 598 160 180 120 678 678 678 678 718 698 718 579 698 678 598 598 698 618 698 140 658 698 638 698 638 0
SETUP_COST
0.0 3200.0 1200.0 4000.0 3600.0 2400.0 3200.0 2400.0 2400.0 3200.0 400.0 1200.0 2400.0 3200.0 2800.0 2800.0 2400.0 2400.0 3200.0 2800.0 2400.0 1200.0 3200.0 2400.0 2000.0 3600.0 4000.0 2000.0 3200.0 3200.0 2400.0 3600.0 3200.0 1600.0 2800.0 3200.0 3600.0 2800.0 2400.0 2000.0 2400.0 2400.0 3200.0 1600.0 3200.0 2400.0 2000.0 3600.0 2000.0 3200.0 1200.0 2000.0 4000.0 2400.0 3200.0 3200.0 2800.0 3200.0 2800.0 3200.0 2400.0 2000.0 2800.0 2800.0 3600.0 3200.0 3200.0 2800.0 3200.0 2000.0 2800.0 2400.0 1200.0 3600.0 2800.0 2400.0 800.0 2000.0 2400.0 2800.0 2400.0
0.0 0.0 13160.0 12360.0 1200.0 12760.0 10780.0 14360.0 12760.0 800.0 13160.0 13560.0 13160.0 11580.0 12760.0 12360.0 12760.0 4000.0 13560.0 13160.0 12760.0 12760.0 12360.0 13160.0 12760.0 12760.0 12760.0 3200.0 3600.0 2000.0 12760.0 4400.0 2000.0 12760.0 400.0 13960.0 13960.0 12760.0 13160.0 11960.0 2800.0 12760.0 12760.0 12760.0 12360.0 12760.0 13160.0 13160.0 2400.0 1600.0 2800.0 3600.0 13160.0 12760.0 13160.0 2400.0 12760.0 13560.0 12360.0 13160.0 12760.0 12760.0 13160.0 2400.0 13560.0 3600.0 12360.0 13560.0 3600.0 12760.0 12760.0 2400.0 13160.0 13960.0 12360.0 11580.0 14360.0 13160.0 13160.0 13560.0 13560.0
0.0 12760.0 0.0 3600.0 12760.0 13560.0 13160.0 13560.0 11960.0 13560.0 2800.0 12760.0 13560.0 12760.0 3200.0 2400.0 2800.0 13960.0 13160.0 12360.0 12360.0 2400.0 12760.0 12360.0 11960.0 12760.0 13560.0 12760.0 13160.0 12360.0 2800.0 13560.0 12760.0 12360.0 11960.0 13560.0 3600.0 11960.0 12360.0 11180.0 12360.0 12360.0 12760.0 400.0 3200.0 11960.0 2400.0 3200.0 12760.0 12760.0 12760.0 13560.0 3200.0 13160.0 2800.0 12760.0 2400.0 2800.0 1600.0 12760.0 13560.0 12760.0 13960.0 13960.0 12760.0 13560.0 12360.0 13960.0 13160.0 12760.0 12760.0 11960.0 13160.0 13160.0 1600.0 12360.0 13160.0 12760.0 13960.0 13560.0 1200.0
0.0 12360.0 2000.0 0.0 13160.0 13560.0 12760.0 13960.0 13160.0 12760.0 2800.0 13160.0 13160.0 11960.0 2800.0 2400.0 2000.0 13960.0 13560.0 13160.0 11580.0 1600.0 12760.0 12360.0 11960.0 13160.0 13160.0 12760.0 13160.0 12360.0 3600.0 13560.0 12760.0 11580.0 12760.0 13160.0 3600.0 11960.0 12360.0 12360.0 12360.0 11580.0 12360.0 1600.0 400.0 12760.0 1600.0 3200.0 13560.0 12360.0 12760.0 12760.0 2400.0 11960.0 2800.0 12760.0 3600.0 2400.0 800.0 12760.0 11580.0 12360.0 13560.0 13960.0 12360.0 12760.0 12760.0 13560.0 12760.0 12760.0 12760.0 12760.0 13160.0 13960.0 800.0 13160.0 13960.0 11960.0 11960.0 13160.0 1600.0
0.0 3200.0 12760.0 11580.0 0.0 13560.0 13560.0 14360.0 12760.0 3200.0 13560.0 13160.0 13560.0 12360.0 13160.0 12360.0 12760.0 3200.0 12760.0 13160.0 11960.0 12360.0 13160.0 12760.0 11960.0 11960.0 14360.0 2400.0 3200.0 2400.0 13160.0 3600.0 2800.0 11960.0 3200.0 13160.0 14360.0 11960.0 12760.0 10780.0 2400.0 11960.0 12360.0 12360.0 11580.0 13160.0 12360.0 12360.0 2400.0 2000.0 2400.0 2800.0 13160.0 12760.0 13160.0 3200.0 13560.0 13160.0 11580.0 12760.0 12360.0 12360.0 13560.0 3600.0 12360.0 3600.0 12760.0 13560.0 3200.0 12760.0 12760.0 2800.0 13560.0 13960.0 11580.0 13560.0 13960.0 11960.0 12760.0 13560.0 13160.0
0.0 12760.0 13960.0 14360.0 13560.0 0.0 12760.0 4400.0 13960.0 13560.0 13960.0 14360.0 13960.0 3200.0 14360.0 12760.0 13960.0 14760.0 4000.0 13560.0 2800.0 13560.0 3200.0 2400.0 3600.0 11960.0 14760.0 13160.0 12760.0 13160.0 13560.0 13960.0 13160.0 13560.0 12760.0 15160.0 14360.0 3600.0 2400.0 13560.0 12760.0 13160.0 2000.0 13560.0 14360.0 2800.0 13960.0 13560.0 13560.0 13960.0 13560.0 14760.0 14360.0 13560.0 13560.0 12760.0 13960.0 13560.0 12760.0 2400.0 2400.0 13960.0 14360.0 14760.0 13960.0 13960.0 2800.0 14360.0 13560.0 3200.0 3200.0 13160.0 3600.0 15160.0 13160.0 2400.0 14360.0 3200.0 13160.0 14360.0 14360.0
0.0 13560.0 13560.0 13160.0 14360.0 14760.0 0.0 14760.0 2400.0 13960.0 14360.0 3200.0 4400.0 11580.0 13960.0 11960.0 14360.0 13960.0 13560.0 3600.0 13560.0 13560.0 13560.0 12760.0 13960.0 3200.0 4000.0 13560.0 13960.0 14360.0 14360.0 14360.0 13960.0 2800.0 13560.0 4000.0 15560.0 14360.0 13160.0 2800.0 12760.0 3600.0 13560.0 12760.0 13160.0 13560.0 12760.0 13960.0 13960.0 11580.0 13960.0 13560.0 13560.0 2400.0 13560.0 14360.0 13160.0 13960.0 13560.0 13960.0 13960.0 2400.0 2400.0 13160.0 4000.0 13960.0 13960.0 4400.0 13960.0 12360.0 14360.0 13560.0 13960.0 3600.0 13560.0 13960.0 3600.0 13560.0 4000.0 4400.0 13960.0
0.0 12360.0 12360.0 13560.0 13160.0 2400.0 12360.0 0.0 11580.0 12760.0 13960.0 12360.0 13560.0 2800.0 13160.0 12360.0 13560.0 13560.0 4000.0 13560.0 3200.0 12360.0 1600.0 2800.0 2400.0 13960.0 12360.0 13160.0 12760.0 13160.0 13560.0 13160.0 13160.0 11960.0 12360.0 13560.0 14360.0 3600.0 2000.0 13160.0 12760.0 13560.0 3600.0 12360.0 13560.0 2800.0 12360.0 13160.0 13960.0 13160.0 12760.0 13160.0 12760.0 12760.0 13560.0 13960.0 11580.0 13960.0 12760.0 4000.0 2800.0 12760.0 14360.0 11180.0 13960.0 14360.0 3200.0 13960.0 13960.0 2800.0 3200.0 13160.0 2400.0 12760.0 13160.0 2400.0 12760.0 2800.0 13560.0 13960.0 12760.0
0.0 13560.0 11580.0 14360.0 13960.0 12760.0 3200.0 13160.0 0.0 13560.0 13560.0 1200.0 2400.0 12760.0 12760.0 13160.0 13960.0 12760.0 13960.0 2400.0 12760.0 11580.0 13160.0 12760.0 11960.0 2800.0 2400.0 12760.0 12360.0 12760.0 13160.0 12360.0 13160.0 800.0 13160.0 2800.0 13560.0 13160.0 13160.0 2000.0 12760.0 3200.0 13160.0 11580.0 12760.0 12360.0 11580.0 13960.0 13560.0 13160.0 12360.0 12360.0 14360.0 2800.0 13560.0 13560.0 11960.0 13160.0 12760.0 13560.0 12360.0 1600.0 3600.0 13560.0 3600.0 13560.0 13160.0 2800.0 13560.0 11960.0 13560.0 12360.0 11960.0 1600.0 13160.0 12760.0 1600.0 12360.0 2400.0 2800.0 12360.0
0.0 3200.0 13160.0 11580.0 3600.0 13960.0 13160.0 13560.0 13560.0 0.0 13560.0 13960.0 13560.0 12760.0 13560.0 12760.0 12760.0 4000.0 14360.0 12360.0 12360.0 12760.0 13560.0 12360.0 12760.0 11960.0 13560.0 2400.0 2800.0 3200.0 13960.0 4000.0 3200.0 12360.0 3200.0 13960.0 14360.0 12760.0 12360.0 13160.0 2000.0 12360.0 12360.0 12760.0 11580.0 11960.0 12760.0 13160.0 4000.0 2800.0 3200.0 3600.0 13560.0 12760.0 13160.0 3200.0 12760.0 12760.0 11960.0 12360.0 11960.0 13160.0 13960.0 4000.0 13160.0 2800.0 13160.0 13960.0 2800.0 13560.0 13560.0 1600.0 13560.0 14360.0 11960.0 13160.0 13960.0 12760.0 12360.0 13960.0 12760.0
0.0 13560.0 1200.0 3600.0 13560.0 13160.0 13560.0 13560.0 12760.0 13160.0 0.0 11180.0 12360.0 13160.0 2400.0 3200.0 2800.0 12360.0 13960.0 12760.0 12360.0 800.0 13160.0 13160.0 12760.0 13160.0 13960.0 13160.0 12760.0 13160.0 2800.0 13560.0 13160.0 11580.0 12760.0 13160.0 3200.0 12760.0 13160.0 11960.0 13160.0 12360.0 13160.0 1200.0 2800.0 12760.0 1600.0 3600.0 13160.0 13160.0 11180.0 11960.0 3600.0 12760.0 3200.0 13160.0 3200.0 2800.0 2400.0 13160.0 12360.0 11960.0 13560.0 14360.0 13560.0 13160.0 13160.0 12760.0 13160.0 11960.0 13560.0 12760.0 11180.0 13960.0 2400.0 12360.0 13560.0 11960.0 12760.0 12760.0 2000.0
0.0 13160.0 10780.0 13560.0 13160.0 13560.0 2800.0 13160.0 1600.0 13560.0 13160.0 0.0 1600.0 13160.0 13560.0 12760.0 13160.0 11960.0 13560.0 2400.0 11960.0 10780.0 12760.0 12760.0 12360.0 2800.0 3200.0 13160.0 13560.0 12760.0 13160.0 13960.0 12760.0 2400.0 12360.0 3600.0 13960.0 12360.0 12760.0 1200.0 12760.0 2400.0 13160.0 11180.0 12760.0 12360.0 13160.0 13560.0 12760.0 13160.0 12760.0 11580.0 13160.0 2000.0 12760.0 12760.0 13160.0 13560.0 12360.0 12760.0 13560.0 2400.0 2800.0 13960.0 2800.0 13160.0 12760.0 2000.0 13160.0 11180.0 12760.0 12360.0 13160.0 3200.0 12360.0 11960.0 3200.0 11580.0 3600.0 2000.0 11960.0
0.0 14360.0 13160.0 13160.0 13960.0 13960.0 3200.0 14360.0 2000.0 13560.0 13960.0 2800.0 0.0 12760.0 13960.0 13160.0 13160.0 14360.0 13560.0 2000.0 12360.0 12760.0 13560.0 12760.0 12760.0 3600.0 3600.0 13160.0 13560.0 13160.0 14360.0 12760.0 13560.0 2400.0 13960.0 4000.0 12760.0 12760.0 12760.0 3200.0 12760.0 2000.0 13160.0 12760.0 11580.0 11960.0 12760.0 13560.0 14760.0 13160.0 12760.0 13560.0 13560.0 3600.0 13560.0 13960.0 12760.0 13560.0 11960.0 13560.0 12360.0 2800.0 4000.0 14360.0 2800.0 13560.0 13560.0 2800.0 13560.0 13560.0 13560.0 13560.0 13960.0 3600.0 12360.0 13960.0 3600.0 12760.0 2400.0 3200.0 13960.0
0.0 12760.0 13160.0 12360.0 13560.0 4400.0 12760.0 3600.0 13960.0 13160.0 13560.0 13560.0 13960.0 0.0 12760.0 11180.0 13560.0 13160.0 2400.0 13160.0 2400.0 12760.0 3200.0 1600.0 3200.0 12360.0 14360.0 12760.0 13160.0 13560.0 13560.0 13960.0 13160.0 13160.0 12760.0 13160.0 14760.0 3200.0 2000.0 13560.0 11960.0 13160.0 2400.0 11960.0 12360.0 2400.0 11960.0 13160.0 13160.0 10780.0 13160.0 13960.0 14360.0 11960.0 12760.0 13560.0 13560.0 12760.0 12760.0 2800.0 2800.0 11960.0 11960.0 14760.0 13560.0 13160.0 2800.0 13960.0 13160.0 1200.0 3200.0 12760.0 3600.0 15160.0 12760.0 3200.0 13960.0 2400.0 13560.0 13960.0 13160.0
0.0 13160.0 3200.0 3600.0 13960.0 12760.0 13160.0 14360.0 14760.0 13960.0 3200.0 13160.0 13960.0 13560.0 0.0 1600.0 3200.0 14760.0 13960.0 12760.0 13160.0 2800.0 13960.0 12760.0 12760.0 13160.0 14360.0 12360.0 12760.0 13960.0 3200.0 15160.0 13960.0 12760.0 13560.0 14760.0 4400.0 14360.0 11960.0 14360.0 11580.0 13960.0 13560.0 2800.0 3600.0 12360.0 3200.0 2400.0 13160.0 12360.0 12760.0 14360.0 2800.0 12760.0 2000.0 14360.0 3200.0 3600.0 3200.0 13560.0 14360.0 13560.0 13160.0 14760.0 13160.0 13960.0 13960.0 13960.0 13960.0 13960.0 14360.0 12360.0 13960.0 12760.0 3200.0 13960.0 14760.0 13560.0 14360.0 13960.0 4000.0
0.0 11960.0 2000.0 3200.0 12760.0 13960.0 12360.0 13960.0 13560.0 12760.0 2400.0 12760.0 13560.0 12760.0 2800.0 0.0 2800.0 13560.0 13560.0 12760.0 11960.0 2000.0 13560.0 11580.0 12760.0 12360.0 13960.0 11960.0 12360.0 12760.0 2800.0 15160.0 12360.0 12760.0 12360.0 14360.0 3600.0 12760.0 11580.0 13160.0 11580.0 12760.0 12760.0 2400.0 3600.0 12360.0 2800.0 2000.0 13560.0 12760.0 12360.0 13160.0 3600.0 11180.0 2000.0 12760.0 2800.0 2000.0 2000.0 12760.0 13960.0 13160.0 13160.0 13960.0 12760.0 12760.0 12360.0 13160.0 12360.0 12760.0 12760.0 12360.0 13160.0 14360.0 2400.0 12760.0 14360.0 12360.0 14360.0 13160.0 2800.0
0.0 14360.0 2800.0 3200.0 15160.0 12760.0 11580.0 13160.0 13560.0 14360.0 4000.0 13960.0 14360.0 12360.0 4400.0 2400.0 0.0 13960.0 12760.0 13160.0 13560.0 2400.0 14360.0 13160.0 14360.0 13960.0 12360.0 13160.0 14360.0 14760.0 3200.0 15160.0 13960.0 13960.0 14360.0 14760.0 2800.0 14360.0 13560.0 12760.0 13160.0 11960.0 14360.0 3200.0 3200.0 12760.0 3600.0 4000.0 13160.0 12360.0 14360.0 13560.0 2000.0 13560.0 3600.0 13160.0 3600.0 4000.0 2800.0 12760.0 14360.0 13560.0 13560.0 13960.0 14360.0 14360.0 13960.0 13560.0 14360.0 13160.0 13960.0 12760.0 14360.0 14760.0 3200.0 13560.0 14760.0 12760.0 14760.0 13960.0 3600.0
0.0 4000.0 12760.0 14360.0 3200.0 13160.0 11960.0 13960.0 13960.0 4000.0 13960.0 13960.0 13960.0 12760.0 13560.0 13160.0 12360.0 0.0 12760.0 13560.0 11960.0 12360.0 13960.0 13560.0 11960.0 13560.0 13960.0 4000.0 4400.0 2800.0 13960.0 4000.0 2800.0 12360.0 3600.0 13960.0 14360.0 11960.0 13960.0 12360.0 3600.0 11580.0 13960.0 12360.0 13960.0 13160.0 12760.0 14360.0 4000.0 2400.0 2400.0 2800.0 13960.0 13960.0 13960.0 3200.0 13560.0 14360.0 12760.0 12760.0 13560.0 12760.0 13960.0 3200.0 13960.0 4400.0 13160.0 14360.0 3600.0 12360.0 13160.0 2800.0 13960.0 14760.0 11960.0 13560.0 14360.0 11960.0 13560.0 14360.0 13560.0
0.0 12760.0 11180.0 13960.0 13560.0 3600.0 13160.0 3600.0 12760.0 13560.0 13160.0 13560.0 13560.0 2800.0 13960.0 13160.0 13560.0 13160.0 0.0 13160.0 2800.0 11180.0 2800.0 2800.0 2400.0 13160.0 13960.0 13560.0 13960.0 12760.0 13560.0 14360.0 12360.0 13160.0 12760.0 14360.0 13960.0 2400.0 2800.0 11960.0 13160.0 13160.0 3200.0 11580.0 13960.0 2400.0 13560.0 13960.0 13160.0 13160.0 13160.0 11960.0 13560.0 12360.0 13160.0 12760.0 13560.0 13960.0 12760.0 3200.0 3200.0 13160.0 13560.0 13960.0 13560.0 13160.0 2000.0 13960.0 13960.0 1200.0 2400.0 12760.0 3200.0 13960.0 12760.0 2000.0 13960.0 400.0 13960.0 14360.0 12360.0
0.0 14360.0 12760.0 12760.0 14360.0 14360.0 4000.0 14760.0 3600.0 11960.0 13560.0 4000.0 3600.0 13560.0 11960.0 13560.0 13560.0 13160.0 14360.0 0.0 11960.0 12360.0 14360.0 13560.0 13960.0 2800.0 4800.0 13560.0 13960.0 12760.0 13560.0 15560.0 13160.0 3600.0 13560.0 4800.0 14360.0 13960.0 13160.0 3200.0 13160.0 2400.0 13160.0 13160.0 12760.0 13160.0 13960.0 13560.0 13160.0 13960.0 13960.0 13160.0 14360.0 3600.0 13960.0 13560.0 13960.0 14360.0 13160.0 13560.0 13160.0 2400.0 4400.0 14360.0 3600.0 14360.0 13160.0 4000.0 14360.0 13160.0 13560.0 12760.0 13960.0 4000.0 13160.0 13560.0 2400.0 12360.0 3200.0 3600.0 13560.0
0.0 13560.0 11580.0 13560.0 12760.0 3200.0 13960.0 3200.0 12760.0 14360.0 12360.0 12760.0 12760.0 2000.0 13560.0 12360.0 13560.0 14360.0 2800.0 13160.0 0.0 11180.0 2800.0 2800.0 2400.0 13560.0 13960.0 13560.0 13560.0 11580.0 13560.0 14360.0 11960.0 13160.0 12360.0 14360.0 13160.0 2400.0 2800.0 11960.0 13160.0 13160.0 2800.0 11580.0 13960.0 2400.0 13560.0 13960.0 13160.0 12760.0 12760.0 11960.0 13960.0 12760.0 12360.0 12360.0 13560.0 13960.0 12760.0 3200.0 3200.0 13160.0 13560.0 14360.0 13560.0 14360.0 1200.0 13960.0 13560.0 1600.0 2000.0 12760.0 2400.0 13160.0 12760.0 2000.0 13960.0 400.0 13960.0 12760.0 12360.0
0.0 13160.0 400.0 3200.0 13160.0 13560.0 13160.0 13560.0 12360.0 13560.0 3200.0 12760.0 13560.0 12760.0 3200.0 2800.0 2800.0 14360.0 13560.0 12760.0 12760.0 0.0 12360.0 12760.0 12360.0 12760.0 13560.0 13160.0 13560.0 12760.0 2800.0 13960.0 12760.0 12760.0 12360.0 13960.0 4000.0 12360.0 12760.0 11580.0 12760.0 12760.0 13160.0 800.0 3200.0 12360.0 2800.0 3200.0 12760.0 13160.0 12760.0 11580.0 3200.0 12360.0 2400.0 12760.0 2800.0 3200.0 1600.0 12760.0 13960.0 12760.0 13160.0 13960.0 13160.0 13560.0 12760.0 13960.0 13560.0 11180.0 13160.0 11960.0 13160.0 13560.0 2000.0 11960.0 13560.0 11580.0 14360.0 13960.0 1200.0
0.0 14360.0 12360.0 14360.0 13960.0 4000.0 13560.0 4400.0 13560.0 14360.0 14360.0 11960.0 13160.0 2400.0 13960.0 12760.0 12760.0 13160.0 3600.0 13160.0 2000.0 11960.0 0.0 2800.0 2800.0 13160.0 14760.0 13160.0 13560.0 13560.0 13160.0 14760.0 13560.0 12760.0 13560.0 12760.0 15160.0 2800.0 2400.0 13160.0 12760.0 12760.0 3200.0 12760.0 14360.0 2400.0 12760.0 13560.0 12760.0 13160.0 13560.0 13160.0 11580.0 13560.0 12760.0 13960.0 13560.0 13960.0 11960.0 3200.0 3600.0 13160.0 14360.0 14360.0 13160.0 14360.0 3200.0 13560.0 13560.0 2400.0 3200.0 13560.0 3200.0 14760.0 12360.0 1200.0 14760.0 2400.0 13960.0 13560.0 13160.0
0.0 12360.0 11960.0 13560.0 12760.0 3200.0 12360.0 2800.0 12760.0 12760.0 11960.0 11960.0 12760.0 1600.0 12360.0 10780.0 12360.0 12760.0 2400.0 11960.0 800.0 11580.0 2400.0 0.0 1600.0 11580.0 13160.0 11180.0 11580.0 11960.0 12360.0 13960.0 11580.0 11960.0 11960.0 13560.0 13160.0 1600.0 400.0 12360.0 10780.0 12760.0 1600.0 12360.0 13160.0 1200.0 12360.0 11580.0 12760.0 11960.0 11580.0 12760.0 13560.0 11580.0 11580.0 11960.0 12360.0 11580.0 12360.0 1600.0 2800.0 12360.0 12360.0 13960.0 11960.0 11580.0 1200.0 12360.0 11580.0 2000.0 1600.0 11180.0 2000.0 13560.0 12360.0 2400.0 13560.0 1200.0 13560.0 12360.0 12360.0
0.0 13160.0 13560.0 14360.0 13560.0 3600.0 13160.0 2800.0 13960.0 13560.0 13960.0 14360.0 14360.0 2400.0 12360.0 12760.0 13960.0 14760.0 2800.0 12360.0 3200.0 13160.0 2400.0 3200.0 0.0 14360.0 13560.0 13160.0 13560.0 14360.0 13960.0 13160.0 13160.0 13960.0 12760.0 12760.0 15560.0 4000.0 2800.0 13960.0 12760.0 13960.0 4000.0 13160.0 13960.0 3200.0 11180.0 13960.0 13560.0 12760.0 13960.0 12360.0 13560.0 13560.0 13560.0 14760.0 12360.0 13960.0 14360.0 4400.0 3200.0 13960.0 13560.0 12360.0 14360.0 14760.0 4000.0 13160.0 13960.0 3200.0 3200.0 13560.0 4000.0 14360.0 13560.0 2400.0 13960.0 3200.0 13960.0 13160.0 14360.0
0.0 12760.0 12360.0 13960.0 13160.0 13560.0 2800.0 13560.0 2800.0 13160.0 12760.0 2400.0 2800.0 12360.0 12760.0 11580.0 12760.0 13160.0 13560.0 2000.0 11580.0 12360.0 13160.0 11180.0 12360.0 0.0 3600.0 11960.0 12360.0 12760.0 12760.0 13160.0 12360.0 1600.0 12760.0 3200.0 13560.0 12360.0 11580.0 2400.0 11180.0 1600.0 10780.0 12360.0 13560.0 11960.0 12360.0 12360.0 13560.0 12360.0 12360.0 13160.0 13160.0 2000.0 11960.0 12760.0 12760.0 11960.0 11180.0 11180.0 13160.0 2000.0 2400.0 13160.0 2000.0 12360.0 12360.0 2800.0 12360.0 11960.0 12760.0 11580.0 13160.0 3600.0 11580.0 13160.0 3600.0 11960.0 3200.0 2800.0 12760.0
0.0 13160.0 13160.0 13960.0 13960.0 11180.0 2400.0 13160.0 3600.0 13160.0 13160.0 2800.0 2800.0 12360.0 13160.0 12360.0 11580.0 13960.0 13160.0 1600.0 12360.0 12760.0 13560.0 11960.0 13160.0 2000.0 0.0 12360.0 12760.0 13160.0 13560.0 14360.0 12760.0 2800.0 13160.0 4000.0 13960.0 13160.0 11960.0 3200.0 11960.0 2400.0 12760.0 13160.0 13960.0 11580.0 13160.0 12760.0 13960.0 12760.0 12760.0 13960.0 13160.0 2800.0 12760.0 13160.0 12360.0 12760.0 12360.0 12360.0 13160.0 3200.0 2800.0 13960.0 3200.0 13160.0 12760.0 3200.0 12760.0 13560.0 12360.0 11580.0 13560.0 4800.0 12760.0 12760.0 3600.0 12760.0 3200.0 3600.0 13560.0
0.0 3200.0 11960.0 13560.0 3600.0 13560.0 12760.0 13160.0 13160.0 2400.0 13160.0 11580.0 12760.0 12760.0 12760.0 11960.0 13560.0 2800.0 12360.0 11580.0 12360.0 11580.0 13560.0 11580.0 13160.0 12760.0 13160.0 0.0 2400.0 2800.0 13560.0 4400.0 2400.0 12760.0 2800.0 14360.0 13960.0 13160.0 11960.0 12760.0 1600.0 12760.0 13160.0 12360.0 13960.0 11180.0 13160.0 12760.0 3600.0 2800.0 2400.0 2400.0 13960.0 12760.0 11960.0 2800.0 12360.0 12760.0 12360.0 12360.0 13960.0 13160.0 11580.0 3600.0 13160.0 2400.0 12760.0 13160.0 2400.0 12360.0 13160.0 800.0 13560.0 14360.0 12360.0 12760.0 13560.0 12360.0 14360.0 13160.0 12760.0
0.0 3600.0 12760.0 13560.0 4000.0 12760.0 13960.0 14360.0 13960.0 4400.0 13560.0 13960.0 13960.0 13560.0 13960.0 12760.0 13560.0 4000.0 14360.0 13560.0 11960.0 12360.0 13960.0 12360.0 13560.0 11960.0 13160.0 2800.0 0.0 2400.0 11580.0 3200.0 2800.0 13160.0 3200.0 14760.0 12760.0 13560.0 12760.0 13560.0 2000.0 12760.0 11960.0 13160.0 13560.0 13160.0 13560.0 12760.0 4400.0 3200.0 3200.0 3200.0 14360.0 13560.0 13160.0 3200.0 13960.0 13160.0 12760.0 12360.0 14360.0 13560.0 13960.0 4000.0 13560.0 3200.0 13160.0 13160.0 3200.0 13160.0 13560.0 2800.0 13560.0 14360.0 12760.0 13560.0 15160.0 12360.0 14760.0 13560.0 13560.0
0.0 3200.0 12360.0 12760.0 1600.0 12760.0 13160.0 12760.0 11960.0 3200.0 11580.0 11960.0 11960.0 11580.0 12360.0 11960.0 12760.0 3200.0 11960.0 12360.0 12360.0 11960.0 12360.0 12360.0 11960.0 12760.0 13160.0 2800.0 2800.0 0.0 13160.0 3200.0 400.0 12360.0 800.0 13560.0 12360.0 11960.0 12360.0 11580.0 2000.0 12760.0 12360.0 12760.0 12760.0 11960.0 12760.0 13160.0 2400.0 1200.0 1200.0 2800.0 13160.0 12760.0 11580.0 800.0 12760.0 13160.0 11960.0 13160.0 12760.0 12760.0 12760.0 3200.0 13160.0 3200.0 10780.0 13160.0 2400.0 12360.0 11180.0 2800.0 11580.0 13160.0 12360.0 13160.0 13160.0 12360.0 13160.0 11960.0 13160.0
0.0 13560.0 2800.0 4400.0 14360.0 11960.0 13560.0 14360.0 14360.0 14360.0 3600.0 13560.0 13560.0 12760.0 3600.0 2000.0 3200.0 14360.0 13560.0 13560.0 13560.0 2800.0 13960.0 13160.0 13960.0 13160.0 12360.0 12760.0 13960.0 14360.0 0.0 12760.0 13960.0 14360.0 13960.0 15160.0 5200.0 13960.0 13160.0 13960.0 13160.0 14760.0 13560.0 3200.0 4400.0 13160.0 4000.0 2000.0 14360.0 13160.0 14360.0 13960.0 4800.0 13160.0 2400.0 13960.0 3600.0 2800.0 3600.0 13960.0 13960.0 13560.0 13560.0 14360.0 14760.0 14360.0 14360.0 13560.0 13160.0 13560.0 12760.0 13160.0 14360.0 15560.0 4000.0 13960.0 15160.0 12760.0 14360.0 13560.0 3600.0
0.0 4000.0 12760.0 13960.0 3200.0 13960.0 13960.0 12760.0 13560.0 3200.0 12760.0 12760.0 13160.0 12760.0 13960.0 13560.0 14360.0 2400.0 13560.0 13560.0 12760.0 12760.0 12760.0 13560.0 13160.0 14760.0 14360.0 3600.0 3600.0 3200.0 14360.0 0.0 2000.0 13560.0 2400.0 13960.0 13960.0 13160.0 13160.0 13160.0 2800.0 13560.0 13960.0 13160.0 14360.0 13160.0 12760.0 13960.0 3600.0 2800.0 2800.0 3200.0 13160.0 13960.0 13160.0 2800.0 13560.0 13160.0 13160.0 12760.0 13960.0 13960.0 13160.0 3200.0 14360.0 4000.0 12760.0 13560.0 2400.0 13160.0 12760.0 3200.0 13160.0 14760.0 13160.0 13160.0 15160.0 12760.0 14360.0 11960.0 13560.0
0.0 2800.0 11960.0 12760.0 1600.0 12360.0 12760.0 12360.0 13160.0 2800.0 11180.0 11580.0 11580.0 11180.0 13160.0 11960.0 12760.0 2800.0 11960.0 11960.0 12760.0 11960.0 13560.0 11960.0 11580.0 13160.0 12760.0 2400.0 2800.0 2800.0 12760.0 2800.0 0.0 12360.0 800.0 13160.0 13560.0 11580.0 12360.0 11960.0 1600.0 12760.0 13560.0 12360.0 12760.0 11580.0 12360.0 13160.0 2000.0 800.0 1600.0 2400.0 14360.0 12360.0 12760.0 3200.0 12360.0 12760.0 12760.0 12760.0 12760.0 12760.0 12760.0 2800.0 13560.0 2800.0 13160.0 13160.0 2800.0 11960.0 10780.0 2400.0 11960.0 14360.0 12760.0 12760.0 13560.0 11960.0 13160.0 13560.0 12760.0
0.0 13160.0 13160.0 13560.0 13960.0 13160.0 2800.0 13160.0 3200.0 12760.0 13160.0 3200.0 3200.0 12360.0 11960.0 12360.0 13560.0 13960.0 13160.0 1600.0 12760.0 12760.0 12760.0 12360.0 13560.0 2800.0 3200.0 12760.0 13160.0 12760.0 13560.0 12760.0 13160.0 0.0 13560.0 2000.0 14360.0 13160.0 12360.0 3600.0 12360.0 2400.0 12760.0 10780.0 12360.0 11960.0 10780.0 13160.0 13160.0 12360.0 13160.0 13960.0 13560.0 2800.0 13160.0 13560.0 12760.0 12760.0 12760.0 12760.0 11960.0 800.0 3200.0 13960.0 3600.0 13160.0 13160.0 2400.0 12760.0 13160.0 13160.0 11580.0 13560.0 3600.0 12760.0 12360.0 2800.0 13160.0 1600.0 2800.0 12360.0
0.0 3600.0 13160.0 12360.0 800.0 12760.0 13960.0 14760.0 13160.0 2400.0 13560.0 13960.0 13560.0 12760.0 13960.0 13160.0 13160.0 4000.0 13160.0 13560.0 12360.0 12760.0 13960.0 13160.0 12760.0 12760.0 12360.0 3200.0 4000.0 2400.0 13160.0 4400.0 2400.0 12760.0 0.0 13960.0 14360.0 12760.0 13560.0 11580.0 2800.0 12760.0 13160.0 12760.0 12360.0 13160.0 13160.0 13160.0 2400.0 2800.0 3200.0 3600.0 13560.0 13560.0 13560.0 2800.0 13960.0 13960.0 11960.0 13160.0 13160.0 13160.0 14360.0 4000.0 13160.0 4000.0 12760.0 13960.0 3600.0 13560.0 13160.0 2800.0 13560.0 14760.0 12360.0 14360.0 14760.0 12760.0 13560.0 13960.0 13560.0
0.0 12360.0 12760.0 13560.0 12760.0 13160.0 2000.0 13160.0 3600.0 13160.0 13160.0 2000.0 2800.0 12360.0 13160.0 11180.0 11580.0 12760.0 13160.0 1600.0 11960.0 12360.0 12760.0 11960.0 13160.0 2400.0 3200.0 11180.0 11580.0 12760.0 12360.0 13960.0 12760.0 1600.0 12760.0 0.0 13560.0 13160.0 10780.0 2400.0 10780.0 1600.0 12360.0 10780.0 13560.0 11580.0 12360.0 11580.0 13160.0 12760.0 11580.0 13160.0 13160.0 1200.0 11580.0 13160.0 12360.0 12760.0 12360.0 12360.0 13160.0 2000.0 2000.0 13960.0 2000.0 12760.0 12760.0 2800.0 12760.0 12760.0 13160.0 11580.0 12760.0 3600.0 11580.0 12360.0 3600.0 11960.0 3200.0 2800.0 12760.0
0.0 13160.0 2800.0 800.0 12760.0 13560.0 13160.0 12360.0 13160.0 12760.0 2000.0 12760.0 12760.0 12360.0 2800.0 2400.0 2400.0 13560.0 12760.0 13160.0 11960.0 2400.0 11960.0 12760.0 12760.0 13960.0 13960.0 13560.0 13560.0 13160.0 3600.0 13960.0 11960.0 12360.0 12360.0 13560.0 0.0 12760.0 13160.0 13160.0 12760.0 12360.0 13160.0 2400.0 1200.0 12760.0 2000.0 3600.0 13560.0 12760.0 13160.0 13560.0 2800.0 12360.0 1600.0 13160.0 3200.0 2400.0 1200.0 13160.0 11960.0 12760.0 12760.0 13160.0 12760.0 11960.0 13160.0 11580.0 12360.0 13160.0 12360.0 13560.0 12760.0 13560.0 1600.0 13160.0 14760.0 12360.0 12360.0 11580.0 2400.0
0.0 13160.0 13560.0 14360.0 13560.0 1600.0 13560.0 2800.0 13960.0 13560.0 13960.0 14360.0 13560.0 2400.0 12360.0 12760.0 13960.0 14760.0 2800.0 12360.0 3600.0 13560.0 2400.0 3600.0 400.0 13160.0 13560.0 13560.0 13960.0 14360.0 13960.0 13160.0 13160.0 13960.0 12760.0 12760.0 15560.0 0.0 2800.0 13960.0 12760.0 13960.0 3200.0 13160.0 13960.0 3200.0 11580.0 13960.0 13560.0 12760.0 11180.0 12360.0 13560.0 13560.0 13560.0 14360.0 12760.0 13960.0 13960.0 3600.0 3200.0 13960.0 13560.0 12360.0 13160.0 14760.0 4000.0 13160.0 13560.0 3200.0 3600.0 13560.0 4000.0 14760.0 13560.0 2400.0 13960.0 3200.0 13960.0 13160.0 14360.0
0.0 11960.0 12760.0 13560.0 13160.0 3200.0 11960.0 3600.0 13560.0 12760.0 12760.0 12760.0 13560.0 2000.0 13160.0 10780.0 13160.0 13560.0 3600.0 12760.0 1600.0 12360.0 3200.0 1200.0 2800.0 12760.0 13960.0 11960.0 11580.0 13160.0 12360.0 14360.0 12760.0 12760.0 12360.0 14760.0 13560.0 2800.0 0.0 13160.0 11580.0 12760.0 2000.0 13160.0 13560.0 2000.0 13160.0 11580.0 13560.0 12360.0 11580.0 13160.0 14360.0 11580.0 12360.0 13160.0 13160.0 12360.0 12360.0 2800.0 3600.0 12360.0 12760.0 14360.0 13160.0 12760.0 2400.0 12760.0 12760.0 2800.0 2800.0 12360.0 3200.0 13560.0 12760.0 2800.0 13960.0 2000.0 14360.0 12760.0 13160.0
0.0 13960.0 12360.0 13160.0 13160.0 13560.0 2800.0 14360.0 2000.0 13960.0 13560.0 2800.0 3200.0 11960.0 13160.0 12760.0 12360.0 13160.0 12360.0 2800.0 11580.0 11960.0 12760.0 12360.0 11960.0 1600.0 4000.0 12760.0 13160.0 12360.0 13960.0 13960.0 12760.0 1200.0 13160.0 2400.0 13960.0 11960.0 12360.0 0.0 12360.0 1200.0 12360.0 11960.0 13160.0 12760.0 11960.0 12760.0 14360.0 12360.0 12760.0 13160.0 12760.0 3200.0 13160.0 13160.0 13560.0 13160.0 11180.0 12360.0 12760.0 2000.0 3200.0 13960.0 2000.0 13560.0 12760.0 3600.0 13160.0 12760.0 12760.0 12760.0 13560.0 3200.0 11180.0 13160.0 3600.0 11960.0 2800.0 3600.0 13160.0
0.0 2000.0 12360.0 13560.0 2400.0 13160.0 12360.0 13160.0 13560.0 2800.0 13160.0 11960.0 13160.0 12360.0 13160.0 10780.0 13560.0 3200.0 12760.0 11960.0 12360.0 12360.0 12760.0 11580.0 13160.0 12760.0 13160.0 800.0 1200.0 2800.0 12360.0 3600.0 2400.0 11960.0 2000.0 13560.0 13560.0 13160.0 10780.0 13160.0 0.0 12760.0 12360.0 12360.0 13560.0 11580.0 12360.0 11580.0 3600.0 2400.0 1200.0 2800.0 13560.0 11580.0 11180.0 2800.0 12360.0 12760.0 12360.0 12360.0 13160.0 12360.0 12360.0 3600.0 11960.0 2400.0 12760.0 12760.0 2400.0 12760.0 13160.0 800.0 13560.0 13560.0 12360.0 12760.0 13560.0 12760.0 13560.0 12760.0 13160.0
0.0 13960.0 11580.0 13960.0 13960.0 13560.0 2000.0 13960.0 2800.0 13960.0 13560.0 3600.0 3600.0 12760.0 13960.0 13160.0 11580.0 13960.0 13160.0 2400.0 12360.0 11580.0 13160.0 12760.0 12760.0 2400.0 2800.0 13560.0 13960.0 13160.0 13160.0 14360.0 12760.0 2000.0 13160.0 3600.0 13560.0 12760.0 12760.0 1200.0 12760.0 0.0 13160.0 11960.0 13960.0 12360.0 12760.0 13560.0 13560.0 12760.0 13560.0 12360.0 12760.0 2800.0 13560.0 13160.0 13160.0 13560.0 11960.0 11580.0 13560.0 2800.0 3200.0 14760.0 2800.0 13960.0 12760.0 3600.0 13160.0 11960.0 13160.0 12360.0 13960.0 4000.0 11960.0 12760.0 4000.0 11180.0 3600.0 3600.0 12760.0
0.0 13960.0 13960.0 15560.0 14760.0 4400.0 13960.0 4000.0 15160.0 14760.0 14360.0 14760.0 14760.0 4000.0 15560.0 13560.0 15560.0 13960.0 4800.0 15160.0 3200.0 13560.0 3200.0 4000.0 3600.0 15160.0 14360.0 14760.0 14360.0 14360.0 15160.0 15560.0 13960.0 15160.0 13960.0 15560.0 15160.0 4400.0 3200.0 13960.0 14360.0 14760.0 0.0 14360.0 14760.0 4400.0 14360.0 14360.0 15560.0 14360.0 12760.0 14760.0 14360.0 14360.0 15160.0 15160.0 13160.0 14760.0 14360.0 5200.0 5200.0 13960.0 14760.0 13160.0 15560.0 15560.0 4000.0 13560.0 14360.0 4000.0 3600.0 15160.0 4800.0 15560.0 14760.0 4000.0 14760.0 3200.0 15560.0 13560.0 14760.0
0.0 13160.0 2800.0 3600.0 13960.0 13960.0 12760.0 13160.0 13960.0 13160.0 3200.0 13560.0 13160.0 13160.0 3200.0 2000.0 2800.0 13960.0 14360.0 11960.0 12360.0 2400.0 12760.0 11960.0 13560.0 12760.0 13560.0 12760.0 12760.0 13160.0 3200.0 15160.0 13160.0 12760.0 13160.0 14760.0 4000.0 13160.0 12360.0 13560.0 11960.0 12760.0 13160.0 0.0 3600.0 11580.0 3200.0 2800.0 12760.0 13560.0 13160.0 13560.0 3200.0 12760.0 2400.0 13560.0 2000.0 2400.0 2000.0 12760.0 13160.0 13560.0 13560.0 13960.0 13560.0 13160.0 12760.0 13560.0 12760.0 13160.0 13560.0 11580.0 13560.0 15160.0 2400.0 11960.0 13960.0 12760.0 13560.0 13560.0 2000.0
0.0 13560.0 1600.0 2800.0 12760.0 13160.0 13160.0 13960.0 12760.0 12360.0 2400.0 13160.0 13160.0 11580.0 2400.0 2000.0 2000.0 13560.0 13160.0 12760.0 11180.0 1600.0 12760.0 11960.0 11960.0 13160.0 13160.0 12760.0 13160.0 12360.0 3600.0 13560.0 12760.0 11580.0 12760.0 13160.0 3600.0 11960.0 12360.0 12360.0 11960.0 11580.0 12360.0 1200.0 0.0 12760.0 1600.0 2800.0 13560.0 11960.0 12760.0 12760.0 2400.0 13160.0 2400.0 12760.0 3200.0 2000.0 400.0 12360.0 11180.0 11960.0 13160.0 13560.0 11960.0 12760.0 12360.0 13160.0 12360.0 12360.0 12360.0 12760.0 12760.0 13560.0 800.0 13160.0 13960.0 11580.0 11580.0 12760.0 2800.0
0.0 12760.0 12760.0 12760.0 13560.0 2400.0 11960.0 3600.0 13160.0 12360.0 12760.0 12760.0 13160.0 2400.0 12360.0 11580.0 13160.0 13560.0 3200.0 10780.0 1600.0 12360.0 3200.0 800.0 2400.0 12360.0 12360.0 11960.0 12360.0 12760.0 13160.0 14760.0 12360.0 12760.0 12760.0 14360.0 13960.0 2400.0 1200.0 13160.0 11180.0 13160.0 2400.0 12760.0 13160.0 0.0 13160.0 12360.0 13560.0 12760.0 12360.0 13160.0 14360.0 12360.0 11960.0 12760.0 11580.0 12360.0 12760.0 2400.0 3200.0 13160.0 12760.0 14360.0 12760.0 12360.0 2000.0 13160.0 12360.0 2800.0 2400.0 11960.0 2800.0 14360.0 12760.0 3200.0 12760.0 1600.0 13960.0 13160.0 13160.0
0.0 13560.0 2400.0 3200.0 13960.0 13560.0 13560.0 13560.0 14360.0 12760.0 3200.0 13560.0 13960.0 11960.0 1200.0 1600.0 2800.0 13960.0 13960.0 11580.0 12760.0 2400.0 13160.0 12760.0 13960.0 13560.0 14760.0 12760.0 12760.0 13960.0 3600.0 12360.0 12760.0 13160.0 13160.0 11960.0 4800.0 13560.0 12360.0 13560.0 11960.0 13160.0 13560.0 2000.0 3200.0 12760.0 0.0 2800.0 13960.0 11960.0 13160.0 13560.0 3600.0 12760.0 2400.0 14360.0 3200.0 3600.0 3600.0 13960.0 12760.0 13160.0 13160.0 14360.0 13560.0 13960.0 13960.0 12360.0 13160.0 12760.0 13160.0 12760.0 13960.0 13560.0 2800.0 13560.0 13560.0 13160.0 13160.0 12760.0 3600.0
0.0 11960.0 2000.0 2800.0 13160.0 13560.0 12360.0 12760.0 13560.0 12760.0 1600.0 11960.0 13160.0 11580.0 2000.0 400.0 2800.0 12760.0 12760.0 12360.0 11960.0 1600.0 12760.0 11580.0 12360.0 12760.0 13560.0 11180.0 12760.0 13160.0 2800.0 14360.0 12360.0 12760.0 12360.0 13960.0 3600.0 12360.0 11580.0 12760.0 11580.0 12760.0 12760.0 2400.0 2800.0 11960.0 2400.0 0.0 12760.0 11580.0 12760.0 12760.0 3200.0 11580.0 2000.0 13160.0 2400.0 1200.0 2000.0 12760.0 13560.0 12760.0 11960.0 13560.0 13160.0 12760.0 12760.0 11960.0 11580.0 12360.0 12760.0 11580.0 12760.0 14760.0 2400.0 13160.0 13960.0 12360.0 13560.0 11960.0 2000.0
0.0 3600.0 11580.0 13960.0 2400.0 12360.0 11580.0 12760.0 12760.0 3600.0 12760.0 13160.0 13160.0 12760.0 13560.0 12760.0 10780.0 3600.0 11960.0 13160.0 13160.0 12360.0 12360.0 13160.0 12760.0 13560.0 12760.0 2800.0 3200.0 2800.0 11180.0 2800.0 2000.0 13160.0 2400.0 13960.0 13160.0 12760.0 13560.0 12360.0 2800.0 12360.0 13960.0 11960.0 13160.0 12760.0 12760.0 12760.0 0.0 2400.0 3200.0 2800.0 12360.0 13560.0 13160.0 3600.0 13560.0 13160.0 12760.0 13160.0 13560.0 13560.0 13160.0 3200.0 13960.0 4000.0 13160.0 11960.0 2400.0 12760.0 12760.0 2400.0 13160.0 13160.0 12760.0 13160.0 14360.0 11960.0 13960.0 11960.0 12360.0
0.0 2000.0 13160.0 11960.0 3200.0 14760.0 12760.0 14360.0 14360.0 2800.0 13560.0 13160.0 13960.0 13560.0 13160.0 12760.0 13960.0 4000.0 12760.0 13160.0 12760.0 13160.0 13560.0 12360.0 13560.0 12360.0 14360.0 2800.0 3200.0 3600.0 14360.0 4400.0 3200.0 13160.0 2400.0 14760.0 14760.0 13560.0 12760.0 13560.0 2000.0 13160.0 12760.0 11960.0 12360.0 12760.0 13560.0 13560.0 3600.0 0.0 3200.0 3600.0 14360.0 12360.0 13160.0 3600.0 13560.0 13160.0 12760.0 12760.0 12760.0 13560.0 11960.0 4400.0 13560.0 3200.0 13560.0 13960.0 3200.0 13960.0 13960.0 2400.0 14360.0 15560.0 12760.0 13160.0 15160.0 12760.0 13160.0 14360.0 13560.0
0.0 4400.0 14760.0 14760.0 4800.0 13560.0 14760.0 14360.0 15160.0 5200.0 13960.0 14360.0 14760.0 13160.0 14360.0 13160.0 14360.0 5200.0 15160.0 14360.0 13960.0 14360.0 13560.0 13960.0 13560.0 14760.0 15160.0 3200.0 3600.0 4000.0 14360.0 4800.0 3600.0 13160.0 4000.0 14760.0 15560.0 13560.0 13160.0 13560.0 2800.0 14360.0 13960.0 13160.0 14760.0 13960.0 13560.0 13960.0 3600.0 2800.0 0.0 4800.0 14760.0 13960.0 13560.0 4800.0 14760.0 14760.0 13960.0 14760.0 14360.0 13560.0 14360.0 4800.0 14360.0 4800.0 14360.0 13560.0 2400.0 13960.0 14360.0 3600.0 14360.0 15560.0 13960.0 13160.0 15560.0 14360.0 14760.0 13560.0 13560.0
0.0 4400.0 12360.0 14760.0 3600.0 12760.0 12760.0 13960.0 13560.0 4400.0 13160.0 12760.0 13560.0 13160.0 14360.0 13960.0 12360.0 3600.0 13160.0 13960.0 12760.0 12360.0 11580.0 13960.0 13960.0 14360.0 12760.0 4000.0 4000.0 3200.0 12360.0 4000.0 2400.0 12760.0 2800.0 13560.0 14360.0 13560.0 13960.0 13160.0 3200.0 13160.0 14360.0 12760.0 14360.0 13560.0 13160.0 13960.0 1600.0 3200.0 2400.0 0.0 12360.0 13960.0 13560.0 2800.0 14360.0 13960.0 13160.0 14360.0 13960.0 13560.0 14360.0 4400.0 13960.0 4400.0 12760.0 13160.0 3600.0 12760.0 13160.0 3200.0 12760.0 14360.0 12760.0 10780.0 15160.0 12760.0 13960.0 13160.0 13160.0
0.0 14360.0 3600.0 4000.0 13560.0 14360.0 12760.0 14360.0 14760.0 13560.0 3600.0 14360.0 13560.0 13560.0 3600.0 2800.0 2400.0 14760.0 14360.0 12360.0 13160.0 3200.0 12760.0 12760.0 13560.0 13560.0 13960.0 13160.0 13160.0 13960.0 3200.0 15560.0 13560.0 13960.0 12760.0 13160.0 4800.0 13560.0 12760.0 13560.0 12760.0 13960.0 13960.0 3200.0 4000.0 11960.0 4000.0 3200.0 13160.0 13960.0 13560.0 14360.0 0.0 13560.0 3200.0 13960.0 2400.0 3200.0 4000.0 13960.0 14760.0 14360.0 13960.0 15160.0 13160.0 13960.0 13560.0 13160.0 13560.0 13960.0 13960.0 13560.0 13960.0 15560.0 3600.0 11960.0 14360.0 13560.0 15160.0 13160.0 4000.0
0.0 11180.0 12760.0 12760.0 12360.0 13560.0 1200.0 14360.0 3200.0 11960.0 12760.0 3200.0 3600.0 12360.0 13160.0 12760.0 12760.0 13560.0 13960.0 3200.0 11960.0 12760.0 12760.0 12760.0 12760.0 2800.0 2800.0 12760.0 13160.0 12760.0 13560.0 14360.0 13160.0 2000.0 11580.0 3600.0 14360.0 12760.0 13160.0 2000.0 12760.0 2000.0 13560.0 12360.0 13160.0 13160.0 12760.0 12360.0 13160.0 12360.0 13160.0 13560.0 13160.0 0.0 13160.0 13560.0 13560.0 12360.0 11580.0 13160.0 13160.0 2400.0 3600.0 13560.0 2400.0 13960.0 13160.0 2800.0 12360.0 13160.0 13160.0 13160.0 13160.0 4400.0 11960.0 12360.0 4400.0 12360.0 3600.0 3200.0 13160.0
0.0 14760.0 2400.0 3600.0 13160.0 12360.0 14760.0 14760.0 13960.0 15560.0 3600.0 14360.0 13960.0 13560.0 4400.0 3200.0 4000.0 15560.0 14360.0 14360.0 11960.0 2000.0 13960.0 13960.0 13960.0 13160.0 14760.0 14360.0 11960.0 12760.0 2400.0 14360.0 13160.0 14360.0 13560.0 15560.0 4000.0 13960.0 13960.0 13160.0 13960.0 13960.0 13560.0 2800.0 4000.0 13960.0 4400.0 4000.0 13960.0 13560.0 13960.0 13160.0 3600.0 14360.0 0.0 13560.0 4400.0 4400.0 3600.0 13560.0 14760.0 14760.0 14760.0 15560.0 14760.0 15160.0 13160.0 14360.0 14760.0 13160.0 13560.0 13960.0 13960.0 14360.0 3600.0 13160.0 15560.0 12360.0 14360.0 13960.0 3200.0
0.0 4000.0 12360.0 13960.0 2800.0 13560.0 13960.0 13560.0 12760.0 4000.0 11580.0 12360.0 12760.0 12360.0 12360.0 12760.0 13960.0 3200.0 12760.0 13160.0 13160.0 12360.0 13960.0 13160.0 12760.0 13560.0 13960.0 3600.0 3600.0 3600.0 13960.0 4000.0 1600.0 12760.0 2000.0 14360.0 13160.0 12760.0 13560.0 12360.0 3200.0 13160.0 11580.0 12760.0 13960.0 12760.0 12760.0 14360.0 3200.0 2400.0 2000.0 2800.0 13560.0 13560.0 12360.0 0.0 13560.0 14360.0 12760.0 13960.0 13160.0 13160.0 13960.0 4000.0 13960.0 3600.0 11580.0 13960.0 3200.0 12760.0 12360.0 3600.0 12360.0 13960.0 12760.0 13160.0 13160.0 13160.0 13560.0 13960.0 13160.0
0.0 13960.0 2000.0 3600.0 13160.0 11960.0 13560.0 14360.0 13560.0 13960.0 2800.0 13560.0 13560.0 12760.0 4000.0 2800.0 2400.0 15160.0 13560.0 12760.0 13560.0 1600.0 13960.0 12760.0 13560.0 13560.0 11580.0 12760.0 13960.0 12760.0 2800.0 14760.0 12360.0 13960.0 12360.0 15160.0 4400.0 13160.0 13160.0 13160.0 12760.0 13960.0 13960.0 2400.0 3600.0 12760.0 4000.0 3600.0 14360.0 13160.0 13560.0 12760.0 4000.0 13560.0 3600.0 13560.0 0.0 3600.0 3200.0 13560.0 13560.0 14360.0 13960.0 13560.0 14360.0 13960.0 13160.0 14760.0 13960.0 12760.0 12760.0 12360.0 13560.0 14760.0 3200.0 13160.0 11960.0 12760.0 13960.0 14360.0 2800.0
0.0 12360.0 1600.0 2400.0 12760.0 12760.0 12760.0 12360.0 12760.0 13160.0 800.0 11580.0 12760.0 10780.0 1200.0 1200.0 2000.0 11960.0 12760.0 12760.0 12360.0 1200.0 11960.0 12360.0 11180.0 12760.0 12760.0 13160.0 12760.0 12360.0 2000.0 13560.0 11960.0 11960.0 12360.0 13160.0 3600.0 11180.0 12760.0 11580.0 12360.0 12360.0 11960.0 2000.0 2000.0 12760.0 1600.0 3200.0 11960.0 11180.0 11580.0 12360.0 2800.0 11960.0 1200.0 12360.0 2800.0 0.0 1600.0 12760.0 12760.0 12360.0 12360.0 12760.0 13160.0 13560.0 12360.0 11580.0 10780.0 11960.0 12360.0 13160.0 11580.0 13560.0 2000.0 12760.0 13960.0 11960.0 12760.0 11580.0 1200.0
0.0 13560.0 1600.0 2800.0 12360.0 12760.0 12760.0 13960.0 13160.0 13560.0 2800.0 12760.0 12760.0 11580.0 2000.0 1600.0 1600.0 13960.0 12760.0 12760.0 11180.0 1200.0 12360.0 11960.0 11580.0 12760.0 13560.0 12360.0 12760.0 11960.0 3200.0 13160.0 12360.0 11180.0 12760.0 12760.0 3200.0 11580.0 11960.0 11960.0 11960.0 11180.0 13160.0 1200.0 2400.0 12360.0 1200.0 2400.0 13560.0 11580.0 12360.0 12360.0 2000.0 12760.0 2400.0 12760.0 2800.0 2400.0 0.0 12360.0 12360.0 11580.0 12760.0 13160.0 11580.0 12760.0 12360.0 13560.0 12760.0 12360.0 12360.0 12360.0 12760.0 13560.0 400.0 12760.0 13560.0 11180.0 12760.0 13160.0 2400.0
0.0 13160.0 11960.0 13160.0 12760.0 2800.0 12760.0 2800.0 13560.0 12760.0 13160.0 13160.0 12760.0 1200.0 12760.0 11960.0 12360.0 13960.0 2800.0 11580.0 800.0 11960.0 2400.0 1600.0 1600.0 12760.0 13160.0 12360.0 12760.0 12360.0 13560.0 13560.0 12360.0 11580.0 12760.0 13160.0 13960.0 1600.0 1600.0 12360.0 11960.0 11180.0 2800.0 11580.0 13160.0 800.0 11960.0 12760.0 13160.0 11960.0 12360.0 12760.0 12760.0 12760.0 12760.0 12760.0 12360.0 12760.0 10780.0 0.0 2400.0 11960.0 13160.0 13560.0 11960.0 12760.0 2000.0 12760.0 11960.0 1200.0 2000.0 11180.0 2800.0 13160.0 11180.0 2400.0 13560.0 1200.0 12760.0 12760.0 12760.0
0.0 13560.0 12760.0 12360.0 12760.0 3200.0 13160.0 3200.0 12360.0 11580.0 11960.0 12360.0 13960.0 1600.0 12360.0 11960.0 12360.0 12760.0 3600.0 13160.0 3200.0 12360.0 2800.0 2800.0 2000.0 12760.0 13960.0 13160.0 12760.0 13160.0 13160.0 13960.0 12760.0 12760.0 13160.0 14360.0 14760.0 2000.0 1600.0 12360.0 12760.0 11580.0 1200.0 13160.0 12760.0 2800.0 12760.0 12760.0 12760.0 12360.0 12360.0 13560.0 13960.0 12760.0 12360.0 12760.0 13560.0 11580.0 13160.0 2400.0 0.0 12760.0 13560.0 13960.0 13560.0 11960.0 3200.0 12360.0 11580.0 2800.0 2800.0 12760.0 2000.0 12760.0 13160.0 2800.0 13560.0 2000.0 10780.0 12760.0 12360.0
0.0 13160.0 13160.0 14360.0 13560.0 14360.0 3200.0 12760.0 3200.0 13560.0 13560.0 2800.0 2800.0 12760.0 12760.0 13560.0 13160.0 14360.0 13560.0 2800.0 12360.0 12760.0 13960.0 13160.0 13160.0 4000.0 4000.0 11960.0 13960.0 12760.0 14760.0 13560.0 12760.0 2400.0 12760.0 2800.0 14360.0 12760.0 13160.0 3200.0 13160.0 2400.0 13160.0 12760.0 11960.0 12760.0 11960.0 14360.0 14360.0 13160.0 13560.0 13960.0 13560.0 3600.0 13560.0 13160.0 13560.0 13560.0 11960.0 13560.0 12360.0 0.0 2800.0 13560.0 2800.0 13560.0 12760.0 3600.0 13560.0 13160.0 12760.0 12760.0 13560.0 4400.0 12360.0 14360.0 2000.0 12760.0 2400.0 3600.0 11960.0
0.0 13560.0 11960.0 13560.0 13960.0 14360.0 3600.0 14360.0 3200.0 14360.0 13160.0 1600.0 2800.0 11960.0 14360.0 12760.0 13560.0 13160.0 11180.0 3600.0 13560.0 11960.0 13560.0 13560.0 13560.0 3600.0 4400.0 13960.0 12760.0 13560.0 13560.0 14360.0 12760.0 3600.0 13160.0 4400.0 14760.0 13560.0 13560.0 2400.0 13560.0 3600.0 14360.0 12360.0 13960.0 13160.0 13560.0 14360.0 13960.0 12360.0 13960.0 12760.0 14360.0 2800.0 13960.0 13560.0 14360.0 14360.0 13160.0 13960.0 14360.0 3200.0 0.0 14760.0 4000.0 13960.0 13160.0 3200.0 14360.0 12360.0 13160.0 13160.0 13560.0 4400.0 13560.0 12760.0 4400.0 11580.0 4400.0 3200.0 12760.0
0.0 1200.0 12360.0 12760.0 2000.0 12360.0 11580.0 14360.0 13560.0 2000.0 13160.0 12360.0 13560.0 12360.0 13560.0 11580.0 12760.0 3600.0 13560.0 13160.0 12760.0 12360.0 11180.0 12360.0 13160.0 13560.0 11960.0 2400.0 2000.0 2000.0 12760.0 4800.0 2400.0 13160.0 1200.0 13160.0 14360.0 13560.0 11580.0 12760.0 2000.0 12760.0 13160.0 12760.0 13160.0 12760.0 13560.0 12360.0 2800.0 2400.0 2000.0 2800.0 11960.0 12360.0 13160.0 2800.0 10780.0 13160.0 12360.0 13560.0 13560.0 13160.0 13960.0 0.0 13560.0 3200.0 12760.0 13560.0 3200.0 12760.0 12760.0 2400.0 13560.0 13160.0 12760.0 11960.0 11960.0 13160.0 13960.0 13560.0 13160.0
0.0 14360.0 12760.0 12360.0 11580.0 14360.0 4000.0 13960.0 3200.0 14360.0 13960.0 2400.0 2000.0 12760.0 13960.0 13160.0 13560.0 13960.0 13560.0 3600.0 12760.0 12760.0 11180.0 13160.0 12760.0 2800.0 4400.0 13560.0 14360.0 13560.0 13160.0 14760.0 13960.0 2400.0 14360.0 2800.0 14360.0 12760.0 13560.0 1200.0 13160.0 2400.0 13160.0 12760.0 12760.0 13560.0 13160.0 13160.0 13160.0 13160.0 13560.0 13560.0 11960.0 3200.0 12760.0 13960.0 14360.0 13560.0 12360.0 13560.0 13160.0 2800.0 4000.0 14360.0 0.0 14360.0 13560.0 4000.0 13560.0 13560.0 13560.0 13960.0 13960.0 4400.0 12360.0 12360.0 4400.0 12760.0 2800.0 4000.0 13960.0
0.0 3600.0 12760.0 13960.0 4000.0 13160.0 11960.0 13560.0 13960.0 4000.0 14360.0 12760.0 13960.0 12760.0 13560.0 13560.0 11180.0 3200.0 13560.0 13560.0 13160.0 12760.0 13960.0 13960.0 13960.0 14760.0 12760.0 2400.0 4000.0 3200.0 13960.0 4000.0 3600.0 13560.0 3600.0 13960.0 13560.0 13560.0 13560.0 13160.0 3600.0 12760.0 13960.0 13160.0 12760.0 13560.0 12760.0 14760.0 3200.0 2800.0 4000.0 3200.0 12760.0 14360.0 14360.0 3600.0 13960.0 14360.0 12760.0 13560.0 13160.0 11580.0 13960.0 3200.0 13960.0 0.0 13560.0 13960.0 4000.0 13160.0 13560.0 3200.0 14360.0 15160.0 13160.0 13960.0 13160.0 13160.0 13560.0 13560.0 12760.0
0.0 13160.0 11960.0 12760.0 11960.0 2000.0 12760.0 2000.0 11580.0 13160.0 11180.0 11960.0 11580.0 800.0 12760.0 11960.0 12760.0 13160.0 1600.0 11960.0 2000.0 11960.0 3200.0 2000.0 1200.0 12760.0 12760.0 12760.0 12760.0 13160.0 12760.0 13160.0 10780.0 12360.0 11180.0 13160.0 11960.0 1200.0 2000.0 11180.0 12360.0 12360.0 2000.0 12360.0 12760.0 1200.0 12360.0 13160.0 12360.0 11580.0 11960.0 12760.0 13560.0 12760.0 11180.0 11180.0 12360.0 13160.0 11960.0 2800.0 2800.0 12760.0 12760.0 13160.0 12760.0 13160.0 0.0 12760.0 13160.0 2000.0 800.0 12760.0 1600.0 12760.0 11960.0 2400.0 12760.0 1600.0 13160.0 12760.0 12760.0
0.0 13160.0 12360.0 13160.0 11960.0 12760.0 2800.0 11580.0 2000.0 13560.0 11580.0 1600.0 1600.0 11580.0 12760.0 12360.0 13160.0 12760.0 12360.0 2000.0 12760.0 12360.0 11180.0 12360.0 11960.0 3200.0 2800.0 13160.0 13560.0 13160.0 13160.0 13560.0 10780.0 2400.0 11580.0 2400.0 13960.0 11960.0 12760.0 2000.0 12360.0 2400.0 12760.0 12760.0 11960.0 11960.0 11580.0 13560.0 12760.0 11580.0 12360.0 13160.0 11960.0 2400.0 12360.0 13560.0 12360.0 11960.0 12360.0 13160.0 12760.0 2800.0 1600.0 12360.0 2800.0 13560.0 13560.0 0.0 11580.0 12360.0 11180.0 13160.0 12360.0 3600.0 12360.0 12360.0 3600.0 12360.0 2800.0 400.0 12360.0
0.0 2400.0 12360.0 12760.0 2400.0 13160.0 12760.0 12360.0 13160.0 3200.0 11580.0 11960.0 12760.0 10780.0 13160.0 11580.0 11960.0 3200.0 12760.0 13160.0 12360.0 12360.0 11960.0 12360.0 12760.0 12760.0 12760.0 2800.0 2400.0 2000.0 12360.0 4000.0 1200.0 12760.0 2000.0 13560.0 13560.0 12760.0 12760.0 11580.0 2000.0 12360.0 11960.0 12360.0 12760.0 12760.0 12360.0 13560.0 1600.0 800.0 2000.0 2800.0 12760.0 12360.0 11180.0 2400.0 13160.0 12760.0 11960.0 13160.0 13160.0 12360.0 12360.0 2800.0 13160.0 3200.0 12360.0 11180.0 0.0 11960.0 11960.0 2800.0 12360.0 14360.0 12360.0 13160.0 13960.0 12760.0 13560.0 11580.0 11580.0
0.0 14760.0 14360.0 12760.0 14760.0 3600.0 14760.0 2800.0 13960.0 14760.0 13960.0 14360.0 14760.0 3600.0 14360.0 14360.0 14760.0 15560.0 4400.0 13560.0 3200.0 13960.0 4000.0 4000.0 4000.0 14760.0 14760.0 14760.0 13560.0 14360.0 14360.0 15560.0 13960.0 13960.0 14360.0 15160.0 15560.0 4000.0 4000.0 14360.0 14360.0 13560.0 3600.0 13960.0 12760.0 4400.0 14360.0 15160.0 15560.0 14360.0 14360.0 14760.0 15160.0 13960.0 12360.0 12760.0 13960.0 14760.0 13160.0 4400.0 3600.0 14360.0 15560.0 13560.0 14360.0 15160.0 3600.0 15160.0 14360.0 0.0 3600.0 15160.0 4000.0 15160.0 13560.0 4400.0 15160.0 3600.0 13960.0 15160.0 14360.0
0.0 12760.0 11960.0 12360.0 13560.0 3600.0 12760.0 3600.0 12760.0 13560.0 13560.0 11580.0 11180.0 400.0 13160.0 11580.0 12360.0 12760.0 1200.0 12760.0 2400.0 11580.0 3200.0 2000.0 2800.0 12760.0 13960.0 12760.0 13160.0 13160.0 12360.0 13560.0 13160.0 12760.0 12760.0 12760.0 13160.0 2800.0 2000.0 12360.0 12360.0 13160.0 2800.0 12360.0 12360.0 2400.0 12360.0 13160.0 11960.0 10780.0 13160.0 12360.0 13960.0 11960.0 13160.0 13560.0 13560.0 13160.0 12760.0 2800.0 2800.0 12360.0 12360.0 14760.0 13560.0 13560.0 2800.0 13160.0 13160.0 1200.0 0.0 12760.0 3600.0 14360.0 12760.0 2400.0 13560.0 1200.0 13160.0 13160.0 12760.0
0.0 2400.0 12360.0 13160.0 3200.0 12760.0 11960.0 12360.0 13160.0 2000.0 12360.0 12760.0 12360.0 12360.0 12360.0 11580.0 12760.0 2800.0 13160.0 11180.0 11580.0 11960.0 12760.0 11180.0 12760.0 11960.0 12760.0 1200.0 1600.0 2400.0 12760.0 4000.0 2000.0 11960.0 2400.0 13560.0 13160.0 12360.0 11180.0 12760.0 800.0 11960.0 12360.0 12360.0 13160.0 10780.0 12360.0 11960.0 2800.0 2400.0 2000.0 2800.0 13160.0 11960.0 11960.0 2400.0 11580.0 11960.0 11580.0 11580.0 13160.0 12760.0 12760.0 2800.0 12760.0 2000.0 11960.0 12760.0 1600.0 12760.0 12760.0 0.0 12760.0 14360.0 11580.0 11960.0 12760.0 11960.0 13560.0 12760.0 12760.0
0.0 14360.0 13160.0 13560.0 12760.0 2400.0 13960.0 4400.0 13160.0 12760.0 13160.0 13560.0 14760.0 2800.0 12760.0 12760.0 13160.0 13960.0 4800.0 13960.0 3600.0 12760.0 3600.0 3600.0 3200.0 13560.0 14360.0 13160.0 12360.0 14360.0 12760.0 14760.0 13960.0 13160.0 14360.0 12760.0 13560.0 2800.0 2400.0 13160.0 12760.0 12760.0 2400.0 12760.0 13960.0 3200.0 13560.0 13560.0 13960.0 13160.0 10780.0 12760.0 13960.0 13560.0 13560.0 13960.0 13560.0 12760.0 13560.0 3600.0 1200.0 13160.0 14360.0 15160.0 14360.0 12360.0 3600.0 13560.0 12760.0 3200.0 4000.0 13560.0 0.0 13960.0 13560.0 2800.0 14760.0 2400.0 11960.0 13560.0 13560.0
0.0 13160.0 13160.0 12760.0 13560.0 13160.0 3200.0 11960.0 2800.0 13560.0 13560.0 3600.0 3600.0 12760.0 12360.0 12760.0 13960.0 12760.0 13160.0 2400.0 12360.0 12760.0 12760.0 12360.0 10780.0 1200.0 3200.0 12760.0 10780.0 13160.0 11960.0 13160.0 13560.0 1600.0 13160.0 2400.0 12360.0 13560.0 12360.0 3600.0 12360.0 2800.0 11960.0 11960.0 13160.0 12760.0 11580.0 13160.0 13960.0 12760.0 13160.0 12760.0 13560.0 3200.0 13160.0 13960.0 12760.0 13160.0 12360.0 12360.0 12760.0 2000.0 3600.0 12360.0 3200.0 13560.0 13160.0 2800.0 13160.0 13160.0 13960.0 12760.0 13960.0 0.0 12760.0 12760.0 3600.0 12760.0 3200.0 2800.0 13560.0
0.0 13560.0 1200.0 3200.0 12360.0 13560.0 12760.0 13560.0 12760.0 13160.0 2400.0 13160.0 13160.0 12760.0 2000.0 2000.0 1200.0 13960.0 13160.0 12360.0 10780.0 800.0 13160.0 12760.0 13160.0 13160.0 13560.0 12760.0 13560.0 11960.0 3200.0 13160.0 11960.0 11180.0 12360.0 12760.0 3200.0 12760.0 12760.0 11960.0 12760.0 10780.0 13160.0 800.0 2400.0 12360.0 1200.0 3200.0 13560.0 12760.0 12760.0 12360.0 3200.0 13160.0 2400.0 12360.0 2800.0 2800.0 2000.0 11960.0 12360.0 11580.0 13960.0 14360.0 13160.0 13560.0 11960.0 13160.0 13160.0 11960.0 12360.0 11960.0 12760.0 13560.0 0.0 12760.0 13160.0 11180.0 12760.0 13160.0 2000.0
0.0 14360.0 12360.0 14760.0 13960.0 2800.0 12760.0 3600.0 13560.0 14760.0 13960.0 12760.0 13960.0 3200.0 14360.0 13560.0 11960.0 13560.0 2400.0 13960.0 2000.0 11960.0 800.0 3600.0 3200.0 13960.0 13560.0 13960.0 14360.0 13160.0 11960.0 14360.0 13160.0 13160.0 13560.0 13160.0 14360.0 3200.0 3200.0 12760.0 13560.0 13160.0 4000.0 12760.0 13960.0 3200.0 13560.0 13560.0 11580.0 13560.0 12760.0 12760.0 11960.0 13960.0 13560.0 13960.0 14360.0 13960.0 12760.0 4000.0 3200.0 13960.0 14360.0 14360.0 13960.0 14360.0 3200.0 12760.0 13560.0 2400.0 3200.0 13560.0 2000.0 14360.0 12760.0 0.0 14760.0 2400.0 13960.0 12760.0 13160.0
0.0 12760.0 12760.0 14360.0 13560.0 13960.0 2400.0 13960.0 3600.0 13560.0 13160.0 2000.0 3600.0 13160.0 13560.0 12360.0 13560.0 13560.0 13160.0 2400.0 12360.0 12360.0 12760.0 11960.0 13560.0 2800.0 3200.0 11580.0 12760.0 13560.0 13560.0 15560.0 13160.0 3200.0 12760.0 4400.0 14360.0 13560.0 12360.0 3200.0 11960.0 3200.0 13160.0 13160.0 14360.0 12360.0 13560.0 12760.0 13960.0 13560.0 13160.0 13560.0 13560.0 1600.0 12760.0 13560.0 12360.0 12760.0 13160.0 13160.0 14360.0 3600.0 2400.0 12360.0 3200.0 13160.0 12760.0 3600.0 12760.0 13160.0 13560.0 11960.0 13960.0 2800.0 13160.0 13560.0 0.0 12760.0 4400.0 3600.0 13560.0
0.0 13160.0 11180.0 13560.0 13160.0 3600.0 13560.0 3600.0 12360.0 13960.0 12760.0 13160.0 13160.0 2400.0 13960.0 13160.0 13160.0 14360.0 3200.0 12760.0 2400.0 10780.0 2400.0 2400.0 2000.0 13160.0 13560.0 13560.0 13960.0 12760.0 13560.0 13960.0 12360.0 12760.0 12760.0 13960.0 13560.0 2000.0 2800.0 11960.0 12760.0 12760.0 3200.0 11580.0 13960.0 2000.0 13160.0 13960.0 13160.0 12760.0 13160.0 11960.0 13560.0 12760.0 12760.0 12760.0 13160.0 13560.0 12360.0 2800.0 3600.0 13160.0 13560.0 14360.0 13560.0 13960.0 2000.0 13960.0 13960.0 1200.0 2400.0 12360.0 3200.0 13560.0 12360.0 1600.0 13560.0 0.0 14360.0 13960.0 11960.0
0.0 13160.0 12360.0 13160.0 13560.0 13160.0 2800.0 13160.0 3200.0 13960.0 11580.0 2000.0 3200.0 11580.0 11960.0 12360.0 11960.0 12360.0 13560.0 3200.0 13160.0 12360.0 12760.0 13160.0 11960.0 2800.0 3600.0 13560.0 13560.0 12760.0 12760.0 14360.0 12360.0 2400.0 12760.0 3600.0 14360.0 11960.0 13160.0 2000.0 13160.0 800.0 11180.0 12760.0 13160.0 13160.0 12760.0 14360.0 12760.0 11960.0 12360.0 13160.0 13560.0 2400.0 11960.0 12760.0 13560.0 11180.0 12760.0 12360.0 13160.0 2800.0 2800.0 13560.0 3600.0 13160.0 13160.0 1600.0 11180.0 12760.0 12760.0 13160.0 12360.0 4000.0 12760.0 13160.0 4400.0 11960.0 0.0 2000.0 11960.0
0.0 13160.0 12360.0 12760.0 11960.0 12760.0 2800.0 11580.0 2000.0 13160.0 11580.0 1600.0 1600.0 11580.0 12360.0 11960.0 13160.0 12760.0 11960.0 2000.0 12760.0 11960.0 11180.0 12360.0 11960.0 3200.0 2800.0 12760.0 13160.0 13160.0 13160.0 13160.0 10780.0 2000.0 11180.0 2400.0 13960.0 11960.0 12760.0 2000.0 12360.0 2800.0 12760.0 12760.0 12760.0 11960.0 11580.0 13160.0 12760.0 11580.0 12360.0 13160.0 11960.0 2400.0 12360.0 13560.0 12360.0 11960.0 12760.0 13160.0 12760.0 2400.0 1600.0 12360.0 3600.0 13560.0 13160.0 2000.0 11580.0 12360.0 11180.0 13160.0 11960.0 3200.0 12760.0 12360.0 3600.0 12360.0 2400.0 0.0 12360.0
0.0 11960.0 2800.0 3200.0 12760.0 13560.0 12360.0 13560.0 12760.0 12760.0 2000.0 12760.0 12760.0 12360.0 2000.0 2400.0 2800.0 13560.0 12760.0 12760.0 13160.0 2400.0 13160.0 13160.0 12760.0 13560.0 13960.0 13560.0 13560.0 11580.0 3600.0 13960.0 11580.0 13160.0 12360.0 14360.0 2800.0 12760.0 13160.0 12360.0 13160.0 12360.0 13160.0 3200.0 3600.0 12760.0 3200.0 4000.0 13560.0 12360.0 12760.0 13960.0 3200.0 13160.0 2000.0 11960.0 3200.0 3600.0 2400.0 13560.0 13560.0 13560.0 13560.0 14360.0 13960.0 14360.0 11580.0 13960.0 13560.0 11960.0 11960.0 13960.0 12360.0 13960.0 2800.0 13160.0 13960.0 12760.0 13960.0 12760.0 0.0
