50 4
264 3968 2 3
880 6919 7 10
81 3105 1 1
544 5208 4 10
572 3458 3 8
450 7650 7 8
216 6462 5 8
11 8030 7 6
320 5920 7 3
476 4088 5 8
945 4785 7 6
780 7527 10 5
1155 7380 5 10
930 7890 5 2
318 1866 7 7
950 3240 10 1
405 2385 9 7
333 5481 10 9
328 6112 10 8
665 3647 9 9
451 5885 4 6
495 5094 6 9
516 2460 6 9
528 2274 9 4
78 1878 1 6
27 3924 9 4
768 3660 3 8
564 5052 9 7
126 3206 2 7
840 9982 5 6
469 3234 2 3
891 7722 3 9
301 2919 1 8
1235 5707 2 4
13 4979 9 1
336 2720 4 4
287 4662 9 8
804 9288 5 5
900 3860 2 2
230 4300 5 7
319 5665 9 5
364 6776 8 1
936 7384 7 9
285 2240 3 7
455 1690 4 7
210 8175 5 2
1200 6876 4 3
85 3205 5 3
924 5004 7 3
840 9562 3 7
SETUP
0 290 310 290 180 380 240 220 290 290 180 220 310 260 180 190 290 360 280 280 130 150 170 130 90 100 340 230 330 130 60 260 40 350 290 170 340 180 370 330 240 220 280 320 250 230 230 300 280 280 260
0 0 320 280 360 410 300 250 320 320 210 130 420 340 340 330 410 400 310 270 240 230 310 250 280 220 380 370 450 300 250 340 200 320 330 290 330 190 400 280 160 130 340 330 280 290 260 450 350 400 340
0 400 0 320 80 390 270 370 290 290 410 270 460 280 330 430 450 370 370 420 230 310 390 230 330 260 370 420 430 360 450 290 340 380 310 270 290 330 300 350 300 270 390 400 360 250 230 430 310 380 340
0 390 400 0 190 480 160 330 280 380 440 340 440 220 270 340 300 360 260 480 220 270 290 220 210 380 380 250 400 250 450 350 350 270 250 260 400 300 140 290 330 340 380 440 300 380 320 360 240 370 240
0 380 370 250 0 320 200 340 220 220 340 200 390 210 260 350 380 300 300 350 210 250 320 220 260 190 390 350 410 300 380 350 340 310 240 260 340 260 230 280 230 200 370 330 290 250 160 360 240 370 270
0 210 250 270 280 0 250 300 120 240 260 320 80 230 260 120 410 310 220 310 190 120 280 190 200 350 270 160 240 240 170 280 240 270 220 80 180 220 250 270 340 310 200 300 250 170 300 340 220 190 120
0 430 360 50 240 370 0 180 330 290 390 190 350 230 270 190 340 360 100 330 260 120 140 270 60 250 250 220 250 100 390 290 200 120 260 310 390 150 190 310 210 190 330 280 310 230 290 380 260 320 260
0 400 270 300 260 330 280 0 220 180 390 220 170 200 250 140 400 190 60 200 230 150 170 230 90 280 310 180 210 120 270 250 230 360 220 270 260 100 250 270 240 210 280 240 250 190 270 340 200 340 110
0 370 270 300 340 420 250 260 0 120 270 270 430 140 190 270 430 190 300 420 260 180 250 260 260 370 290 270 290 300 240 280 380 150 170 300 320 230 200 210 300 270 210 370 220 320 350 290 170 200 280
0 250 160 180 230 330 140 270 220 0 370 160 370 20 70 160 310 80 190 300 220 210 130 220 190 340 200 150 240 210 290 160 260 210 50 260 200 210 80 100 180 160 180 350 110 200 300 170 50 370 200
0 190 310 260 170 330 220 50 230 220 0 200 220 210 150 180 300 230 110 240 200 130 150 120 70 260 220 210 250 110 50 140 220 330 240 240 310 150 270 280 230 200 250 290 240 90 180 300 240 330 150
0 390 360 340 380 290 340 150 340 210 420 0 320 230 240 200 450 280 200 340 290 190 210 290 230 260 260 240 330 170 380 360 270 260 250 250 250 60 280 150 30 260 230 200 310 220 390 370 250 360 250
0 290 320 210 210 360 260 260 50 160 220 260 0 180 230 230 410 240 310 360 120 190 210 120 130 280 330 270 300 170 100 250 270 190 210 160 360 250 240 250 280 260 230 290 260 210 220 330 210 220 50
0 290 240 160 310 320 120 250 280 310 350 160 370 0 60 300 300 160 220 310 200 190 110 200 170 320 180 150 220 190 350 140 250 190 30 240 180 220 300 80 190 160 160 330 90 250 280 150 30 350 280
0 240 350 430 420 450 380 400 430 280 430 310 400 270 0 440 260 270 380 460 370 410 270 370 350 450 400 340 380 380 470 390 400 400 300 400 340 320 360 290 290 310 110 280 240 270 420 160 280 510 440
0 380 310 190 230 190 190 320 250 240 320 200 270 260 250 0 290 230 290 340 270 190 180 270 130 320 170 40 290 170 210 210 270 260 110 250 250 260 230 150 220 200 200 360 160 50 210 220 100 360 80
0 140 260 240 330 290 200 150 180 210 330 60 140 230 250 210 0 280 210 340 250 240 260 260 230 270 260 250 330 220 240 360 320 270 260 250 270 60 250 150 30 200 240 200 290 220 160 320 250 260 190
0 350 80 230 150 340 220 230 260 160 400 80 300 180 230 190 280 0 110 230 180 170 100 190 140 330 210 80 200 180 280 120 220 220 210 230 170 140 240 230 110 80 310 280 70 240 240 330 10 340 270
0 370 270 240 280 270 260 130 270 190 350 160 300 200 230 90 350 260 0 300 240 90 110 230 30 220 250 120 150 70 290 190 170 320 190 230 330 50 270 230 180 160 280 190 240 130 220 300 180 290 160
0 270 390 130 280 320 80 210 130 250 300 120 380 190 250 260 260 310 180 0 160 200 70 170 140 330 190 280 330 180 340 100 130 190 190 210 70 170 150 230 140 120 330 310 260 300 270 300 220 320 280
0 170 320 200 120 260 150 140 170 170 230 150 300 190 230 280 300 240 200 280 0 90 250 10 210 310 220 280 210 240 270 140 290 260 220 50 320 190 240 260 180 150 170 330 230 190 110 260 210 160 210
0 400 350 160 200 420 230 360 390 390 410 240 410 120 170 390 410 270 330 390 310 0 230 150 280 380 290 260 330 300 450 250 220 300 140 360 300 300 300 190 270 240 270 380 200 330 360 260 140 470 190
0 440 360 200 390 340 270 140 330 260 410 50 310 270 290 250 430 320 200 200 340 240 0 340 220 310 310 290 350 220 380 280 190 310 250 300 260 110 330 200 80 50 280 250 200 270 400 370 160 410 250
0 340 440 360 320 350 340 300 340 360 260 210 300 380 400 340 290 360 260 360 200 280 270 0 270 410 220 310 400 260 300 140 320 450 340 240 420 270 370 360 240 210 340 410 330 190 300 260 270 350 320
0 390 310 220 260 370 270 230 290 290 330 140 390 180 230 240 390 330 280 280 220 70 90 210 0 200 280 210 350 40 370 310 150 300 210 260 340 190 310 250 160 130 280 330 260 280 230 320 200 260 250
0 200 210 210 150 290 170 170 190 190 220 170 330 170 220 310 190 270 230 180 30 60 240 30 230 0 240 310 230 270 270 160 280 280 200 70 240 210 270 250 200 170 190 350 210 210 130 290 200 180 240
0 340 330 140 260 140 210 290 250 350 390 200 210 360 280 260 440 250 310 440 320 250 350 330 270 410 0 250 370 310 310 320 350 290 130 210 310 210 280 170 180 320 280 350 320 240 410 160 260 320 110
0 340 380 260 330 270 210 300 230 230 330 160 230 250 290 340 490 300 310 300 320 250 200 280 210 300 130 0 370 250 210 390 300 320 260 210 270 220 310 300 190 160 330 330 170 310 170 290 270 320 230
0 270 280 150 220 220 110 220 120 130 320 110 300 150 180 260 200 200 210 250 100 110 130 100 160 240 120 220 0 90 360 40 200 220 180 140 300 170 200 220 130 110 270 310 200 210 70 280 170 250 170
0 350 360 180 220 380 250 190 340 300 360 100 360 140 190 300 350 290 240 240 180 30 50 170 270 160 240 280 350 0 400 280 110 320 170 220 300 150 320 210 120 90 300 290 220 310 290 290 170 330 210
0 310 330 240 130 320 300 170 290 320 120 160 250 200 250 130 370 350 220 260 250 90 110 80 30 220 290 170 370 70 0 210 170 320 230 290 290 220 330 280 180 160 300 360 200 180 260 330 230 290 200
0 230 380 220 180 220 210 200 230 230 290 80 290 250 280 280 160 300 260 220 60 140 160 70 270 280 90 180 270 120 330 0 220 320 210 110 280 140 300 230 110 80 230 280 230 250 170 240 270 220 190
0 360 410 390 420 520 350 300 460 420 250 330 470 370 140 420 400 330 350 460 310 260 280 310 320 390 470 400 390 240 300 390 0 380 400 220 470 370 330 430 350 330 250 420 370 340 410 260 340 340 400
0 340 380 190 230 280 260 110 330 290 440 270 280 150 200 250 420 300 170 310 330 30 240 180 200 390 140 290 320 230 380 270 250 0 170 350 310 210 330 220 300 270 300 350 210 240 380 270 160 450 220
0 390 210 130 280 290 90 260 340 290 320 170 340 270 150 270 410 130 190 340 310 190 220 300 140 330 150 120 330 180 320 250 290 160 0 320 290 230 270 50 190 190 260 370 190 230 290 120 140 350 250
0 140 390 200 240 370 180 230 290 280 180 260 400 160 210 240 360 310 160 240 270 50 210 190 180 350 290 260 170 220 230 210 260 290 190 0 280 150 330 230 290 260 130 290 180 270 230 300 180 120 230
0 210 370 320 430 390 270 330 100 210 290 270 460 230 200 370 460 290 370 410 310 270 260 310 330 420 380 360 380 300 330 370 70 240 260 290 0 330 290 300 300 270 310 400 310 370 230 320 260 290 330
0 330 300 320 350 230 280 90 300 150 370 300 260 170 190 230 400 220 150 290 230 230 250 230 170 210 330 210 290 210 350 310 310 350 200 190 350 0 220 240 320 300 260 140 250 270 340 310 190 310 190
0 480 260 350 290 440 390 270 140 260 410 360 350 280 330 410 440 330 330 470 340 200 390 150 360 450 300 400 370 390 380 280 390 170 310 390 370 240 0 350 380 360 310 380 360 290 430 390 300 340 130
0 450 320 250 340 240 220 230 360 330 280 130 320 260 310 330 520 320 280 420 380 150 330 290 280 390 110 350 430 290 320 380 360 120 240 310 370 180 390 0 150 380 350 320 320 340 450 260 270 420 210
0 360 340 350 380 260 310 120 330 180 400 30 290 200 220 180 430 260 180 320 260 220 240 270 200 240 230 220 310 190 360 340 300 240 230 230 250 40 260 130 0 280 210 180 280 190 370 350 230 340 220
0 390 360 160 340 290 230 150 280 210 400 10 320 230 250 210 410 280 210 150 290 190 180 290 230 270 260 240 330 170 330 250 150 260 210 250 210 60 280 150 30 0 230 200 150 220 360 330 250 360 220
0 420 330 350 380 350 310 360 390 180 320 310 420 200 210 330 310 250 360 410 260 340 300 260 360 470 360 230 410 380 360 330 440 380 220 300 370 320 250 270 290 330 0 170 280 370 360 340 220 410 370
0 260 160 190 210 330 140 230 220 10 310 160 290 30 50 160 310 80 190 300 90 170 140 90 200 300 190 70 240 210 270 170 270 210 60 130 210 220 90 100 190 160 130 0 110 210 200 170 50 240 210
0 310 380 230 420 360 300 170 200 280 370 80 340 190 240 280 460 340 230 220 360 270 30 370 250 340 330 320 380 250 410 300 160 340 220 330 100 140 360 230 110 80 310 280 0 290 330 290 190 390 270
0 470 340 300 340 450 280 300 210 330 410 210 280 260 310 310 330 400 360 360 300 140 160 290 80 280 360 280 430 120 370 370 230 340 280 340 420 270 180 330 240 210 160 330 340 0 310 400 280 340 310
0 310 220 90 270 160 50 190 60 60 330 50 230 80 120 200 370 140 150 190 280 160 170 280 100 290 260 210 250 140 290 220 190 160 110 230 240 100 140 160 70 40 230 240 140 150 0 230 110 260 110
0 460 190 340 260 390 320 290 310 270 450 190 380 280 230 300 350 110 220 330 290 250 200 250 190 380 300 180 220 230 380 230 330 330 310 330 270 200 290 270 170 190 260 340 170 110 290 0 120 390 370
0 350 240 260 300 330 210 230 250 320 390 140 400 250 300 340 270 170 270 280 180 170 90 180 270 390 200 240 190 230 430 120 220 320 280 220 160 190 390 280 160 140 340 330 60 290 260 340 0 330 300
0 260 340 240 240 260 190 120 210 180 70 200 290 200 220 220 280 260 140 310 190 200 220 190 140 240 210 150 90 180 120 130 280 310 230 230 300 40 260 270 220 190 20 180 280 160 150 350 230 0 220
0 510 500 410 160 470 360 410 270 350 440 320 220 370 390 450 480 420 460 460 340 310 270 340 240 350 370 410 450 280 320 470 270 410 400 380 490 380 270 440 350 320 180 350 450 170 320 510 390 440 0
