60 2
288 2203 4027 1 7
792 777 2611 5 1
486 4117 6299 10 9
56 6289 8115 4 5
480 3363 5063 7 1
420 3134 5378 5 6
744 7991 9769 9 6
840 918 3198 6 3
616 3216 5046 6 4
286 3576 5544 10 2
380 3128 5296 3 8
560 3704 5752 9 8
1005 659 2321 5 9
369 3408 5456 2 7
153 1075 2837 2 8
1020 2065 4151 5 9
285 2728 4604 6 3
581 6391 8065 8 8
1500 2746 4508 4 4
312 6908 8812 5 4
432 259 2231 4 8
425 2436 4214 5 6
600 5503 7529 10 5
13 6010 7978 4 10
1067 5780 7714 10 7
636 1079 3013 7 2
492 2666 5004 8 9
117 120 2200 7 3
260 2863 4991 5 10
265 755 2995 2 10
474 1590 3802 8 6
378 5935 8135 2 10
104 3239 5275 4 3
816 2711 4645 5 6
170 5426 7488 7 4
550 2048 4360 1 5
98 5766 7808 9 1
352 2321 4489 2 5
108 2167 4189 5 5
1120 2501 4491 4 1
1064 889 3167 8 8
154 2740 4800 5 5
486 1395 3717 8 3
20 3122 4830 10 5
170 5837 7605 8 2
621 5965 7715 7 9
696 6484 8372 2 7
310 2122 4170 9 4
680 3972 5932 10 7
605 2138 4462 6 3
804 5478 7674 9 10
902 8219 9869 2 7
1012 3469 5843 10 5
195 2012 4078 10 2
340 481 2729 9 3
666 2074 3866 2 9
540 1479 3301 5 9
532 2181 3931 8 5
620 2802 4942 10 9
679 2152 4296 3 4
SETUP
0 188 103 244 375 75 206 94 225 281 328 169 197 132 178 113 113 122 178 169 178 244 403 272 291 263 291 206 235 235 281 272 235 160 263 300 291 132 319 319 338 263 188 281 141 347 309 253 253 197 319 328 328 319 160 272 309 122 281 178 291
0 0 244 309 375 328 244 197 216 441 197 169 338 235 178 113 253 122 178 132 235 197 291 263 356 291 113 263 197 300 122 85 235 244 291 300 206 216 150 375 328 263 263 169 206 244 216 150 206 225 206 216 291 356 160 272 309 178 253 253 169
0 85 0 197 328 225 141 85 132 328 272 94 263 113 75 10 10 29 75 75 113 169 300 169 319 160 188 197 160 132 197 169 160 57 160 197 197 29 225 216 235 253 85 178 206 263 235 178 178 94 216 225 225 253 66 169 206 57 263 75 197
0 272 309 0 253 384 244 319 328 412 244 328 478 253 263 244 244 225 281 309 347 375 253 356 506 225 319 356 300 272 328 356 300 206 235 403 338 169 366 487 441 394 225 441 375 422 375 319 225 253 384 300 300 356 263 94 412 291 169 216 338
0 366 338 469 0 412 206 403 235 487 366 375 497 319 403 338 338 356 403 300 394 356 403 319 506 319 272 412 291 338 281 422 356 263 319 253 309 356 319 506 487 441 244 450 366 403 319 309 291 422 441 291 366 319 122 319 366 338 328 281 328
0 366 384 366 366 0 263 281 244 506 366 300 244 253 197 291 319 141 188 300 319 178 338 206 431 338 431 281 347 235 338 328 216 272 328 309 366 300 384 422 375 394 291 403 291 366 319 356 178 244 338 347 375 375 178 206 328 263 375 291 244
0 300 300 319 441 347 0 300 225 422 384 300 394 244 253 244 235 253 300 197 244 169 478 347 366 253 384 263 263 263 188 225 281 188 244 347 113 160 347 356 309 244 216 253 216 216 216 160 94 328 291 309 328 113 291 347 291 291 347 206 319
0 160 225 291 347 150 160 0 197 356 244 281 384 47 103 85 225 94 150 216 328 244 338 197 347 291 225 122 244 235 206 197 253 225 178 272 263 244 272 328 291 178 225 281 281 263 300 235 244 197 291 244 319 263 132 206 225 272 281 244 281
0 178 141 235 328 225 150 225 0 300 366 235 300 85 188 122 141 132 188 169 253 272 403 281 347 132 225 338 263 103 235 263 122 29 132 309 253 169 263 356 347 263 57 291 319 272 291 263 235 235 206 338 197 253 169 281 319 197 366 47 281
0 253 309 206 281 338 188 197 197 0 188 244 356 225 244 178 169 188 244 94 263 150 459 328 253 291 356 160 38 281 75 338 291 206 291 338 235 178 328 244 197 300 216 375 103 356 113 47 160 263 356 366 366 300 225 291 347 206 366 225 197
0 263 225 384 403 281 225 141 188 394 0 272 394 178 235 216 225 178 235 85 197 328 394 319 356 216 366 263 347 291 319 338 309 216 216 309 206 253 328 441 412 309 244 356 206 178 309 356 309 281 394 375 291 338 216 328 366 253 281 235 412
0 338 375 319 319 394 235 263 263 469 188 0 169 291 319 281 272 291 291 160 206 225 291 160 291 291 141 235 225 197 141 422 75 272 291 403 225 244 178 319 347 300 281 206 235 272 235 178 206 291 244 347 356 319 328 169 347 206 384 291 188
0 394 394 412 506 450 394 309 356 506 169 441 0 328 403 366 394 347 394 253 366 394 506 450 506 375 469 422 441 347 309 469 375 384 375 366 375 412 487 506 506 478 300 459 375 338 403 347 394 450 422 441 450 450 384 459 487 422 450 291 506
0 122 178 272 366 291 178 206 160 319 309 272 422 0 113 47 188 57 103 178 291 206 338 197 347 253 225 300 263 235 169 206 253 188 132 235 281 206 253 309 272 309 216 281 235 291 253 197 206 160 253 263 291 291 94 206 244 235 300 206 281
0 253 309 188 253 235 244 94 263 403 253 253 338 132 0 178 206 188 235 188 263 281 235 94 244 338 319 216 309 132 272 291 150 291 225 356 356 272 356 225 188 263 300 375 206 347 272 253 150 291 235 309 384 356 225 103 319 206 338 309 197
0 75 141 235 328 309 141 160 122 412 272 235 384 197 75 0 141 19 66 206 253 169 300 160 309 244 188 263 225 197 197 160 216 150 244 188 244 169 216 272 225 272 169 244 197 253 253 225 169 122 216 225 253 253 57 169 206 197 253 169 244
0 85 150 188 328 225 141 85 122 422 272 94 263 122 75 10 0 19 75 66 113 169 300 169 319 253 188 197 169 150 197 169 169 150 253 197 244 169 216 281 235 253 178 244 206 253 235 178 178 94 216 225 263 244 57 169 206 57 263 169 244
0 281 244 244 309 291 122 150 103 403 281 272 394 188 57 225 244 0 57 244 281 150 281 150 300 235 328 253 216 178 244 188 197 132 235 178 235 188 244 281 235 319 160 272 188 244 244 225 160 113 281 206 244 235 38 150 188 263 244 150 253
0 253 375 281 431 300 244 253 291 422 328 225 384 291 272 235 235 253 0 216 235 366 459 366 394 235 356 206 253 150 291 141 169 263 244 384 291 235 319 291 450 309 291 225 319 422 272 263 300 57 253 272 188 347 291 366 328 272 309 281 394
0 253 244 300 328 253 188 103 113 403 347 206 375 141 206 178 178 197 244 0 225 338 375 244 450 235 328 225 281 206 300 300 235 141 235 366 291 272 244 431 384 272 160 384 347 356 347 291 272 272 319 347 300 300 235 244 328 169 384 150 347
0 272 328 347 394 319 38 328 253 412 263 85 244 272 281 263 263 281 328 235 0 197 375 235 375 225 216 291 291 272 216 253 150 216 235 375 141 188 253 384 338 272 244 281 244 188 244 188 122 347 319 338 300 141 319 244 319 225 375 235 216
0 281 253 309 366 319 150 206 300 338 235 206 272 216 225 206 197 216 272 244 225 0 441 319 375 235 263 113 188 235 225 309 235 160 160 375 253 132 309 441 394 263 160 394 253 300 225 197 10 291 216 338 263 197 253 328 319 169 328 178 160
0 263 319 422 141 263 235 225 235 281 366 328 403 263 263 300 300 319 366 132 328 188 0 356 347 216 375 253 319 319 113 347 338 244 103 394 263 206 366 487 441 394 225 412 197 291 206 141 197 394 338 422 291 281 253 216 403 291 459 263 338
0 197 263 169 169 338 206 197 178 394 169 160 328 225 188 122 122 141 188 103 178 216 141 0 281 272 263 263 225 38 188 281 57 206 206 300 309 188 281 375 347 197 216 356 216 338 178 160 57 216 141 216 291 309 178 10 253 122 253 225 103
0 281 253 384 85 328 253 328 319 403 412 347 412 356 328 263 253 272 319 319 300 422 356 394 0 235 328 366 347 309 338 366 338 309 235 338 356 281 375 459 478 469 160 422 412 469 403 356 338 225 422 338 309 366 206 403 319 300 375 328 384
0 47 216 244 253 160 19 244 244 188 244 216 375 188 160 160 216 169 160 178 225 188 338 244 356 0 160 263 141 216 169 132 235 141 10 272 132 178 197 375 328 263 132 216 206 235 206 150 113 216 253 235 75 132 206 253 216 225 263 160 216
0 225 244 206 263 263 150 132 132 338 244 113 272 160 188 206 206 216 160 29 122 94 188 263 253 178 0 150 94 216 10 300 178 141 178 281 94 113 47 263 216 225 150 244 103 141 103 47 94 160 281 291 253 263 253 272 272 75 300 160 57
0 216 291 347 431 235 38 94 263 441 122 291 431 132 197 169 272 188 235 206 206 206 422 291 403 281 319 0 300 253 216 263 272 225 263 356 141 197 356 384 347 263 206 291 253 253 253 197 122 291 328 328 347 150 225 291 309 319 366 197 356
0 216 272 328 300 300 160 160 160 309 160 225 394 197 206 141 141 160 206 57 244 122 431 291 225 253 328 122 0 244 47 300 272 169 263 300 206 141 300 375 328 263 188 347 75 328 75 19 122 235 328 328 328 272 197 300 309 188 366 188 272
0 169 225 132 328 309 225 160 141 422 309 178 347 197 160 94 85 103 150 66 188 253 366 244 244 235 235 281 235 0 206 253 29 169 235 272 328 244 244 356 319 169 197 328 281 338 188 235 160 178 113 235 263 328 141 225 216 141 272 188 281
0 263 235 319 328 263 178 122 122 328 263 225 347 160 197 197 197 206 263 19 244 85 394 253 244 216 319 150 235 206 0 319 225 132 225 347 272 103 253 403 356 281 141 394 94 375 94 38 85 281 291 319 291 281 244 263 300 188 347 150 235
0 113 356 375 375 422 291 281 281 366 206 85 253 309 281 216 272 235 281 178 281 253 328 235 300 328 216 253 141 272 178 0 160 291 328 281 197 263 188 403 431 178 309 85 206 347 206 150 216 309 122 132 206 309 272 244 235 281 169 309 272
0 263 384 384 309 375 235 431 338 394 403 281 394 347 356 366 384 384 375 328 300 384 366 441 225 216 366 394 272 366 309 347 0 291 216 356 338 263 225 375 506 253 291 422 338 431 338 281 141 384 197 319 291 347 366 300 300 244 356 309 422
0 150 113 206 300 197 122 197 216 272 338 206 281 57 160 94 122 113 160 141 225 244 375 253 319 103 197 309 235 75 206 235 103 0 103 281 225 141 235 328 319 235 29 291 291 244 263 244 206 206 188 309 169 235 150 263 291 169 338 19 253
0 169 216 356 366 160 141 253 281 188 356 300 375 300 169 216 216 235 272 272 225 300 394 253 403 122 272 338 216 291 253 244 309 253 0 384 169 235 272 394 347 375 122 309 281 281 291 225 225 309 347 347 188 178 272 263 328 263 384 272 328
0 206 178 319 366 263 178 188 122 338 225 272 338 169 253 188 178 197 244 85 281 150 356 253 309 160 263 216 150 188 75 291 141 113 169 0 122 169 300 384 412 347 94 263 160 356 169 103 160 272 291 150 225 291 235 253 132 235 178 132 300
0 206 253 319 441 338 244 206 122 328 366 225 384 197 206 132 132 150 197 197 216 263 384 291 366 244 319 272 291 216 188 291 235 141 244 319 0 281 244 366 356 244 169 150 216 384 225 160 272 225 188 291 309 356 188 300 291 178 328 160 366
0 178 150 235 328 225 150 188 169 300 291 216 309 85 103 122 150 141 188 178 235 253 328 188 338 132 225 253 141 113 178 263 132 38 132 309 169 0 272 328 281 272 57 309 206 272 206 150 235 244 216 338 206 263 178 197 319 178 375 57 169
0 338 403 244 225 384 375 244 319 422 403 300 309 281 150 263 263 272 263 244 347 328 141 244 384 356 403 356 403 178 253 272 197 338 244 441 403 347 0 375 328 338 366 347 338 431 338 281 291 319 281 394 431 422 309 244 384 291 403 356 281
0 263 281 244 169 235 113 206 216 338 281 235 113 244 272 197 197 216 263 103 300 281 441 347 356 338 263 328 291 113 272 160 132 235 338 225 225 272 300 0 422 272 263 244 328 319 300 272 206 291 216 291 366 225 253 328 328 244 319 253 319
0 281 319 10 216 281 160 253 263 384 253 281 160 263 272 244 244 235 281 150 347 291 263 366 403 235 309 169 309 160 319 206 178 206 235 272 272 178 347 47 0 319 235 281 375 366 338 319 235 253 263 309 309 272 160 103 375 291 178 225 347
0 197 281 309 272 309 169 235 225 338 150 281 403 160 225 197 216 206 235 132 206 197 253 319 300 150 309 197 75 281 113 281 244 216 160 113 225 216 113 422 375 0 197 328 150 319 150 94 197 291 375 75 150 253 244 328 57 263 113 235 272
0 122 94 281 281 169 94 169 216 253 309 188 253 197 169 103 94 113 160 160 197 263 356 253 356 75 178 291 216 225 178 206 244 150 85 291 206 122 216 300 319 328 0 272 272 309 272 216 178 188 309 309 150 206 150 263 291 150 338 169 225
0 216 319 347 300 403 272 309 225 281 225 300 403 253 253 244 244 263 309 206 300 272 244 338 225 253 281 272 160 272 197 225 300 206 253 206 113 178 103 469 431 103 235 0 206 281 225 169 272 225 47 150 225 281 216 347 150 291 188 225 338
0 384 300 338 235 478 291 356 347 244 338 347 478 347 366 309 300 319 244 319 394 384 441 450 150 347 478 384 272 328 309 384 347 356 347 300 235 328 300 478 431 197 309 375 0 506 338 281 375 300 422 263 338 403 356 422 244 356 300 375 431
0 94 216 263 225 132 66 150 197 225 281 169 328 188 150 85 75 94 141 141 169 225 375 235 384 47 197 206 178 225 206 178 235 178 47 263 169 216 244 347 300 300 169 253 253 0 253 197 150 169 291 272 122 178 132 244 253 122 309 197 253
0 272 253 328 347 281 197 141 141 347 281 244 338 169 216 197 197 206 263 38 253 103 394 263 263 235 328 160 253 225 19 338 244 150 235 366 216 122 272 412 366 300 160 366 113 394 0 57 103 281 309 328 309 291 244 263 309 206 347 169 253
0 291 263 328 291 291 150 150 150 300 235 253 375 178 225 225 225 235 281 47 272 113 422 281 206 244 338 113 206 235 29 347 253 160 244 356 253 132 281 366 319 253 169 394 66 356 66 0 113 309 319 319 319 253 272 291 300 216 356 178 263
0 281 253 356 431 309 253 319 300 338 328 338 412 206 225 253 253 263 309 235 356 300 450 309 375 235 328 300 178 235 216 366 253 160 160 441 291 132 375 450 403 394 160 422 253 403 244 197 0 347 338 459 309 328 300 319 441 300 328 178 291
0 235 319 225 412 338 188 197 235 366 272 169 338 235 253 178 178 197 244 160 178 347 450 319 338 188 300 150 319 94 291 309 113 263 188 356 291 338 338 319 403 253 281 366 375 366 281 328 253 0 197 328 253 291 235 309 309 216 356 281 356
0 253 281 366 253 356 225 291 281 394 206 328 441 206 235 253 272 225 272 188 253 253 309 319 178 206 356 253 132 244 169 338 263 169 206 169 281 141 169 459 412 57 188 384 206 235 206 150 253 188 0 132 206 235 169 328 113 319 160 188 300
0 225 281 244 309 309 169 169 169 319 85 235 394 197 160 150 141 160 160 66 253 122 375 253 225 263 328 132 10 253 47 300 272 178 244 272 206 150 263 384 338 272 188 263 75 253 85 19 132 216 300 0 75 188 197 253 216 197 38 197 281
0 178 235 169 338 319 225 178 216 375 216 291 412 216 85 103 206 113 85 122 309 188 300 178 281 235 281 188 66 206 103 225 225 235 235 197 263 206 309 309 263 328 160 309 141 347 141 85 188 141 309 160 0 328 150 178 141 253 197 253 281
0 197 281 206 328 235 169 253 150 328 319 197 356 225 253 178 178 197 244 244 263 328 431 338 412 150 300 309 244 206 291 113 225 169 150 366 272 309 300 244 197 291 197 197 319 103 281 263 253 272 235 244 216 0 235 300 328 225 281 188 356
0 253 216 403 356 300 85 300 253 375 356 309 375 263 291 225 225 235 291 225 328 253 431 384 450 206 300 347 291 328 206 309 272 253 206 141 197 244 338 431 394 319 132 338 300 300 206 244 169 309 375 281 272 197 0 384 263 272 319 263 356
0 412 384 450 160 441 356 291 347 506 160 244 403 338 366 356 347 338 366 244 347 328 422 394 431 366 375 338 216 431 253 487 309 375 375 375 366 356 291 506 506 300 394 441 281 328 281 225 338 338 478 206 281 394 281 0 356 356 244 384 422
0 150 235 263 328 263 122 188 178 281 103 253 356 103 178 141 160 160 178 85 263 141 338 263 244 103 253 150 29 244 66 235 197 169 103 57 178 169 197 403 356 281 141 281 94 272 94 38 150 235 319 19 94 206 197 272 0 216 57 188 300
0 244 216 141 356 281 85 272 272 375 225 47 206 309 291 225 216 235 281 169 57 235 338 197 338 197 178 235 113 235 160 309 113 272 206 412 197 244 216 366 394 319 132 244 188 244 188 132 169 216 281 384 272 197 272 206 375 0 300 291 225
0 375 422 403 309 366 319 338 300 394 403 394 506 375 244 356 356 197 244 338 412 347 375 244 384 328 478 441 403 272 422 384 291 328 216 366 375 300 412 469 431 347 328 412 235 431 412 394 291 300 366 394 347 384 235 244 384 356 0 338 347
0 132 103 188 281 178 103 178 197 253 319 188 263 38 141 75 103 94 141 122 206 225 366 235 300 85 178 300 216 66 188 216 85 160 85 263 206 122 225 309 300 225 10 272 272 225 244 225 188 197 169 291 160 216 132 244 272 150 328 0 235
0 244 225 150 216 291 103 216 216 384 235 57 225 244 291 235 235 253 300 113 75 169 347 206 319 216 188 235 132 244 94 319 132 225 216 422 206 197 225 375 403 338 141 253 188 253 75 132 178 225 300 394 281 206 291 216 384 19 319 244 0
SETUP_COST
0.0 3760.0 2060.0 4880.0 7500.0 1500.0 4120.0 1880.0 4500.0 5620.0 6560.0 3380.0 3940.0 2640.0 3560.0 2260.0 2260.0 2440.0 3560.0 3380.0 3560.0 4880.0 8060.0 5440.0 5820.0 5260.0 5820.0 4120.0 4700.0 4700.0 5620.0 5440.0 4700.0 3200.0 5260.0 6000.0 5820.0 2640.0 6380.0 6380.0 6760.0 5260.0 3760.0 5620.0 2820.0 6940.0 6180.0 5060.0 5060.0 3940.0 6380.0 6560.0 6560.0 6380.0 3200.0 5440.0 6180.0 2440.0 5620.0 3560.0 5820.0
0.0 0.0 4880.0 6180.0 7500.0 6560.0 4880.0 3940.0 4320.0 8820.0 3940.0 3380.0 6760.0 4700.0 3560.0 2260.0 5060.0 2440.0 3560.0 2640.0 4700.0 3940.0 5820.0 5260.0 7120.0 5820.0 2260.0 5260.0 3940.0 6000.0 2440.0 1700.0 4700.0 4880.0 5820.0 6000.0 4120.0 4320.0 3000.0 7500.0 6560.0 5260.0 5260.0 3380.0 4120.0 4880.0 4320.0 3000.0 4120.0 4500.0 4120.0 4320.0 5820.0 7120.0 3200.0 5440.0 6180.0 3560.0 5060.0 5060.0 3380.0
0.0 1700.0 0.0 3940.0 6560.0 4500.0 2820.0 1700.0 2640.0 6560.0 5440.0 1880.0 5260.0 2260.0 1500.0 200.0 200.0 580.0 1500.0 1500.0 2260.0 3380.0 6000.0 3380.0 6380.0 3200.0 3760.0 3940.0 3200.0 2640.0 3940.0 3380.0 3200.0 1140.0 3200.0 3940.0 3940.0 580.0 4500.0 4320.0 4700.0 5060.0 1700.0 3560.0 4120.0 5260.0 4700.0 3560.0 3560.0 1880.0 4320.0 4500.0 4500.0 5060.0 1320.0 3380.0 4120.0 1140.0 5260.0 1500.0 3940.0
0.0 5440.0 6180.0 0.0 5060.0 7680.0 4880.0 6380.0 6560.0 8240.0 4880.0 6560.0 9560.0 5060.0 5260.0 4880.0 4880.0 4500.0 5620.0 6180.0 6940.0 7500.0 5060.0 7120.0 10120.0 4500.0 6380.0 7120.0 6000.0 5440.0 6560.0 7120.0 6000.0 4120.0 4700.0 8060.0 6760.0 3380.0 7320.0 9740.0 8820.0 7880.0 4500.0 8820.0 7500.0 8440.0 7500.0 6380.0 4500.0 5060.0 7680.0 6000.0 6000.0 7120.0 5260.0 1880.0 8240.0 5820.0 3380.0 4320.0 6760.0
0.0 7320.0 6760.0 9380.0 0.0 8240.0 4120.0 8060.0 4700.0 9740.0 7320.0 7500.0 9940.0 6380.0 8060.0 6760.0 6760.0 7120.0 8060.0 6000.0 7880.0 7120.0 8060.0 6380.0 10120.0 6380.0 5440.0 8240.0 5820.0 6760.0 5620.0 8440.0 7120.0 5260.0 6380.0 5060.0 6180.0 7120.0 6380.0 10120.0 9740.0 8820.0 4880.0 9000.0 7320.0 8060.0 6380.0 6180.0 5820.0 8440.0 8820.0 5820.0 7320.0 6380.0 2440.0 6380.0 7320.0 6760.0 6560.0 5620.0 6560.0
0.0 7320.0 7680.0 7320.0 7320.0 0.0 5260.0 5620.0 4880.0 10120.0 7320.0 6000.0 4880.0 5060.0 3940.0 5820.0 6380.0 2820.0 3760.0 6000.0 6380.0 3560.0 6760.0 4120.0 8620.0 6760.0 8620.0 5620.0 6940.0 4700.0 6760.0 6560.0 4320.0 5440.0 6560.0 6180.0 7320.0 6000.0 7680.0 8440.0 7500.0 7880.0 5820.0 8060.0 5820.0 7320.0 6380.0 7120.0 3560.0 4880.0 6760.0 6940.0 7500.0 7500.0 3560.0 4120.0 6560.0 5260.0 7500.0 5820.0 4880.0
0.0 6000.0 6000.0 6380.0 8820.0 6940.0 0.0 6000.0 4500.0 8440.0 7680.0 6000.0 7880.0 4880.0 5060.0 4880.0 4700.0 5060.0 6000.0 3940.0 4880.0 3380.0 9560.0 6940.0 7320.0 5060.0 7680.0 5260.0 5260.0 5260.0 3760.0 4500.0 5620.0 3760.0 4880.0 6940.0 2260.0 3200.0 6940.0 7120.0 6180.0 4880.0 4320.0 5060.0 4320.0 4320.0 4320.0 3200.0 1880.0 6560.0 5820.0 6180.0 6560.0 2260.0 5820.0 6940.0 5820.0 5820.0 6940.0 4120.0 6380.0
0.0 3200.0 4500.0 5820.0 6940.0 3000.0 3200.0 0.0 3940.0 7120.0 4880.0 5620.0 7680.0 940.0 2060.0 1700.0 4500.0 1880.0 3000.0 4320.0 6560.0 4880.0 6760.0 3940.0 6940.0 5820.0 4500.0 2440.0 4880.0 4700.0 4120.0 3940.0 5060.0 4500.0 3560.0 5440.0 5260.0 4880.0 5440.0 6560.0 5820.0 3560.0 4500.0 5620.0 5620.0 5260.0 6000.0 4700.0 4880.0 3940.0 5820.0 4880.0 6380.0 5260.0 2640.0 4120.0 4500.0 5440.0 5620.0 4880.0 5620.0
0.0 3560.0 2820.0 4700.0 6560.0 4500.0 3000.0 4500.0 0.0 6000.0 7320.0 4700.0 6000.0 1700.0 3760.0 2440.0 2820.0 2640.0 3760.0 3380.0 5060.0 5440.0 8060.0 5620.0 6940.0 2640.0 4500.0 6760.0 5260.0 2060.0 4700.0 5260.0 2440.0 580.0 2640.0 6180.0 5060.0 3380.0 5260.0 7120.0 6940.0 5260.0 1140.0 5820.0 6380.0 5440.0 5820.0 5260.0 4700.0 4700.0 4120.0 6760.0 3940.0 5060.0 3380.0 5620.0 6380.0 3940.0 7320.0 940.0 5620.0
0.0 5060.0 6180.0 4120.0 5620.0 6760.0 3760.0 3940.0 3940.0 0.0 3760.0 4880.0 7120.0 4500.0 4880.0 3560.0 3380.0 3760.0 4880.0 1880.0 5260.0 3000.0 9180.0 6560.0 5060.0 5820.0 7120.0 3200.0 760.0 5620.0 1500.0 6760.0 5820.0 4120.0 5820.0 6760.0 4700.0 3560.0 6560.0 4880.0 3940.0 6000.0 4320.0 7500.0 2060.0 7120.0 2260.0 940.0 3200.0 5260.0 7120.0 7320.0 7320.0 6000.0 4500.0 5820.0 6940.0 4120.0 7320.0 4500.0 3940.0
0.0 5260.0 4500.0 7680.0 8060.0 5620.0 4500.0 2820.0 3760.0 7880.0 0.0 5440.0 7880.0 3560.0 4700.0 4320.0 4500.0 3560.0 4700.0 1700.0 3940.0 6560.0 7880.0 6380.0 7120.0 4320.0 7320.0 5260.0 6940.0 5820.0 6380.0 6760.0 6180.0 4320.0 4320.0 6180.0 4120.0 5060.0 6560.0 8820.0 8240.0 6180.0 4880.0 7120.0 4120.0 3560.0 6180.0 7120.0 6180.0 5620.0 7880.0 7500.0 5820.0 6760.0 4320.0 6560.0 7320.0 5060.0 5620.0 4700.0 8240.0
0.0 6760.0 7500.0 6380.0 6380.0 7880.0 4700.0 5260.0 5260.0 9380.0 3760.0 0.0 3380.0 5820.0 6380.0 5620.0 5440.0 5820.0 5820.0 3200.0 4120.0 4500.0 5820.0 3200.0 5820.0 5820.0 2820.0 4700.0 4500.0 3940.0 2820.0 8440.0 1500.0 5440.0 5820.0 8060.0 4500.0 4880.0 3560.0 6380.0 6940.0 6000.0 5620.0 4120.0 4700.0 5440.0 4700.0 3560.0 4120.0 5820.0 4880.0 6940.0 7120.0 6380.0 6560.0 3380.0 6940.0 4120.0 7680.0 5820.0 3760.0
0.0 7880.0 7880.0 8240.0 10120.0 9000.0 7880.0 6180.0 7120.0 10120.0 3380.0 8820.0 0.0 6560.0 8060.0 7320.0 7880.0 6940.0 7880.0 5060.0 7320.0 7880.0 10120.0 9000.0 10120.0 7500.0 9380.0 8440.0 8820.0 6940.0 6180.0 9380.0 7500.0 7680.0 7500.0 7320.0 7500.0 8240.0 9740.0 10120.0 10120.0 9560.0 6000.0 9180.0 7500.0 6760.0 8060.0 6940.0 7880.0 9000.0 8440.0 8820.0 9000.0 9000.0 7680.0 9180.0 9740.0 8440.0 9000.0 5820.0 10120.0
0.0 2440.0 3560.0 5440.0 7320.0 5820.0 3560.0 4120.0 3200.0 6380.0 6180.0 5440.0 8440.0 0.0 2260.0 940.0 3760.0 1140.0 2060.0 3560.0 5820.0 4120.0 6760.0 3940.0 6940.0 5060.0 4500.0 6000.0 5260.0 4700.0 3380.0 4120.0 5060.0 3760.0 2640.0 4700.0 5620.0 4120.0 5060.0 6180.0 5440.0 6180.0 4320.0 5620.0 4700.0 5820.0 5060.0 3940.0 4120.0 3200.0 5060.0 5260.0 5820.0 5820.0 1880.0 4120.0 4880.0 4700.0 6000.0 4120.0 5620.0
0.0 5060.0 6180.0 3760.0 5060.0 4700.0 4880.0 1880.0 5260.0 8060.0 5060.0 5060.0 6760.0 2640.0 0.0 3560.0 4120.0 3760.0 4700.0 3760.0 5260.0 5620.0 4700.0 1880.0 4880.0 6760.0 6380.0 4320.0 6180.0 2640.0 5440.0 5820.0 3000.0 5820.0 4500.0 7120.0 7120.0 5440.0 7120.0 4500.0 3760.0 5260.0 6000.0 7500.0 4120.0 6940.0 5440.0 5060.0 3000.0 5820.0 4700.0 6180.0 7680.0 7120.0 4500.0 2060.0 6380.0 4120.0 6760.0 6180.0 3940.0
0.0 1500.0 2820.0 4700.0 6560.0 6180.0 2820.0 3200.0 2440.0 8240.0 5440.0 4700.0 7680.0 3940.0 1500.0 0.0 2820.0 380.0 1320.0 4120.0 5060.0 3380.0 6000.0 3200.0 6180.0 4880.0 3760.0 5260.0 4500.0 3940.0 3940.0 3200.0 4320.0 3000.0 4880.0 3760.0 4880.0 3380.0 4320.0 5440.0 4500.0 5440.0 3380.0 4880.0 3940.0 5060.0 5060.0 4500.0 3380.0 2440.0 4320.0 4500.0 5060.0 5060.0 1140.0 3380.0 4120.0 3940.0 5060.0 3380.0 4880.0
0.0 1700.0 3000.0 3760.0 6560.0 4500.0 2820.0 1700.0 2440.0 8440.0 5440.0 1880.0 5260.0 2440.0 1500.0 200.0 0.0 380.0 1500.0 1320.0 2260.0 3380.0 6000.0 3380.0 6380.0 5060.0 3760.0 3940.0 3380.0 3000.0 3940.0 3380.0 3380.0 3000.0 5060.0 3940.0 4880.0 3380.0 4320.0 5620.0 4700.0 5060.0 3560.0 4880.0 4120.0 5060.0 4700.0 3560.0 3560.0 1880.0 4320.0 4500.0 5260.0 4880.0 1140.0 3380.0 4120.0 1140.0 5260.0 3380.0 4880.0
0.0 5620.0 4880.0 4880.0 6180.0 5820.0 2440.0 3000.0 2060.0 8060.0 5620.0 5440.0 7880.0 3760.0 1140.0 4500.0 4880.0 0.0 1140.0 4880.0 5620.0 3000.0 5620.0 3000.0 6000.0 4700.0 6560.0 5060.0 4320.0 3560.0 4880.0 3760.0 3940.0 2640.0 4700.0 3560.0 4700.0 3760.0 4880.0 5620.0 4700.0 6380.0 3200.0 5440.0 3760.0 4880.0 4880.0 4500.0 3200.0 2260.0 5620.0 4120.0 4880.0 4700.0 760.0 3000.0 3760.0 5260.0 4880.0 3000.0 5060.0
0.0 5060.0 7500.0 5620.0 8620.0 6000.0 4880.0 5060.0 5820.0 8440.0 6560.0 4500.0 7680.0 5820.0 5440.0 4700.0 4700.0 5060.0 0.0 4320.0 4700.0 7320.0 9180.0 7320.0 7880.0 4700.0 7120.0 4120.0 5060.0 3000.0 5820.0 2820.0 3380.0 5260.0 4880.0 7680.0 5820.0 4700.0 6380.0 5820.0 9000.0 6180.0 5820.0 4500.0 6380.0 8440.0 5440.0 5260.0 6000.0 1140.0 5060.0 5440.0 3760.0 6940.0 5820.0 7320.0 6560.0 5440.0 6180.0 5620.0 7880.0
0.0 5060.0 4880.0 6000.0 6560.0 5060.0 3760.0 2060.0 2260.0 8060.0 6940.0 4120.0 7500.0 2820.0 4120.0 3560.0 3560.0 3940.0 4880.0 0.0 4500.0 6760.0 7500.0 4880.0 9000.0 4700.0 6560.0 4500.0 5620.0 4120.0 6000.0 6000.0 4700.0 2820.0 4700.0 7320.0 5820.0 5440.0 4880.0 8620.0 7680.0 5440.0 3200.0 7680.0 6940.0 7120.0 6940.0 5820.0 5440.0 5440.0 6380.0 6940.0 6000.0 6000.0 4700.0 4880.0 6560.0 3380.0 7680.0 3000.0 6940.0
0.0 5440.0 6560.0 6940.0 7880.0 6380.0 760.0 6560.0 5060.0 8240.0 5260.0 1700.0 4880.0 5440.0 5620.0 5260.0 5260.0 5620.0 6560.0 4700.0 0.0 3940.0 7500.0 4700.0 7500.0 4500.0 4320.0 5820.0 5820.0 5440.0 4320.0 5060.0 3000.0 4320.0 4700.0 7500.0 2820.0 3760.0 5060.0 7680.0 6760.0 5440.0 4880.0 5620.0 4880.0 3760.0 4880.0 3760.0 2440.0 6940.0 6380.0 6760.0 6000.0 2820.0 6380.0 4880.0 6380.0 4500.0 7500.0 4700.0 4320.0
0.0 5620.0 5060.0 6180.0 7320.0 6380.0 3000.0 4120.0 6000.0 6760.0 4700.0 4120.0 5440.0 4320.0 4500.0 4120.0 3940.0 4320.0 5440.0 4880.0 4500.0 0.0 8820.0 6380.0 7500.0 4700.0 5260.0 2260.0 3760.0 4700.0 4500.0 6180.0 4700.0 3200.0 3200.0 7500.0 5060.0 2640.0 6180.0 8820.0 7880.0 5260.0 3200.0 7880.0 5060.0 6000.0 4500.0 3940.0 200.0 5820.0 4320.0 6760.0 5260.0 3940.0 5060.0 6560.0 6380.0 3380.0 6560.0 3560.0 3200.0
0.0 5260.0 6380.0 8440.0 2820.0 5260.0 4700.0 4500.0 4700.0 5620.0 7320.0 6560.0 8060.0 5260.0 5260.0 6000.0 6000.0 6380.0 7320.0 2640.0 6560.0 3760.0 0.0 7120.0 6940.0 4320.0 7500.0 5060.0 6380.0 6380.0 2260.0 6940.0 6760.0 4880.0 2060.0 7880.0 5260.0 4120.0 7320.0 9740.0 8820.0 7880.0 4500.0 8240.0 3940.0 5820.0 4120.0 2820.0 3940.0 7880.0 6760.0 8440.0 5820.0 5620.0 5060.0 4320.0 8060.0 5820.0 9180.0 5260.0 6760.0
0.0 3940.0 5260.0 3380.0 3380.0 6760.0 4120.0 3940.0 3560.0 7880.0 3380.0 3200.0 6560.0 4500.0 3760.0 2440.0 2440.0 2820.0 3760.0 2060.0 3560.0 4320.0 2820.0 0.0 5620.0 5440.0 5260.0 5260.0 4500.0 760.0 3760.0 5620.0 1140.0 4120.0 4120.0 6000.0 6180.0 3760.0 5620.0 7500.0 6940.0 3940.0 4320.0 7120.0 4320.0 6760.0 3560.0 3200.0 1140.0 4320.0 2820.0 4320.0 5820.0 6180.0 3560.0 200.0 5060.0 2440.0 5060.0 4500.0 2060.0
0.0 5620.0 5060.0 7680.0 1700.0 6560.0 5060.0 6560.0 6380.0 8060.0 8240.0 6940.0 8240.0 7120.0 6560.0 5260.0 5060.0 5440.0 6380.0 6380.0 6000.0 8440.0 7120.0 7880.0 0.0 4700.0 6560.0 7320.0 6940.0 6180.0 6760.0 7320.0 6760.0 6180.0 4700.0 6760.0 7120.0 5620.0 7500.0 9180.0 9560.0 9380.0 3200.0 8440.0 8240.0 9380.0 8060.0 7120.0 6760.0 4500.0 8440.0 6760.0 6180.0 7320.0 4120.0 8060.0 6380.0 6000.0 7500.0 6560.0 7680.0
0.0 940.0 4320.0 4880.0 5060.0 3200.0 380.0 4880.0 4880.0 3760.0 4880.0 4320.0 7500.0 3760.0 3200.0 3200.0 4320.0 3380.0 3200.0 3560.0 4500.0 3760.0 6760.0 4880.0 7120.0 0.0 3200.0 5260.0 2820.0 4320.0 3380.0 2640.0 4700.0 2820.0 200.0 5440.0 2640.0 3560.0 3940.0 7500.0 6560.0 5260.0 2640.0 4320.0 4120.0 4700.0 4120.0 3000.0 2260.0 4320.0 5060.0 4700.0 1500.0 2640.0 4120.0 5060.0 4320.0 4500.0 5260.0 3200.0 4320.0
0.0 4500.0 4880.0 4120.0 5260.0 5260.0 3000.0 2640.0 2640.0 6760.0 4880.0 2260.0 5440.0 3200.0 3760.0 4120.0 4120.0 4320.0 3200.0 580.0 2440.0 1880.0 3760.0 5260.0 5060.0 3560.0 0.0 3000.0 1880.0 4320.0 200.0 6000.0 3560.0 2820.0 3560.0 5620.0 1880.0 2260.0 940.0 5260.0 4320.0 4500.0 3000.0 4880.0 2060.0 2820.0 2060.0 940.0 1880.0 3200.0 5620.0 5820.0 5060.0 5260.0 5060.0 5440.0 5440.0 1500.0 6000.0 3200.0 1140.0
0.0 4320.0 5820.0 6940.0 8620.0 4700.0 760.0 1880.0 5260.0 8820.0 2440.0 5820.0 8620.0 2640.0 3940.0 3380.0 5440.0 3760.0 4700.0 4120.0 4120.0 4120.0 8440.0 5820.0 8060.0 5620.0 6380.0 0.0 6000.0 5060.0 4320.0 5260.0 5440.0 4500.0 5260.0 7120.0 2820.0 3940.0 7120.0 7680.0 6940.0 5260.0 4120.0 5820.0 5060.0 5060.0 5060.0 3940.0 2440.0 5820.0 6560.0 6560.0 6940.0 3000.0 4500.0 5820.0 6180.0 6380.0 7320.0 3940.0 7120.0
0.0 4320.0 5440.0 6560.0 6000.0 6000.0 3200.0 3200.0 3200.0 6180.0 3200.0 4500.0 7880.0 3940.0 4120.0 2820.0 2820.0 3200.0 4120.0 1140.0 4880.0 2440.0 8620.0 5820.0 4500.0 5060.0 6560.0 2440.0 0.0 4880.0 940.0 6000.0 5440.0 3380.0 5260.0 6000.0 4120.0 2820.0 6000.0 7500.0 6560.0 5260.0 3760.0 6940.0 1500.0 6560.0 1500.0 380.0 2440.0 4700.0 6560.0 6560.0 6560.0 5440.0 3940.0 6000.0 6180.0 3760.0 7320.0 3760.0 5440.0
0.0 3380.0 4500.0 2640.0 6560.0 6180.0 4500.0 3200.0 2820.0 8440.0 6180.0 3560.0 6940.0 3940.0 3200.0 1880.0 1700.0 2060.0 3000.0 1320.0 3760.0 5060.0 7320.0 4880.0 4880.0 4700.0 4700.0 5620.0 4700.0 0.0 4120.0 5060.0 580.0 3380.0 4700.0 5440.0 6560.0 4880.0 4880.0 7120.0 6380.0 3380.0 3940.0 6560.0 5620.0 6760.0 3760.0 4700.0 3200.0 3560.0 2260.0 4700.0 5260.0 6560.0 2820.0 4500.0 4320.0 2820.0 5440.0 3760.0 5620.0
0.0 5260.0 4700.0 6380.0 6560.0 5260.0 3560.0 2440.0 2440.0 6560.0 5260.0 4500.0 6940.0 3200.0 3940.0 3940.0 3940.0 4120.0 5260.0 380.0 4880.0 1700.0 7880.0 5060.0 4880.0 4320.0 6380.0 3000.0 4700.0 4120.0 0.0 6380.0 4500.0 2640.0 4500.0 6940.0 5440.0 2060.0 5060.0 8060.0 7120.0 5620.0 2820.0 7880.0 1880.0 7500.0 1880.0 760.0 1700.0 5620.0 5820.0 6380.0 5820.0 5620.0 4880.0 5260.0 6000.0 3760.0 6940.0 3000.0 4700.0
0.0 2260.0 7120.0 7500.0 7500.0 8440.0 5820.0 5620.0 5620.0 7320.0 4120.0 1700.0 5060.0 6180.0 5620.0 4320.0 5440.0 4700.0 5620.0 3560.0 5620.0 5060.0 6560.0 4700.0 6000.0 6560.0 4320.0 5060.0 2820.0 5440.0 3560.0 0.0 3200.0 5820.0 6560.0 5620.0 3940.0 5260.0 3760.0 8060.0 8620.0 3560.0 6180.0 1700.0 4120.0 6940.0 4120.0 3000.0 4320.0 6180.0 2440.0 2640.0 4120.0 6180.0 5440.0 4880.0 4700.0 5620.0 3380.0 6180.0 5440.0
0.0 5260.0 7680.0 7680.0 6180.0 7500.0 4700.0 8620.0 6760.0 7880.0 8060.0 5620.0 7880.0 6940.0 7120.0 7320.0 7680.0 7680.0 7500.0 6560.0 6000.0 7680.0 7320.0 8820.0 4500.0 4320.0 7320.0 7880.0 5440.0 7320.0 6180.0 6940.0 0.0 5820.0 4320.0 7120.0 6760.0 5260.0 4500.0 7500.0 10120.0 5060.0 5820.0 8440.0 6760.0 8620.0 6760.0 5620.0 2820.0 7680.0 3940.0 6380.0 5820.0 6940.0 7320.0 6000.0 6000.0 4880.0 7120.0 6180.0 8440.0
0.0 3000.0 2260.0 4120.0 6000.0 3940.0 2440.0 3940.0 4320.0 5440.0 6760.0 4120.0 5620.0 1140.0 3200.0 1880.0 2440.0 2260.0 3200.0 2820.0 4500.0 4880.0 7500.0 5060.0 6380.0 2060.0 3940.0 6180.0 4700.0 1500.0 4120.0 4700.0 2060.0 0.0 2060.0 5620.0 4500.0 2820.0 4700.0 6560.0 6380.0 4700.0 580.0 5820.0 5820.0 4880.0 5260.0 4880.0 4120.0 4120.0 3760.0 6180.0 3380.0 4700.0 3000.0 5260.0 5820.0 3380.0 6760.0 380.0 5060.0
0.0 3380.0 4320.0 7120.0 7320.0 3200.0 2820.0 5060.0 5620.0 3760.0 7120.0 6000.0 7500.0 6000.0 3380.0 4320.0 4320.0 4700.0 5440.0 5440.0 4500.0 6000.0 7880.0 5060.0 8060.0 2440.0 5440.0 6760.0 4320.0 5820.0 5060.0 4880.0 6180.0 5060.0 0.0 7680.0 3380.0 4700.0 5440.0 7880.0 6940.0 7500.0 2440.0 6180.0 5620.0 5620.0 5820.0 4500.0 4500.0 6180.0 6940.0 6940.0 3760.0 3560.0 5440.0 5260.0 6560.0 5260.0 7680.0 5440.0 6560.0
0.0 4120.0 3560.0 6380.0 7320.0 5260.0 3560.0 3760.0 2440.0 6760.0 4500.0 5440.0 6760.0 3380.0 5060.0 3760.0 3560.0 3940.0 4880.0 1700.0 5620.0 3000.0 7120.0 5060.0 6180.0 3200.0 5260.0 4320.0 3000.0 3760.0 1500.0 5820.0 2820.0 2260.0 3380.0 0.0 2440.0 3380.0 6000.0 7680.0 8240.0 6940.0 1880.0 5260.0 3200.0 7120.0 3380.0 2060.0 3200.0 5440.0 5820.0 3000.0 4500.0 5820.0 4700.0 5060.0 2640.0 4700.0 3560.0 2640.0 6000.0
0.0 4120.0 5060.0 6380.0 8820.0 6760.0 4880.0 4120.0 2440.0 6560.0 7320.0 4500.0 7680.0 3940.0 4120.0 2640.0 2640.0 3000.0 3940.0 3940.0 4320.0 5260.0 7680.0 5820.0 7320.0 4880.0 6380.0 5440.0 5820.0 4320.0 3760.0 5820.0 4700.0 2820.0 4880.0 6380.0 0.0 5620.0 4880.0 7320.0 7120.0 4880.0 3380.0 3000.0 4320.0 7680.0 4500.0 3200.0 5440.0 4500.0 3760.0 5820.0 6180.0 7120.0 3760.0 6000.0 5820.0 3560.0 6560.0 3200.0 7320.0
0.0 3560.0 3000.0 4700.0 6560.0 4500.0 3000.0 3760.0 3380.0 6000.0 5820.0 4320.0 6180.0 1700.0 2060.0 2440.0 3000.0 2820.0 3760.0 3560.0 4700.0 5060.0 6560.0 3760.0 6760.0 2640.0 4500.0 5060.0 2820.0 2260.0 3560.0 5260.0 2640.0 760.0 2640.0 6180.0 3380.0 0.0 5440.0 6560.0 5620.0 5440.0 1140.0 6180.0 4120.0 5440.0 4120.0 3000.0 4700.0 4880.0 4320.0 6760.0 4120.0 5260.0 3560.0 3940.0 6380.0 3560.0 7500.0 1140.0 3380.0
0.0 6760.0 8060.0 4880.0 4500.0 7680.0 7500.0 4880.0 6380.0 8440.0 8060.0 6000.0 6180.0 5620.0 3000.0 5260.0 5260.0 5440.0 5260.0 4880.0 6940.0 6560.0 2820.0 4880.0 7680.0 7120.0 8060.0 7120.0 8060.0 3560.0 5060.0 5440.0 3940.0 6760.0 4880.0 8820.0 8060.0 6940.0 0.0 7500.0 6560.0 6760.0 7320.0 6940.0 6760.0 8620.0 6760.0 5620.0 5820.0 6380.0 5620.0 7880.0 8620.0 8440.0 6180.0 4880.0 7680.0 5820.0 8060.0 7120.0 5620.0
0.0 5260.0 5620.0 4880.0 3380.0 4700.0 2260.0 4120.0 4320.0 6760.0 5620.0 4700.0 2260.0 4880.0 5440.0 3940.0 3940.0 4320.0 5260.0 2060.0 6000.0 5620.0 8820.0 6940.0 7120.0 6760.0 5260.0 6560.0 5820.0 2260.0 5440.0 3200.0 2640.0 4700.0 6760.0 4500.0 4500.0 5440.0 6000.0 0.0 8440.0 5440.0 5260.0 4880.0 6560.0 6380.0 6000.0 5440.0 4120.0 5820.0 4320.0 5820.0 7320.0 4500.0 5060.0 6560.0 6560.0 4880.0 6380.0 5060.0 6380.0
0.0 5620.0 6380.0 200.0 4320.0 5620.0 3200.0 5060.0 5260.0 7680.0 5060.0 5620.0 3200.0 5260.0 5440.0 4880.0 4880.0 4700.0 5620.0 3000.0 6940.0 5820.0 5260.0 7320.0 8060.0 4700.0 6180.0 3380.0 6180.0 3200.0 6380.0 4120.0 3560.0 4120.0 4700.0 5440.0 5440.0 3560.0 6940.0 940.0 0.0 6380.0 4700.0 5620.0 7500.0 7320.0 6760.0 6380.0 4700.0 5060.0 5260.0 6180.0 6180.0 5440.0 3200.0 2060.0 7500.0 5820.0 3560.0 4500.0 6940.0
0.0 3940.0 5620.0 6180.0 5440.0 6180.0 3380.0 4700.0 4500.0 6760.0 3000.0 5620.0 8060.0 3200.0 4500.0 3940.0 4320.0 4120.0 4700.0 2640.0 4120.0 3940.0 5060.0 6380.0 6000.0 3000.0 6180.0 3940.0 1500.0 5620.0 2260.0 5620.0 4880.0 4320.0 3200.0 2260.0 4500.0 4320.0 2260.0 8440.0 7500.0 0.0 3940.0 6560.0 3000.0 6380.0 3000.0 1880.0 3940.0 5820.0 7500.0 1500.0 3000.0 5060.0 4880.0 6560.0 1140.0 5260.0 2260.0 4700.0 5440.0
0.0 2440.0 1880.0 5620.0 5620.0 3380.0 1880.0 3380.0 4320.0 5060.0 6180.0 3760.0 5060.0 3940.0 3380.0 2060.0 1880.0 2260.0 3200.0 3200.0 3940.0 5260.0 7120.0 5060.0 7120.0 1500.0 3560.0 5820.0 4320.0 4500.0 3560.0 4120.0 4880.0 3000.0 1700.0 5820.0 4120.0 2440.0 4320.0 6000.0 6380.0 6560.0 0.0 5440.0 5440.0 6180.0 5440.0 4320.0 3560.0 3760.0 6180.0 6180.0 3000.0 4120.0 3000.0 5260.0 5820.0 3000.0 6760.0 3380.0 4500.0
0.0 4320.0 6380.0 6940.0 6000.0 8060.0 5440.0 6180.0 4500.0 5620.0 4500.0 6000.0 8060.0 5060.0 5060.0 4880.0 4880.0 5260.0 6180.0 4120.0 6000.0 5440.0 4880.0 6760.0 4500.0 5060.0 5620.0 5440.0 3200.0 5440.0 3940.0 4500.0 6000.0 4120.0 5060.0 4120.0 2260.0 3560.0 2060.0 9380.0 8620.0 2060.0 4700.0 0.0 4120.0 5620.0 4500.0 3380.0 5440.0 4500.0 940.0 3000.0 4500.0 5620.0 4320.0 6940.0 3000.0 5820.0 3760.0 4500.0 6760.0
0.0 7680.0 6000.0 6760.0 4700.0 9560.0 5820.0 7120.0 6940.0 4880.0 6760.0 6940.0 9560.0 6940.0 7320.0 6180.0 6000.0 6380.0 4880.0 6380.0 7880.0 7680.0 8820.0 9000.0 3000.0 6940.0 9560.0 7680.0 5440.0 6560.0 6180.0 7680.0 6940.0 7120.0 6940.0 6000.0 4700.0 6560.0 6000.0 9560.0 8620.0 3940.0 6180.0 7500.0 0.0 10120.0 6760.0 5620.0 7500.0 6000.0 8440.0 5260.0 6760.0 8060.0 7120.0 8440.0 4880.0 7120.0 6000.0 7500.0 8620.0
0.0 1880.0 4320.0 5260.0 4500.0 2640.0 1320.0 3000.0 3940.0 4500.0 5620.0 3380.0 6560.0 3760.0 3000.0 1700.0 1500.0 1880.0 2820.0 2820.0 3380.0 4500.0 7500.0 4700.0 7680.0 940.0 3940.0 4120.0 3560.0 4500.0 4120.0 3560.0 4700.0 3560.0 940.0 5260.0 3380.0 4320.0 4880.0 6940.0 6000.0 6000.0 3380.0 5060.0 5060.0 0.0 5060.0 3940.0 3000.0 3380.0 5820.0 5440.0 2440.0 3560.0 2640.0 4880.0 5060.0 2440.0 6180.0 3940.0 5060.0
0.0 5440.0 5060.0 6560.0 6940.0 5620.0 3940.0 2820.0 2820.0 6940.0 5620.0 4880.0 6760.0 3380.0 4320.0 3940.0 3940.0 4120.0 5260.0 760.0 5060.0 2060.0 7880.0 5260.0 5260.0 4700.0 6560.0 3200.0 5060.0 4500.0 380.0 6760.0 4880.0 3000.0 4700.0 7320.0 4320.0 2440.0 5440.0 8240.0 7320.0 6000.0 3200.0 7320.0 2260.0 7880.0 0.0 1140.0 2060.0 5620.0 6180.0 6560.0 6180.0 5820.0 4880.0 5260.0 6180.0 4120.0 6940.0 3380.0 5060.0
0.0 5820.0 5260.0 6560.0 5820.0 5820.0 3000.0 3000.0 3000.0 6000.0 4700.0 5060.0 7500.0 3560.0 4500.0 4500.0 4500.0 4700.0 5620.0 940.0 5440.0 2260.0 8440.0 5620.0 4120.0 4880.0 6760.0 2260.0 4120.0 4700.0 580.0 6940.0 5060.0 3200.0 4880.0 7120.0 5060.0 2640.0 5620.0 7320.0 6380.0 5060.0 3380.0 7880.0 1320.0 7120.0 1320.0 0.0 2260.0 6180.0 6380.0 6380.0 6380.0 5060.0 5440.0 5820.0 6000.0 4320.0 7120.0 3560.0 5260.0
0.0 5620.0 5060.0 7120.0 8620.0 6180.0 5060.0 6380.0 6000.0 6760.0 6560.0 6760.0 8240.0 4120.0 4500.0 5060.0 5060.0 5260.0 6180.0 4700.0 7120.0 6000.0 9000.0 6180.0 7500.0 4700.0 6560.0 6000.0 3560.0 4700.0 4320.0 7320.0 5060.0 3200.0 3200.0 8820.0 5820.0 2640.0 7500.0 9000.0 8060.0 7880.0 3200.0 8440.0 5060.0 8060.0 4880.0 3940.0 0.0 6940.0 6760.0 9180.0 6180.0 6560.0 6000.0 6380.0 8820.0 6000.0 6560.0 3560.0 5820.0
0.0 4700.0 6380.0 4500.0 8240.0 6760.0 3760.0 3940.0 4700.0 7320.0 5440.0 3380.0 6760.0 4700.0 5060.0 3560.0 3560.0 3940.0 4880.0 3200.0 3560.0 6940.0 9000.0 6380.0 6760.0 3760.0 6000.0 3000.0 6380.0 1880.0 5820.0 6180.0 2260.0 5260.0 3760.0 7120.0 5820.0 6760.0 6760.0 6380.0 8060.0 5060.0 5620.0 7320.0 7500.0 7320.0 5620.0 6560.0 5060.0 0.0 3940.0 6560.0 5060.0 5820.0 4700.0 6180.0 6180.0 4320.0 7120.0 5620.0 7120.0
0.0 5060.0 5620.0 7320.0 5060.0 7120.0 4500.0 5820.0 5620.0 7880.0 4120.0 6560.0 8820.0 4120.0 4700.0 5060.0 5440.0 4500.0 5440.0 3760.0 5060.0 5060.0 6180.0 6380.0 3560.0 4120.0 7120.0 5060.0 2640.0 4880.0 3380.0 6760.0 5260.0 3380.0 4120.0 3380.0 5620.0 2820.0 3380.0 9180.0 8240.0 1140.0 3760.0 7680.0 4120.0 4700.0 4120.0 3000.0 5060.0 3760.0 0.0 2640.0 4120.0 4700.0 3380.0 6560.0 2260.0 6380.0 3200.0 3760.0 6000.0
0.0 4500.0 5620.0 4880.0 6180.0 6180.0 3380.0 3380.0 3380.0 6380.0 1700.0 4700.0 7880.0 3940.0 3200.0 3000.0 2820.0 3200.0 3200.0 1320.0 5060.0 2440.0 7500.0 5060.0 4500.0 5260.0 6560.0 2640.0 200.0 5060.0 940.0 6000.0 5440.0 3560.0 4880.0 5440.0 4120.0 3000.0 5260.0 7680.0 6760.0 5440.0 3760.0 5260.0 1500.0 5060.0 1700.0 380.0 2640.0 4320.0 6000.0 0.0 1500.0 3760.0 3940.0 5060.0 4320.0 3940.0 760.0 3940.0 5620.0
0.0 3560.0 4700.0 3380.0 6760.0 6380.0 4500.0 3560.0 4320.0 7500.0 4320.0 5820.0 8240.0 4320.0 1700.0 2060.0 4120.0 2260.0 1700.0 2440.0 6180.0 3760.0 6000.0 3560.0 5620.0 4700.0 5620.0 3760.0 1320.0 4120.0 2060.0 4500.0 4500.0 4700.0 4700.0 3940.0 5260.0 4120.0 6180.0 6180.0 5260.0 6560.0 3200.0 6180.0 2820.0 6940.0 2820.0 1700.0 3760.0 2820.0 6180.0 3200.0 0.0 6560.0 3000.0 3560.0 2820.0 5060.0 3940.0 5060.0 5620.0
0.0 3940.0 5620.0 4120.0 6560.0 4700.0 3380.0 5060.0 3000.0 6560.0 6380.0 3940.0 7120.0 4500.0 5060.0 3560.0 3560.0 3940.0 4880.0 4880.0 5260.0 6560.0 8620.0 6760.0 8240.0 3000.0 6000.0 6180.0 4880.0 4120.0 5820.0 2260.0 4500.0 3380.0 3000.0 7320.0 5440.0 6180.0 6000.0 4880.0 3940.0 5820.0 3940.0 3940.0 6380.0 2060.0 5620.0 5260.0 5060.0 5440.0 4700.0 4880.0 4320.0 0.0 4700.0 6000.0 6560.0 4500.0 5620.0 3760.0 7120.0
0.0 5060.0 4320.0 8060.0 7120.0 6000.0 1700.0 6000.0 5060.0 7500.0 7120.0 6180.0 7500.0 5260.0 5820.0 4500.0 4500.0 4700.0 5820.0 4500.0 6560.0 5060.0 8620.0 7680.0 9000.0 4120.0 6000.0 6940.0 5820.0 6560.0 4120.0 6180.0 5440.0 5060.0 4120.0 2820.0 3940.0 4880.0 6760.0 8620.0 7880.0 6380.0 2640.0 6760.0 6000.0 6000.0 4120.0 4880.0 3380.0 6180.0 7500.0 5620.0 5440.0 3940.0 0.0 7680.0 5260.0 5440.0 6380.0 5260.0 7120.0
0.0 8240.0 7680.0 9000.0 3200.0 8820.0 7120.0 5820.0 6940.0 10120.0 3200.0 4880.0 8060.0 6760.0 7320.0 7120.0 6940.0 6760.0 7320.0 4880.0 6940.0 6560.0 8440.0 7880.0 8620.0 7320.0 7500.0 6760.0 4320.0 8620.0 5060.0 9740.0 6180.0 7500.0 7500.0 7500.0 7320.0 7120.0 5820.0 10120.0 10120.0 6000.0 7880.0 8820.0 5620.0 6560.0 5620.0 4500.0 6760.0 6760.0 9560.0 4120.0 5620.0 7880.0 5620.0 0.0 7120.0 7120.0 4880.0 7680.0 8440.0
0.0 3000.0 4700.0 5260.0 6560.0 5260.0 2440.0 3760.0 3560.0 5620.0 2060.0 5060.0 7120.0 2060.0 3560.0 2820.0 3200.0 3200.0 3560.0 1700.0 5260.0 2820.0 6760.0 5260.0 4880.0 2060.0 5060.0 3000.0 580.0 4880.0 1320.0 4700.0 3940.0 3380.0 2060.0 1140.0 3560.0 3380.0 3940.0 8060.0 7120.0 5620.0 2820.0 5620.0 1880.0 5440.0 1880.0 760.0 3000.0 4700.0 6380.0 380.0 1880.0 4120.0 3940.0 5440.0 0.0 4320.0 1140.0 3760.0 6000.0
0.0 4880.0 4320.0 2820.0 7120.0 5620.0 1700.0 5440.0 5440.0 7500.0 4500.0 940.0 4120.0 6180.0 5820.0 4500.0 4320.0 4700.0 5620.0 3380.0 1140.0 4700.0 6760.0 3940.0 6760.0 3940.0 3560.0 4700.0 2260.0 4700.0 3200.0 6180.0 2260.0 5440.0 4120.0 8240.0 3940.0 4880.0 4320.0 7320.0 7880.0 6380.0 2640.0 4880.0 3760.0 4880.0 3760.0 2640.0 3380.0 4320.0 5620.0 7680.0 5440.0 3940.0 5440.0 4120.0 7500.0 0.0 6000.0 5820.0 4500.0
0.0 7500.0 8440.0 8060.0 6180.0 7320.0 6380.0 6760.0 6000.0 7880.0 8060.0 7880.0 10120.0 7500.0 4880.0 7120.0 7120.0 3940.0 4880.0 6760.0 8240.0 6940.0 7500.0 4880.0 7680.0 6560.0 9560.0 8820.0 8060.0 5440.0 8440.0 7680.0 5820.0 6560.0 4320.0 7320.0 7500.0 6000.0 8240.0 9380.0 8620.0 6940.0 6560.0 8240.0 4700.0 8620.0 8240.0 7880.0 5820.0 6000.0 7320.0 7880.0 6940.0 7680.0 4700.0 4880.0 7680.0 7120.0 0.0 6760.0 6940.0
0.0 2640.0 2060.0 3760.0 5620.0 3560.0 2060.0 3560.0 3940.0 5060.0 6380.0 3760.0 5260.0 760.0 2820.0 1500.0 2060.0 1880.0 2820.0 2440.0 4120.0 4500.0 7320.0 4700.0 6000.0 1700.0 3560.0 6000.0 4320.0 1320.0 3760.0 4320.0 1700.0 3200.0 1700.0 5260.0 4120.0 2440.0 4500.0 6180.0 6000.0 4500.0 200.0 5440.0 5440.0 4500.0 4880.0 4500.0 3760.0 3940.0 3380.0 5820.0 3200.0 4320.0 2640.0 4880.0 5440.0 3000.0 6560.0 0.0 4700.0
0.0 4880.0 4500.0 3000.0 4320.0 5820.0 2060.0 4320.0 4320.0 7680.0 4700.0 1140.0 4500.0 4880.0 5820.0 4700.0 4700.0 5060.0 6000.0 2260.0 1500.0 3380.0 6940.0 4120.0 6380.0 4320.0 3760.0 4700.0 2640.0 4880.0 1880.0 6380.0 2640.0 4500.0 4320.0 8440.0 4120.0 3940.0 4500.0 7500.0 8060.0 6760.0 2820.0 5060.0 3760.0 5060.0 1500.0 2640.0 3560.0 4500.0 6000.0 7880.0 5620.0 4120.0 5820.0 4320.0 7680.0 380.0 6380.0 4880.0 0.0
