80 4
32 536 728 1 7
99 152 340 5 1
81 333 547 10 9
7 478 644 4 5
60 308 468 7 1
84 214 402 5 6
93 516 684 9 6
56 231 463 6 3
44 352 578 6 4
26 221 395 10 2
38 260 452 3 8
56 480 720 9 8
67 218 386 5 9
41 450 674 2 7
17 211 451 2 8
68 174 350 5 9
57 176 396 6 3
83 454 674 8 8
100 294 524 4 4
24 567 759 5 4
54 162 342 4 8
85 382 582 5 6
60 461 641 10 5
1 457 633 4 10
97 438 614 10 7
53 248 442 7 2
82 181 417 8 9
9 123 349 7 3
26 474 664 5 10
53 299 461 2 10
79 255 429 8 6
54 395 557 2 10
8 299 485 4 3
68 527 715 5 6
17 512 678 7 4
55 244 476 1 5
7 527 723 9 1
32 142 318 2 5
12 115 345 5 5
80 328 558 4 1
76 229 455 8 8
11 265 499 5 5
81 326 536 8 3
4 408 600 10 5
34 517 721 8 2
69 477 679 7 9
87 541 713 2 7
62 151 341 9 4
85 541 713 10 7
55 180 378 6 3
67 472 638 9 10
82 561 749 2 7
92 283 503 10 5
15 530 704 10 2
68 231 419 9 3
74 239 429 2 9
60 388 580 5 9
38 275 499 8 5
62 381 601 10 9
97 293 525 3 4
76 384 560 2 9
95 378 574 6 4
77 387 579 8 6
88 223 401 7 9
17 342 576 6 1
90 190 402 5 9
38 298 518 6 9
78 186 352 9 10
63 554 754 8 4
25 534 702 7 9
79 425 603 9 5
29 318 548 9 2
18 210 410 9 5
39 197 373 3 4
60 220 448 8 6
37 483 657 8 1
27 277 475 9 1
83 475 697 3 4
35 309 519 9 9
100 175 385 8 7
SETUP
0 4 5 3 7 8 8 7 3 6 3 6 4 5 6 10 6 4 8 8 7 4 6 6 4 4 8 4 7 6 8 6 9 5 10 9 6 9 8 6 2 7 6 7 5 4 6 6 6 8 5 8 7 8 7 5 6 7 4 7 7 6 7 5 7 7 8 4 4 5 4 6 11 8 6 6 4 9 6 5 7
0 0 28 35 32 34 31 31 31 32 4 32 33 32 28 33 29 32 5 32 31 31 3 32 33 28 33 31 30 6 31 6 32 30 33 32 32 32 32 29 31 31 30 29 5 32 29 5 30 30 29 30 5 30 4 28 28 30 26 32 32 4 29 33 33 31 6 28 30 3 32 28 34 31 7 30 7 34 33 6 31
0 33 0 37 31 32 32 4 30 31 29 32 8 32 33 32 2 33 32 30 29 30 32 32 5 1 10 32 29 31 32 33 31 32 35 36 32 36 5 31 29 4 33 34 32 31 32 31 33 32 31 31 29 33 31 32 32 33 6 8 35 32 34 33 10 29 35 5 33 27 31 7 36 35 34 28 34 7 33 32 7
0 27 29 0 31 32 31 31 4 29 30 33 27 2 29 8 29 30 32 32 5 31 29 30 32 28 31 2 30 30 6 32 6 3 33 32 33 7 32 4 29 30 5 4 32 29 30 29 31 31 4 5 30 31 31 28 29 31 27 33 31 29 30 30 30 31 31 28 27 28 31 29 34 32 29 3 28 32 29 33 31
0 28 30 37 0 35 28 32 31 31 31 7 31 32 5 35 30 8 33 33 32 7 30 31 31 29 31 31 32 31 33 32 33 29 9 34 34 34 33 31 5 32 31 31 32 7 6 28 32 32 31 32 32 32 32 4 5 7 28 34 8 32 31 34 32 6 30 30 3 30 33 31 36 7 31 31 32 35 31 34 33
0 33 29 37 34 0 7 32 33 8 32 34 35 33 33 34 31 35 35 7 32 34 34 10 32 29 34 34 7 30 34 36 34 28 33 8 10 36 33 33 32 32 33 32 34 32 33 29 10 2 35 34 33 7 35 34 34 34 33 27 33 34 10 4 32 33 35 32 32 30 8 35 8 37 35 32 34 28 7 35 31
0 27 28 36 31 8 0 30 29 4 30 32 30 30 29 33 29 32 32 6 31 31 29 4 30 28 31 30 5 30 32 32 32 28 34 7 7 32 32 29 29 30 31 30 31 32 30 26 5 5 29 31 31 5 31 28 29 31 27 33 33 31 4 7 30 31 29 28 27 28 6 29 9 31 29 29 30 33 4 33 31
0 30 6 39 32 33 29 0 32 32 32 33 7 33 32 29 6 33 31 27 31 33 30 33 6 5 9 33 32 31 28 33 31 31 36 35 30 34 2 32 32 3 32 33 33 33 32 29 32 34 31 34 30 33 30 31 30 30 4 8 32 33 33 35 7 34 32 6 30 28 34 5 35 33 32 29 33 9 33 34 8
0 32 34 13 35 38 33 34 0 35 34 37 35 9 34 7 32 37 34 31 7 33 31 35 35 32 36 8 34 35 7 37 8 8 37 38 35 9 32 8 35 35 7 9 34 32 29 31 33 36 6 9 34 34 33 34 31 30 32 32 36 33 35 34 35 33 35 28 32 33 34 31 35 34 35 7 34 37 35 35 33
0 32 32 37 35 10 6 32 34 0 30 35 35 32 34 32 32 36 32 7 34 35 29 8 34 31 37 33 8 31 34 32 35 30 35 9 8 33 30 33 34 34 32 32 33 30 32 31 6 4 31 34 34 4 31 33 30 31 32 34 35 34 9 6 36 35 34 33 32 32 7 30 10 32 35 32 34 37 3 34 32
0 6 31 34 34 32 35 32 31 35 0 36 34 29 32 34 33 36 11 33 33 32 8 34 34 31 37 33 34 7 34 8 35 33 38 34 32 37 33 33 30 34 33 31 7 30 32 9 30 33 28 36 9 34 10 33 34 34 32 33 32 10 35 32 36 33 11 32 32 6 31 34 38 36 9 33 7 33 34 11 33
0 33 33 38 10 32 32 32 34 35 34 0 33 32 7 32 34 10 35 33 28 5 33 35 34 33 37 33 28 31 34 35 35 34 8 35 33 37 32 33 8 35 34 32 35 4 6 32 35 34 34 35 35 34 35 9 7 4 33 34 9 33 31 32 36 1 34 33 7 31 29 33 35 10 35 35 33 34 34 35 31
0 30 5 35 32 31 34 5 29 34 29 33 0 27 31 33 6 29 31 32 30 30 29 32 6 5 8 27 30 34 33 32 34 33 32 34 32 33 6 31 29 7 31 32 32 28 30 33 31 33 30 34 32 32 30 31 29 32 4 7 30 33 32 29 7 30 30 5 31 32 30 4 34 32 34 32 27 6 28 33 7
0 29 31 10 32 33 33 33 3 33 28 33 34 0 30 7 32 33 34 33 5 29 31 34 32 30 36 6 31 33 7 32 8 6 36 35 31 9 32 5 28 33 6 6 31 27 29 32 32 32 4 7 33 32 33 31 31 32 29 34 29 33 32 29 35 30 34 30 32 31 29 32 37 34 34 7 30 35 31 35 32
0 30 31 36 8 32 32 33 33 34 31 8 34 32 0 33 28 4 32 31 32 3 29 31 33 30 34 32 28 30 32 29 34 28 8 33 31 33 32 27 7 33 31 30 32 4 5 30 31 28 30 32 33 28 31 3 4 6 28 33 8 31 30 31 31 5 33 29 6 30 32 29 34 6 32 32 35 34 33 33 31
0 27 29 10 31 33 26 27 4 30 30 32 30 5 29 0 29 32 30 28 6 31 27 30 30 28 31 4 31 30 3 32 6 3 33 32 31 5 28 4 30 29 4 4 30 32 30 27 29 31 2 5 31 31 29 28 27 31 27 33 33 31 30 33 30 31 29 29 27 28 31 28 33 30 30 4 30 34 30 31 32
0 33 6 38 34 34 34 9 33 36 33 36 9 32 32 34 0 32 34 35 29 34 35 31 9 6 11 35 30 32 35 36 33 31 33 37 35 37 7 33 33 9 36 34 36 30 35 32 36 31 35 29 33 33 34 34 35 34 7 10 35 32 33 31 10 29 35 7 35 33 30 10 36 37 33 34 35 6 36 36 7
0 27 29 33 7 35 31 31 32 33 30 7 33 33 3 34 30 0 32 32 31 6 29 32 32 28 31 32 31 32 32 32 33 31 8 32 33 32 32 30 6 31 31 30 32 7 4 32 31 31 29 31 32 31 31 3 3 5 27 33 7 31 30 33 30 6 33 29 5 29 33 29 35 6 33 30 34 35 33 33 32
0 7 28 37 31 35 32 32 30 33 4 35 35 33 35 35 30 33 0 32 31 31 9 28 33 28 35 33 32 7 34 8 32 32 37 38 33 32 33 32 30 31 33 35 7 34 33 7 34 33 32 33 6 34 7 34 34 34 33 33 35 7 33 35 36 32 9 32 33 4 32 35 35 37 4 31 10 35 34 9 34
0 29 31 38 31 10 3 29 31 6 32 32 32 32 31 28 31 32 32 0 33 33 29 6 31 30 33 32 7 32 27 34 34 30 35 9 7 33 27 32 32 31 31 32 32 34 31 28 6 7 30 33 29 7 31 30 29 29 29 33 31 32 6 9 32 33 31 31 29 30 7 30 10 32 32 28 32 35 7 33 32
0 32 32 11 35 31 31 31 7 34 33 35 34 5 34 5 32 36 34 32 0 34 32 34 33 32 36 8 27 32 8 36 8 7 32 34 32 10 33 8 32 34 7 6 34 29 33 31 34 33 7 10 34 33 34 33 32 33 32 32 34 35 35 30 35 35 32 32 32 30 34 32 35 34 34 8 35 33 35 36 30
0 35 35 37 10 35 35 32 30 36 30 9 36 33 10 35 36 8 36 33 34 0 35 37 34 35 37 33 32 34 34 34 34 35 12 38 28 38 33 34 4 34 34 35 33 8 7 34 34 35 32 38 35 35 35 10 10 9 35 36 5 38 37 35 38 10 37 32 10 31 29 35 39 11 38 34 32 36 35 38 32
0 4 31 38 32 37 31 34 33 35 7 33 35 35 31 36 32 34 3 35 33 34 0 31 32 31 36 34 32 8 34 8 34 32 36 35 35 35 35 32 32 34 33 32 8 34 32 6 33 32 32 33 5 33 2 31 31 33 29 35 35 6 32 35 35 34 8 31 32 6 30 32 33 34 7 29 10 37 35 9 32
0 31 29 36 29 8 5 32 29 8 28 35 34 31 33 35 30 35 34 7 32 30 33 0 33 29 34 32 7 32 34 32 33 32 37 10 6 32 34 34 28 32 32 33 31 32 32 31 6 6 30 33 32 10 33 33 33 32 31 34 34 32 5 8 34 32 33 30 31 30 5 33 9 35 28 31 34 35 7 35 33
0 32 8 38 35 34 33 8 32 36 32 28 4 30 33 33 7 32 34 34 29 32 32 35 0 6 9 29 29 30 35 35 35 35 35 37 34 35 7 34 32 9 34 34 35 31 32 33 34 35 33 36 35 35 33 34 32 31 7 3 31 35 33 32 10 28 33 8 34 32 30 7 36 34 36 34 30 9 31 36 7
0 33 6 37 31 32 32 4 30 35 29 32 8 32 33 32 2 33 32 30 30 30 32 32 5 0 10 32 31 31 32 33 31 32 35 36 32 36 5 31 29 4 33 34 32 31 32 31 33 32 31 31 29 33 31 32 32 33 6 8 35 32 34 32 10 29 35 5 33 27 31 7 36 35 34 28 34 7 34 36 8
0 31 5 38 32 32 32 7 32 34 31 33 8 33 29 34 6 32 32 33 33 32 29 32 6 5 0 28 31 31 34 32 33 30 34 33 33 33 7 30 32 7 26 30 27 32 30 31 31 31 30 30 30 32 31 29 29 31 2 7 30 31 30 34 8 34 33 3 31 30 33 4 35 32 33 32 31 8 29 33 6
0 31 32 11 34 31 33 33 8 36 29 35 36 6 33 8 32 35 31 34 9 35 28 33 34 32 37 0 29 33 9 35 10 7 35 35 33 7 33 7 33 35 5 7 32 31 34 34 31 33 4 10 32 34 30 32 29 35 31 32 35 34 34 33 35 35 33 33 34 32 32 29 33 31 35 6 35 32 28 33 32
0 33 33 39 34 9 9 35 32 8 32 34 35 30 34 34 32 35 34 10 32 33 35 8 32 33 38 35 0 31 34 36 33 35 32 10 10 36 33 33 32 36 34 33 35 28 33 33 9 10 34 35 33 7 33 34 35 33 33 35 33 35 10 4 36 34 32 32 34 29 8 35 8 35 35 35 34 36 10 38 35
0 9 35 39 33 33 35 36 36 38 10 33 35 36 35 36 34 34 7 36 31 34 9 33 32 35 38 35 32 0 38 9 32 35 38 34 36 38 37 32 35 36 36 35 11 34 36 6 35 35 35 37 7 34 7 34 34 37 33 35 37 5 35 35 38 34 6 34 35 3 34 35 37 37 10 34 7 35 36 10 35
0 32 30 13 29 36 31 32 8 34 32 31 32 7 33 5 31 34 35 32 7 33 32 34 29 30 34 6 33 33 0 35 8 7 38 34 32 7 29 8 33 31 7 5 33 34 29 31 34 35 7 9 28 34 34 33 32 28 32 32 34 31 34 35 35 32 33 33 31 31 33 32 36 35 34 1 32 36 33 36 31
0 8 35 33 36 38 36 36 33 36 7 37 33 31 34 35 35 33 11 37 35 34 9 36 36 34 37 34 36 10 38 0 38 34 37 39 36 34 34 35 32 37 36 36 10 32 33 9 36 36 35 37 11 36 10 35 35 32 33 38 34 10 36 33 36 35 12 34 33 9 34 35 37 37 10 35 8 38 34 13 36
0 31 29 10 28 32 30 32 7 33 31 30 32 6 29 7 28 33 29 31 6 32 29 30 29 29 33 6 28 32 7 29 0 6 34 33 31 7 32 1 32 30 5 4 32 30 30 30 31 32 4 6 27 28 28 29 29 32 28 31 33 31 30 31 34 31 32 29 30 30 32 29 32 31 32 3 32 34 33 33 32
0 31 33 13 34 35 31 33 8 34 33 35 34 8 32 7 33 35 35 31 5 34 32 33 34 32 35 7 31 28 6 34 7 0 36 35 36 8 31 6 34 35 6 8 32 32 34 28 35 33 7 6 33 33 34 33 32 34 31 36 31 32 34 33 35 35 33 33 31 30 35 33 37 35 34 7 32 37 31 36 32
0 27 29 36 7 34 31 31 29 33 29 7 34 30 4 34 29 7 28 32 31 4 29 30 32 29 34 29 31 32 32 32 33 31 0 32 31 33 32 30 3 32 31 30 32 2 4 32 29 31 30 31 32 31 29 3 4 5 27 33 7 31 30 29 34 6 33 29 5 30 31 29 34 6 32 31 34 35 30 33 32
0 33 28 38 32 7 7 31 31 7 31 34 35 34 35 32 29 35 31 6 31 32 33 4 33 28 36 32 6 32 33 35 32 32 36 0 8 32 32 33 31 31 33 35 32 33 34 32 8 6 32 32 31 9 33 34 33 35 33 34 36 34 8 9 36 31 35 33 33 29 7 34 4 31 31 30 36 35 8 34 34
0 32 33 35 34 8 10 34 28 11 28 34 35 31 34 35 34 32 34 7 32 29 33 10 32 33 35 31 7 32 32 32 32 35 38 10 0 36 34 32 28 36 32 33 31 32 31 32 6 9 30 36 33 7 33 34 33 32 32 34 34 35 10 7 36 35 36 30 34 29 4 33 11 35 37 32 35 35 7 36 32
0 30 32 10 35 38 34 33 9 35 33 36 35 9 32 8 32 29 32 34 8 34 29 34 34 32 34 9 34 33 9 35 8 8 37 35 35 0 32 7 34 30 8 7 34 33 29 31 34 34 6 8 33 34 31 31 32 31 30 32 35 31 31 34 33 33 35 28 32 32 33 32 29 34 35 7 34 37 35 35 34
0 28 4 37 32 35 28 3 31 31 31 33 5 32 31 28 5 34 32 29 33 32 29 31 6 3 7 32 32 31 30 34 33 30 34 34 32 32 0 31 31 5 31 31 32 33 32 28 31 32 29 32 32 32 31 30 29 32 3 8 31 31 31 34 6 32 30 4 28 30 32 3 35 31 31 31 32 9 32 33 7
0 31 30 10 34 32 31 32 7 33 30 33 34 6 29 7 28 32 31 31 5 32 29 32 33 29 34 6 28 32 6 29 7 6 33 32 33 6 31 0 32 32 5 4 31 29 30 30 31 31 4 5 33 28 30 28 28 31 27 33 33 31 30 31 34 31 32 29 31 30 32 29 35 31 33 6 34 33 33 32 32
0 32 32 34 7 32 34 32 27 35 26 9 35 29 7 33 32 9 34 32 34 2 32 34 33 32 36 29 32 33 33 30 34 33 11 34 30 34 32 33 0 34 30 32 29 5 4 32 30 33 28 35 32 34 33 8 6 5 32 32 6 34 35 32 36 7 35 28 7 32 28 31 35 7 35 33 33 33 31 35 31
0 33 7 39 36 36 34 9 35 36 33 34 10 35 30 36 7 33 32 35 35 32 30 34 10 6 9 33 32 34 36 33 35 32 35 35 34 34 9 31 34 0 32 32 33 34 32 33 32 32 31 35 35 32 32 29 30 34 4 9 35 33 32 35 9 35 34 5 33 33 34 5 36 33 35 33 37 11 35 34 8
0 32 32 12 31 32 33 34 9 36 30 33 34 7 34 8 33 32 32 34 7 34 29 33 32 32 32 2 30 31 10 36 7 4 35 36 34 8 33 7 34 33 0 8 27 32 30 31 32 34 5 10 30 35 31 33 30 31 32 33 35 31 35 34 34 34 34 29 33 29 33 30 34 32 35 7 35 34 29 34 33
0 28 27 10 31 33 32 30 4 30 30 33 30 5 29 7 28 33 32 31 4 31 29 30 31 27 32 3 30 30 6 32 5 3 34 29 33 7 31 4 29 29 2 0 29 32 30 30 32 31 4 5 30 32 31 29 29 30 28 33 33 31 30 32 31 30 33 29 27 28 31 30 33 32 30 3 31 31 30 32 28
0 6 31 37 31 31 32 33 34 35 4 32 34 32 33 35 33 33 6 34 32 35 3 32 31 31 33 27 30 6 35 9 32 30 35 35 33 33 33 32 33 32 27 33 0 32 31 6 31 33 30 35 4 34 5 33 29 32 32 32 35 7 34 33 35 33 7 29 32 3 32 29 34 32 8 32 8 33 28 7 32
0 31 33 37 8 35 32 33 30 32 30 6 33 28 6 32 33 9 35 33 33 6 33 35 31 32 37 33 33 34 32 34 35 34 12 36 33 36 31 32 4 35 34 34 33 0 5 32 34 34 32 35 34 30 35 7 7 5 31 33 5 34 34 28 36 7 35 30 7 33 31 33 38 10 35 33 32 37 33 37 34
0 29 31 38 7 36 34 33 32 32 32 9 32 33 6 36 29 9 33 34 32 5 31 32 33 30 34 32 32 32 34 34 31 31 10 35 32 35 34 31 6 33 33 32 34 7 0 32 33 33 32 32 32 31 32 5 6 8 29 35 10 33 32 34 32 6 35 31 4 31 33 32 37 8 32 32 32 34 34 35 34
0 4 32 39 34 36 29 34 32 32 6 35 33 33 32 35 32 35 8 33 34 34 5 33 33 31 34 32 34 7 34 10 35 31 37 35 35 35 33 33 32 33 30 33 6 32 33 0 33 34 32 34 8 34 7 32 31 34 30 36 36 8 33 33 33 34 6 32 30 6 34 32 37 34 7 33 7 36 30 9 34
0 31 28 37 32 8 5 28 30 7 30 33 33 33 33 31 29 34 33 3 30 31 32 7 32 28 35 33 5 30 30 33 32 32 36 9 2 33 30 31 30 31 32 32 33 33 33 31 0 7 28 32 31 7 32 32 32 32 31 35 34 33 8 8 32 31 33 32 31 28 6 30 10 32 33 30 34 34 9 34 33
0 32 33 35 35 10 5 33 34 8 33 33 34 34 32 33 33 35 34 5 31 34 32 8 32 32 36 33 6 28 32 34 32 26 32 10 10 34 31 31 34 35 32 34 33 32 35 28 9 0 33 32 33 7 34 33 32 34 32 34 32 32 9 7 35 34 33 33 31 30 8 33 7 35 34 32 33 37 6 35 29
0 30 29 13 34 34 32 30 6 33 32 35 33 8 32 7 31 35 35 31 6 33 32 33 33 29 35 6 32 31 6 35 7 5 36 32 30 9 31 7 31 32 5 4 32 34 33 32 28 31 0 8 32 34 34 32 32 32 31 35 36 34 33 34 34 32 35 32 30 30 33 32 36 34 33 6 32 34 33 35 31
0 30 31 10 31 35 32 33 4 35 30 34 35 7 32 7 32 29 32 32 7 31 32 28 33 31 34 7 33 29 7 33 8 2 30 35 33 8 32 7 30 33 7 7 33 32 33 29 33 28 6 0 34 34 33 31 32 34 30 35 33 29 32 33 33 34 35 31 33 31 32 32 33 34 30 7 34 37 33 35 31
0 4 28 38 28 35 29 31 32 32 6 29 31 32 32 34 30 32 9 32 30 32 6 32 28 28 32 31 31 6 34 8 33 31 36 35 31 35 33 32 31 29 32 32 7 33 31 4 34 34 32 33 0 34 8 31 32 33 30 30 32 8 32 33 33 30 6 31 30 4 32 32 38 34 7 30 6 35 32 9 34
0 32 33 37 32 8 5 31 31 9 29 34 34 32 34 31 29 35 34 3 32 32 32 8 32 28 36 33 6 32 30 34 32 32 36 11 8 35 29 33 31 31 32 34 33 33 33 28 7 8 31 32 31 0 33 33 32 32 32 35 34 34 9 8 35 31 34 33 32 29 7 32 12 35 34 30 35 34 6 36 35
0 7 29 38 30 36 32 32 31 34 5 32 33 34 34 35 31 32 2 34 32 32 7 29 30 29 35 33 30 8 35 9 33 33 35 34 33 33 34 33 31 32 33 31 8 32 33 6 35 34 33 34 3 35 0 33 33 34 32 33 35 8 34 33 35 32 8 33 32 5 33 33 31 35 5 28 8 36 34 10 33
0 30 31 36 7 33 32 31 32 35 31 5 35 33 1 33 29 4 30 32 32 4 27 31 32 29 32 30 29 31 33 30 33 29 6 34 31 31 31 28 6 32 29 31 30 5 6 30 29 29 28 32 32 29 29 0 2 7 28 34 8 32 31 32 32 6 31 30 6 30 31 28 33 4 33 30 34 34 32 31 32
0 29 30 38 6 33 31 30 32 34 32 7 34 35 5 32 31 7 29 31 32 7 26 31 31 30 34 29 31 31 32 32 34 32 6 33 30 30 30 30 6 33 28 30 29 7 6 32 28 32 27 33 30 31 28 4 0 7 29 34 9 32 32 34 34 7 30 31 5 30 30 27 32 3 32 29 33 34 31 30 32
0 30 32 39 8 36 29 30 32 33 33 9 33 34 6 29 30 9 33 31 33 6 30 33 33 31 34 33 33 31 32 35 32 31 10 35 34 34 28 32 7 32 32 33 33 8 2 29 32 33 31 33 33 33 32 6 5 0 30 36 7 30 33 35 33 7 32 32 4 31 34 31 36 7 33 32 30 36 33 34 29
0 30 4 37 34 34 31 6 31 32 29 32 7 32 28 33 5 32 31 32 32 31 28 32 8 4 7 31 30 32 32 31 33 30 33 32 32 32 6 29 31 6 30 29 31 32 29 31 30 30 29 33 32 30 30 28 28 30 0 6 32 30 29 33 7 32 32 2 30 30 32 3 34 31 32 31 33 8 33 32 5
0 32 8 39 34 32 35 7 32 37 32 35 10 35 34 35 5 36 35 33 33 33 34 35 8 4 12 35 33 34 34 36 34 34 38 37 35 37 8 34 32 6 36 35 35 33 35 34 35 34 34 34 32 35 34 33 34 36 6 0 38 35 35 34 13 32 38 8 36 30 34 9 39 36 33 31 37 8 37 38 10
0 33 31 39 6 36 33 31 35 35 33 4 32 32 9 34 33 9 36 32 31 9 34 36 29 31 36 32 32 33 33 37 34 35 11 36 35 38 33 35 8 34 35 34 36 8 9 33 34 37 33 36 35 36 35 9 9 8 33 32 0 37 35 35 36 5 35 34 7 32 32 35 39 11 36 33 27 37 33 37 34
0 10 36 39 35 35 36 33 34 38 8 35 37 36 37 36 35 36 9 34 33 30 9 35 34 36 39 37 34 2 35 11 33 37 39 35 32 39 34 34 33 35 37 37 11 36 33 8 37 37 36 38 8 35 8 36 36 37 35 36 35 0 37 37 39 33 8 35 36 4 33 36 39 38 11 35 9 37 35 12 35
0 31 33 35 33 11 9 34 33 8 33 33 34 35 33 36 30 36 33 10 33 32 31 8 32 32 35 34 7 34 36 34 31 32 36 11 5 34 35 31 33 34 32 34 33 34 28 34 7 9 31 33 32 7 32 32 31 34 31 35 29 35 0 10 34 33 34 31 31 33 9 31 11 33 34 34 31 36 9 34 35
0 33 34 38 34 11 8 34 34 10 32 35 35 35 35 34 32 38 34 6 32 34 32 10 34 31 37 34 7 35 31 37 34 34 37 9 10 35 32 35 33 33 34 35 33 33 30 31 8 10 32 35 32 4 33 34 32 31 33 32 35 34 7 0 36 32 35 28 33 32 8 32 12 34 35 31 34 37 9 35 34
0 30 6 35 36 36 34 9 28 36 31 36 10 34 32 35 7 29 35 33 34 32 32 35 9 6 8 33 32 34 34 35 35 32 36 35 34 35 8 32 31 8 34 32 34 34 31 33 34 32 32 34 35 34 34 31 32 32 4 8 36 33 33 35 0 35 36 4 34 31 33 7 36 34 36 33 35 11 35 36 3
0 32 32 38 10 32 32 32 33 35 33 9 32 31 6 31 33 9 35 33 27 8 32 34 34 32 36 32 27 32 34 34 34 33 7 35 32 36 33 32 7 34 33 32 34 4 6 32 35 33 33 36 35 33 34 8 7 8 32 33 8 36 30 31 35 0 33 32 6 30 28 33 35 9 35 34 32 33 33 34 30
0 7 31 36 31 35 32 33 30 35 4 29 30 31 35 34 32 33 8 35 30 30 7 28 28 31 35 31 31 6 36 8 35 31 36 30 32 33 34 35 30 33 33 35 7 32 33 6 33 33 32 35 8 36 9 34 33 32 33 30 32 7 32 34 36 30 0 32 33 6 31 34 34 34 4 32 5 31 32 11 33
0 31 7 39 34 36 32 6 34 33 33 36 8 33 33 32 5 36 32 33 32 32 30 33 9 5 9 33 32 34 34 35 32 32 35 36 34 33 4 32 33 8 32 33 32 31 28 29 32 35 30 33 33 33 31 32 30 29 5 5 35 32 33 32 8 31 33 0 31 32 33 4 36 32 33 32 32 10 33 34 6
0 26 28 35 4 33 31 30 29 29 29 7 29 30 3 33 28 6 31 31 31 4 28 29 32 27 31 29 30 29 31 32 31 28 7 32 32 32 31 29 3 30 30 29 31 5 4 29 30 30 29 30 30 30 30 2 3 5 26 32 7 30 29 32 29 4 32 28 0 28 31 29 35 5 29 29 30 33 31 32 31
0 7 33 38 31 32 33 34 35 36 8 32 33 34 33 34 32 32 6 34 29 35 7 33 30 33 36 33 30 4 35 7 30 33 36 36 35 36 35 30 35 34 34 34 9 32 34 4 33 33 33 35 5 32 5 32 32 35 31 33 35 8 34 33 36 32 10 32 33 0 34 33 35 35 9 32 8 33 34 10 33
0 35 34 37 36 11 9 35 37 8 37 37 35 36 35 34 35 37 35 10 35 37 35 11 35 34 39 36 6 34 37 33 35 32 37 10 13 39 36 35 36 36 35 33 36 34 37 33 11 6 35 38 35 11 35 36 35 37 35 38 36 38 11 10 38 37 37 36 34 31 0 36 12 38 37 34 36 37 10 38 28
0 32 4 38 32 33 32 4 32 34 32 32 8 35 30 31 5 32 33 31 32 33 31 31 5 4 10 30 31 31 32 32 33 32 35 33 30 29 4 29 32 7 30 33 30 32 33 32 28 32 30 33 30 31 32 29 31 34 4 8 35 34 33 34 8 33 30 6 32 30 34 0 32 28 33 32 35 8 31 30 9
0 33 34 39 36 13 6 32 35 10 35 37 35 36 35 32 33 38 36 8 36 34 33 10 36 33 37 35 10 35 35 38 35 34 38 12 10 36 30 35 35 35 34 35 34 35 30 29 9 11 34 36 35 9 35 34 33 36 33 38 35 35 10 9 36 35 35 34 33 34 11 33 0 35 35 35 36 34 7 37 37
0 30 30 36 4 33 29 30 32 32 31 5 32 33 6 29 31 5 33 31 32 8 30 33 29 30 34 28 31 33 32 35 33 31 10 35 32 27 28 33 7 31 28 33 28 7 5 29 32 34 31 34 28 34 32 6 5 6 30 32 7 32 32 34 33 6 32 29 4 30 33 31 30 0 32 32 33 34 29 34 33
0 4 31 34 27 32 29 32 27 32 1 33 32 29 31 34 31 35 8 32 33 28 6 32 31 30 32 30 32 4 33 4 34 31 36 34 30 32 32 32 26 33 30 32 4 30 30 3 30 33 28 33 6 33 7 31 31 31 29 32 32 4 32 32 32 33 5 28 29 5 28 31 33 33 0 32 7 33 31 9 31
0 31 29 13 29 36 30 32 7 33 31 30 32 7 33 10 31 33 35 34 6 34 32 33 29 29 33 6 32 33 9 35 8 6 37 36 32 10 34 8 32 31 7 8 34 34 32 30 34 35 7 8 27 35 34 32 32 34 31 32 34 34 33 34 34 31 33 32 31 31 33 32 38 34 33 0 32 36 33 35 35
0 8 30 39 35 35 33 30 33 35 6 34 35 34 34 33 32 37 9 31 30 34 8 36 32 30 38 35 30 9 32 10 33 35 36 38 34 37 32 33 33 32 36 35 10 32 35 7 35 36 34 35 8 35 8 35 34 34 34 35 36 10 33 34 37 29 10 35 34 6 30 34 38 36 10 32 0 36 36 10 33
0 31 2 38 32 34 34 5 31 33 31 32 8 32 33 34 4 35 34 32 30 32 33 34 5 2 7 33 31 32 33 34 32 32 36 33 34 36 7 33 31 5 32 30 32 30 34 33 35 33 33 32 31 34 33 32 33 33 5 8 35 34 34 31 8 31 36 7 31 29 32 8 35 35 34 30 34 0 34 34 6
0 30 31 35 33 8 6 32 32 9 28 34 35 31 32 33 31 34 30 7 34 33 27 6 32 31 35 31 6 32 33 33 35 33 33 8 6 31 31 31 32 34 29 31 30 32 33 32 4 7 28 34 31 7 29 31 28 34 30 35 33 33 7 7 33 34 31 32 32 32 5 28 8 30 33 30 34 35 0 31 30
0 7 33 38 34 34 35 36 33 38 7 34 36 35 35 35 34 32 6 35 32 34 9 31 33 33 36 35 33 1 35 10 32 31 33 34 36 36 35 33 33 36 36 35 10 35 36 6 35 30 35 29 7 34 7 34 35 37 33 35 36 6 35 36 36 35 7 34 35 3 35 35 36 37 7 34 8 36 35 0 33
0 32 6 39 34 34 34 9 35 35 34 34 9 34 32 36 7 35 34 34 32 35 34 35 7 6 11 34 29 31 35 35 32 30 35 34 36 37 9 33 34 8 33 31 33 32 35 31 34 30 33 35 33 34 33 33 34 34 7 10 35 36 35 33 10 35 35 8 32 29 36 9 35 37 35 32 33 9 35 37 0
SETUP_COST
0.0 80.0 100.0 60.0 140.0 160.0 160.0 140.0 60.0 120.0 60.0 120.0 80.0 100.0 120.0 200.0 120.0 80.0 160.0 160.0 140.0 80.0 120.0 120.0 80.0 80.0 160.0 80.0 140.0 120.0 160.0 120.0 180.0 100.0 200.0 180.0 120.0 180.0 160.0 120.0 40.0 140.0 120.0 140.0 100.0 80.0 120.0 120.0 120.0 160.0 100.0 160.0 140.0 160.0 140.0 100.0 120.0 140.0 80.0 140.0 140.0 120.0 140.0 100.0 140.0 140.0 160.0 80.0 80.0 100.0 80.0 120.0 220.0 160.0 120.0 120.0 80.0 180.0 120.0 100.0 140.0
0.0 0.0 560.0 700.0 640.0 680.0 620.0 620.0 620.0 640.0 80.0 640.0 660.0 640.0 560.0 660.0 580.0 640.0 100.0 640.0 620.0 620.0 60.0 640.0 660.0 560.0 660.0 620.0 600.0 120.0 620.0 120.0 640.0 600.0 660.0 640.0 640.0 640.0 640.0 580.0 620.0 620.0 600.0 580.0 100.0 640.0 580.0 100.0 600.0 600.0 580.0 600.0 100.0 600.0 80.0 560.0 560.0 600.0 520.0 640.0 640.0 80.0 580.0 660.0 660.0 620.0 120.0 560.0 600.0 60.0 640.0 560.0 680.0 620.0 140.0 600.0 140.0 680.0 660.0 120.0 620.0
0.0 660.0 0.0 740.0 620.0 640.0 640.0 80.0 600.0 620.0 580.0 640.0 160.0 640.0 660.0 640.0 40.0 660.0 640.0 600.0 580.0 600.0 640.0 640.0 100.0 20.0 200.0 640.0 580.0 620.0 640.0 660.0 620.0 640.0 700.0 720.0 640.0 720.0 100.0 620.0 580.0 80.0 660.0 680.0 640.0 620.0 640.0 620.0 660.0 640.0 620.0 620.0 580.0 660.0 620.0 640.0 640.0 660.0 120.0 160.0 700.0 640.0 680.0 660.0 200.0 580.0 700.0 100.0 660.0 540.0 620.0 140.0 720.0 700.0 680.0 560.0 680.0 140.0 660.0 640.0 140.0
0.0 540.0 580.0 0.0 620.0 640.0 620.0 620.0 80.0 580.0 600.0 660.0 540.0 40.0 580.0 160.0 580.0 600.0 640.0 640.0 100.0 620.0 580.0 600.0 640.0 560.0 620.0 40.0 600.0 600.0 120.0 640.0 120.0 60.0 660.0 640.0 660.0 140.0 640.0 80.0 580.0 600.0 100.0 80.0 640.0 580.0 600.0 580.0 620.0 620.0 80.0 100.0 600.0 620.0 620.0 560.0 580.0 620.0 540.0 660.0 620.0 580.0 600.0 600.0 600.0 620.0 620.0 560.0 540.0 560.0 620.0 580.0 680.0 640.0 580.0 60.0 560.0 640.0 580.0 660.0 620.0
0.0 560.0 600.0 740.0 0.0 700.0 560.0 640.0 620.0 620.0 620.0 140.0 620.0 640.0 100.0 700.0 600.0 160.0 660.0 660.0 640.0 140.0 600.0 620.0 620.0 580.0 620.0 620.0 640.0 620.0 660.0 640.0 660.0 580.0 180.0 680.0 680.0 680.0 660.0 620.0 100.0 640.0 620.0 620.0 640.0 140.0 120.0 560.0 640.0 640.0 620.0 640.0 640.0 640.0 640.0 80.0 100.0 140.0 560.0 680.0 160.0 640.0 620.0 680.0 640.0 120.0 600.0 600.0 60.0 600.0 660.0 620.0 720.0 140.0 620.0 620.0 640.0 700.0 620.0 680.0 660.0
0.0 660.0 580.0 740.0 680.0 0.0 140.0 640.0 660.0 160.0 640.0 680.0 700.0 660.0 660.0 680.0 620.0 700.0 700.0 140.0 640.0 680.0 680.0 200.0 640.0 580.0 680.0 680.0 140.0 600.0 680.0 720.0 680.0 560.0 660.0 160.0 200.0 720.0 660.0 660.0 640.0 640.0 660.0 640.0 680.0 640.0 660.0 580.0 200.0 40.0 700.0 680.0 660.0 140.0 700.0 680.0 680.0 680.0 660.0 540.0 660.0 680.0 200.0 80.0 640.0 660.0 700.0 640.0 640.0 600.0 160.0 700.0 160.0 740.0 700.0 640.0 680.0 560.0 140.0 700.0 620.0
0.0 540.0 560.0 720.0 620.0 160.0 0.0 600.0 580.0 80.0 600.0 640.0 600.0 600.0 580.0 660.0 580.0 640.0 640.0 120.0 620.0 620.0 580.0 80.0 600.0 560.0 620.0 600.0 100.0 600.0 640.0 640.0 640.0 560.0 680.0 140.0 140.0 640.0 640.0 580.0 580.0 600.0 620.0 600.0 620.0 640.0 600.0 520.0 100.0 100.0 580.0 620.0 620.0 100.0 620.0 560.0 580.0 620.0 540.0 660.0 660.0 620.0 80.0 140.0 600.0 620.0 580.0 560.0 540.0 560.0 120.0 580.0 180.0 620.0 580.0 580.0 600.0 660.0 80.0 660.0 620.0
0.0 600.0 120.0 780.0 640.0 660.0 580.0 0.0 640.0 640.0 640.0 660.0 140.0 660.0 640.0 580.0 120.0 660.0 620.0 540.0 620.0 660.0 600.0 660.0 120.0 100.0 180.0 660.0 640.0 620.0 560.0 660.0 620.0 620.0 720.0 700.0 600.0 680.0 40.0 640.0 640.0 60.0 640.0 660.0 660.0 660.0 640.0 580.0 640.0 680.0 620.0 680.0 600.0 660.0 600.0 620.0 600.0 600.0 80.0 160.0 640.0 660.0 660.0 700.0 140.0 680.0 640.0 120.0 600.0 560.0 680.0 100.0 700.0 660.0 640.0 580.0 660.0 180.0 660.0 680.0 160.0
0.0 640.0 680.0 260.0 700.0 760.0 660.0 680.0 0.0 700.0 680.0 740.0 700.0 180.0 680.0 140.0 640.0 740.0 680.0 620.0 140.0 660.0 620.0 700.0 700.0 640.0 720.0 160.0 680.0 700.0 140.0 740.0 160.0 160.0 740.0 760.0 700.0 180.0 640.0 160.0 700.0 700.0 140.0 180.0 680.0 640.0 580.0 620.0 660.0 720.0 120.0 180.0 680.0 680.0 660.0 680.0 620.0 600.0 640.0 640.0 720.0 660.0 700.0 680.0 700.0 660.0 700.0 560.0 640.0 660.0 680.0 620.0 700.0 680.0 700.0 140.0 680.0 740.0 700.0 700.0 660.0
0.0 640.0 640.0 740.0 700.0 200.0 120.0 640.0 680.0 0.0 600.0 700.0 700.0 640.0 680.0 640.0 640.0 720.0 640.0 140.0 680.0 700.0 580.0 160.0 680.0 620.0 740.0 660.0 160.0 620.0 680.0 640.0 700.0 600.0 700.0 180.0 160.0 660.0 600.0 660.0 680.0 680.0 640.0 640.0 660.0 600.0 640.0 620.0 120.0 80.0 620.0 680.0 680.0 80.0 620.0 660.0 600.0 620.0 640.0 680.0 700.0 680.0 180.0 120.0 720.0 700.0 680.0 660.0 640.0 640.0 140.0 600.0 200.0 640.0 700.0 640.0 680.0 740.0 60.0 680.0 640.0
0.0 120.0 620.0 680.0 680.0 640.0 700.0 640.0 620.0 700.0 0.0 720.0 680.0 580.0 640.0 680.0 660.0 720.0 220.0 660.0 660.0 640.0 160.0 680.0 680.0 620.0 740.0 660.0 680.0 140.0 680.0 160.0 700.0 660.0 760.0 680.0 640.0 740.0 660.0 660.0 600.0 680.0 660.0 620.0 140.0 600.0 640.0 180.0 600.0 660.0 560.0 720.0 180.0 680.0 200.0 660.0 680.0 680.0 640.0 660.0 640.0 200.0 700.0 640.0 720.0 660.0 220.0 640.0 640.0 120.0 620.0 680.0 760.0 720.0 180.0 660.0 140.0 660.0 680.0 220.0 660.0
0.0 660.0 660.0 760.0 200.0 640.0 640.0 640.0 680.0 700.0 680.0 0.0 660.0 640.0 140.0 640.0 680.0 200.0 700.0 660.0 560.0 100.0 660.0 700.0 680.0 660.0 740.0 660.0 560.0 620.0 680.0 700.0 700.0 680.0 160.0 700.0 660.0 740.0 640.0 660.0 160.0 700.0 680.0 640.0 700.0 80.0 120.0 640.0 700.0 680.0 680.0 700.0 700.0 680.0 700.0 180.0 140.0 80.0 660.0 680.0 180.0 660.0 620.0 640.0 720.0 20.0 680.0 660.0 140.0 620.0 580.0 660.0 700.0 200.0 700.0 700.0 660.0 680.0 680.0 700.0 620.0
0.0 600.0 100.0 700.0 640.0 620.0 680.0 100.0 580.0 680.0 580.0 660.0 0.0 540.0 620.0 660.0 120.0 580.0 620.0 640.0 600.0 600.0 580.0 640.0 120.0 100.0 160.0 540.0 600.0 680.0 660.0 640.0 680.0 660.0 640.0 680.0 640.0 660.0 120.0 620.0 580.0 140.0 620.0 640.0 640.0 560.0 600.0 660.0 620.0 660.0 600.0 680.0 640.0 640.0 600.0 620.0 580.0 640.0 80.0 140.0 600.0 660.0 640.0 580.0 140.0 600.0 600.0 100.0 620.0 640.0 600.0 80.0 680.0 640.0 680.0 640.0 540.0 120.0 560.0 660.0 140.0
0.0 580.0 620.0 200.0 640.0 660.0 660.0 660.0 60.0 660.0 560.0 660.0 680.0 0.0 600.0 140.0 640.0 660.0 680.0 660.0 100.0 580.0 620.0 680.0 640.0 600.0 720.0 120.0 620.0 660.0 140.0 640.0 160.0 120.0 720.0 700.0 620.0 180.0 640.0 100.0 560.0 660.0 120.0 120.0 620.0 540.0 580.0 640.0 640.0 640.0 80.0 140.0 660.0 640.0 660.0 620.0 620.0 640.0 580.0 680.0 580.0 660.0 640.0 580.0 700.0 600.0 680.0 600.0 640.0 620.0 580.0 640.0 740.0 680.0 680.0 140.0 600.0 700.0 620.0 700.0 640.0
0.0 600.0 620.0 720.0 160.0 640.0 640.0 660.0 660.0 680.0 620.0 160.0 680.0 640.0 0.0 660.0 560.0 80.0 640.0 620.0 640.0 60.0 580.0 620.0 660.0 600.0 680.0 640.0 560.0 600.0 640.0 580.0 680.0 560.0 160.0 660.0 620.0 660.0 640.0 540.0 140.0 660.0 620.0 600.0 640.0 80.0 100.0 600.0 620.0 560.0 600.0 640.0 660.0 560.0 620.0 60.0 80.0 120.0 560.0 660.0 160.0 620.0 600.0 620.0 620.0 100.0 660.0 580.0 120.0 600.0 640.0 580.0 680.0 120.0 640.0 640.0 700.0 680.0 660.0 660.0 620.0
0.0 540.0 580.0 200.0 620.0 660.0 520.0 540.0 80.0 600.0 600.0 640.0 600.0 100.0 580.0 0.0 580.0 640.0 600.0 560.0 120.0 620.0 540.0 600.0 600.0 560.0 620.0 80.0 620.0 600.0 60.0 640.0 120.0 60.0 660.0 640.0 620.0 100.0 560.0 80.0 600.0 580.0 80.0 80.0 600.0 640.0 600.0 540.0 580.0 620.0 40.0 100.0 620.0 620.0 580.0 560.0 540.0 620.0 540.0 660.0 660.0 620.0 600.0 660.0 600.0 620.0 580.0 580.0 540.0 560.0 620.0 560.0 660.0 600.0 600.0 80.0 600.0 680.0 600.0 620.0 640.0
0.0 660.0 120.0 760.0 680.0 680.0 680.0 180.0 660.0 720.0 660.0 720.0 180.0 640.0 640.0 680.0 0.0 640.0 680.0 700.0 580.0 680.0 700.0 620.0 180.0 120.0 220.0 700.0 600.0 640.0 700.0 720.0 660.0 620.0 660.0 740.0 700.0 740.0 140.0 660.0 660.0 180.0 720.0 680.0 720.0 600.0 700.0 640.0 720.0 620.0 700.0 580.0 660.0 660.0 680.0 680.0 700.0 680.0 140.0 200.0 700.0 640.0 660.0 620.0 200.0 580.0 700.0 140.0 700.0 660.0 600.0 200.0 720.0 740.0 660.0 680.0 700.0 120.0 720.0 720.0 140.0
0.0 540.0 580.0 660.0 140.0 700.0 620.0 620.0 640.0 660.0 600.0 140.0 660.0 660.0 60.0 680.0 600.0 0.0 640.0 640.0 620.0 120.0 580.0 640.0 640.0 560.0 620.0 640.0 620.0 640.0 640.0 640.0 660.0 620.0 160.0 640.0 660.0 640.0 640.0 600.0 120.0 620.0 620.0 600.0 640.0 140.0 80.0 640.0 620.0 620.0 580.0 620.0 640.0 620.0 620.0 60.0 60.0 100.0 540.0 660.0 140.0 620.0 600.0 660.0 600.0 120.0 660.0 580.0 100.0 580.0 660.0 580.0 700.0 120.0 660.0 600.0 680.0 700.0 660.0 660.0 640.0
0.0 140.0 560.0 740.0 620.0 700.0 640.0 640.0 600.0 660.0 80.0 700.0 700.0 660.0 700.0 700.0 600.0 660.0 0.0 640.0 620.0 620.0 180.0 560.0 660.0 560.0 700.0 660.0 640.0 140.0 680.0 160.0 640.0 640.0 740.0 760.0 660.0 640.0 660.0 640.0 600.0 620.0 660.0 700.0 140.0 680.0 660.0 140.0 680.0 660.0 640.0 660.0 120.0 680.0 140.0 680.0 680.0 680.0 660.0 660.0 700.0 140.0 660.0 700.0 720.0 640.0 180.0 640.0 660.0 80.0 640.0 700.0 700.0 740.0 80.0 620.0 200.0 700.0 680.0 180.0 680.0
0.0 580.0 620.0 760.0 620.0 200.0 60.0 580.0 620.0 120.0 640.0 640.0 640.0 640.0 620.0 560.0 620.0 640.0 640.0 0.0 660.0 660.0 580.0 120.0 620.0 600.0 660.0 640.0 140.0 640.0 540.0 680.0 680.0 600.0 700.0 180.0 140.0 660.0 540.0 640.0 640.0 620.0 620.0 640.0 640.0 680.0 620.0 560.0 120.0 140.0 600.0 660.0 580.0 140.0 620.0 600.0 580.0 580.0 580.0 660.0 620.0 640.0 120.0 180.0 640.0 660.0 620.0 620.0 580.0 600.0 140.0 600.0 200.0 640.0 640.0 560.0 640.0 700.0 140.0 660.0 640.0
0.0 640.0 640.0 220.0 700.0 620.0 620.0 620.0 140.0 680.0 660.0 700.0 680.0 100.0 680.0 100.0 640.0 720.0 680.0 640.0 0.0 680.0 640.0 680.0 660.0 640.0 720.0 160.0 540.0 640.0 160.0 720.0 160.0 140.0 640.0 680.0 640.0 200.0 660.0 160.0 640.0 680.0 140.0 120.0 680.0 580.0 660.0 620.0 680.0 660.0 140.0 200.0 680.0 660.0 680.0 660.0 640.0 660.0 640.0 640.0 680.0 700.0 700.0 600.0 700.0 700.0 640.0 640.0 640.0 600.0 680.0 640.0 700.0 680.0 680.0 160.0 700.0 660.0 700.0 720.0 600.0
0.0 700.0 700.0 740.0 200.0 700.0 700.0 640.0 600.0 720.0 600.0 180.0 720.0 660.0 200.0 700.0 720.0 160.0 720.0 660.0 680.0 0.0 700.0 740.0 680.0 700.0 740.0 660.0 640.0 680.0 680.0 680.0 680.0 700.0 240.0 760.0 560.0 760.0 660.0 680.0 80.0 680.0 680.0 700.0 660.0 160.0 140.0 680.0 680.0 700.0 640.0 760.0 700.0 700.0 700.0 200.0 200.0 180.0 700.0 720.0 100.0 760.0 740.0 700.0 760.0 200.0 740.0 640.0 200.0 620.0 580.0 700.0 780.0 220.0 760.0 680.0 640.0 720.0 700.0 760.0 640.0
0.0 80.0 620.0 760.0 640.0 740.0 620.0 680.0 660.0 700.0 140.0 660.0 700.0 700.0 620.0 720.0 640.0 680.0 60.0 700.0 660.0 680.0 0.0 620.0 640.0 620.0 720.0 680.0 640.0 160.0 680.0 160.0 680.0 640.0 720.0 700.0 700.0 700.0 700.0 640.0 640.0 680.0 660.0 640.0 160.0 680.0 640.0 120.0 660.0 640.0 640.0 660.0 100.0 660.0 40.0 620.0 620.0 660.0 580.0 700.0 700.0 120.0 640.0 700.0 700.0 680.0 160.0 620.0 640.0 120.0 600.0 640.0 660.0 680.0 140.0 580.0 200.0 740.0 700.0 180.0 640.0
0.0 620.0 580.0 720.0 580.0 160.0 100.0 640.0 580.0 160.0 560.0 700.0 680.0 620.0 660.0 700.0 600.0 700.0 680.0 140.0 640.0 600.0 660.0 0.0 660.0 580.0 680.0 640.0 140.0 640.0 680.0 640.0 660.0 640.0 740.0 200.0 120.0 640.0 680.0 680.0 560.0 640.0 640.0 660.0 620.0 640.0 640.0 620.0 120.0 120.0 600.0 660.0 640.0 200.0 660.0 660.0 660.0 640.0 620.0 680.0 680.0 640.0 100.0 160.0 680.0 640.0 660.0 600.0 620.0 600.0 100.0 660.0 180.0 700.0 560.0 620.0 680.0 700.0 140.0 700.0 660.0
0.0 640.0 160.0 760.0 700.0 680.0 660.0 160.0 640.0 720.0 640.0 560.0 80.0 600.0 660.0 660.0 140.0 640.0 680.0 680.0 580.0 640.0 640.0 700.0 0.0 120.0 180.0 580.0 580.0 600.0 700.0 700.0 700.0 700.0 700.0 740.0 680.0 700.0 140.0 680.0 640.0 180.0 680.0 680.0 700.0 620.0 640.0 660.0 680.0 700.0 660.0 720.0 700.0 700.0 660.0 680.0 640.0 620.0 140.0 60.0 620.0 700.0 660.0 640.0 200.0 560.0 660.0 160.0 680.0 640.0 600.0 140.0 720.0 680.0 720.0 680.0 600.0 180.0 620.0 720.0 140.0
0.0 660.0 120.0 740.0 620.0 640.0 640.0 80.0 600.0 700.0 580.0 640.0 160.0 640.0 660.0 640.0 40.0 660.0 640.0 600.0 600.0 600.0 640.0 640.0 100.0 0.0 200.0 640.0 620.0 620.0 640.0 660.0 620.0 640.0 700.0 720.0 640.0 720.0 100.0 620.0 580.0 80.0 660.0 680.0 640.0 620.0 640.0 620.0 660.0 640.0 620.0 620.0 580.0 660.0 620.0 640.0 640.0 660.0 120.0 160.0 700.0 640.0 680.0 640.0 200.0 580.0 700.0 100.0 660.0 540.0 620.0 140.0 720.0 700.0 680.0 560.0 680.0 140.0 680.0 720.0 160.0
0.0 620.0 100.0 760.0 640.0 640.0 640.0 140.0 640.0 680.0 620.0 660.0 160.0 660.0 580.0 680.0 120.0 640.0 640.0 660.0 660.0 640.0 580.0 640.0 120.0 100.0 0.0 560.0 620.0 620.0 680.0 640.0 660.0 600.0 680.0 660.0 660.0 660.0 140.0 600.0 640.0 140.0 520.0 600.0 540.0 640.0 600.0 620.0 620.0 620.0 600.0 600.0 600.0 640.0 620.0 580.0 580.0 620.0 40.0 140.0 600.0 620.0 600.0 680.0 160.0 680.0 660.0 60.0 620.0 600.0 660.0 80.0 700.0 640.0 660.0 640.0 620.0 160.0 580.0 660.0 120.0
0.0 620.0 640.0 220.0 680.0 620.0 660.0 660.0 160.0 720.0 580.0 700.0 720.0 120.0 660.0 160.0 640.0 700.0 620.0 680.0 180.0 700.0 560.0 660.0 680.0 640.0 740.0 0.0 580.0 660.0 180.0 700.0 200.0 140.0 700.0 700.0 660.0 140.0 660.0 140.0 660.0 700.0 100.0 140.0 640.0 620.0 680.0 680.0 620.0 660.0 80.0 200.0 640.0 680.0 600.0 640.0 580.0 700.0 620.0 640.0 700.0 680.0 680.0 660.0 700.0 700.0 660.0 660.0 680.0 640.0 640.0 580.0 660.0 620.0 700.0 120.0 700.0 640.0 560.0 660.0 640.0
0.0 660.0 660.0 780.0 680.0 180.0 180.0 700.0 640.0 160.0 640.0 680.0 700.0 600.0 680.0 680.0 640.0 700.0 680.0 200.0 640.0 660.0 700.0 160.0 640.0 660.0 760.0 700.0 0.0 620.0 680.0 720.0 660.0 700.0 640.0 200.0 200.0 720.0 660.0 660.0 640.0 720.0 680.0 660.0 700.0 560.0 660.0 660.0 180.0 200.0 680.0 700.0 660.0 140.0 660.0 680.0 700.0 660.0 660.0 700.0 660.0 700.0 200.0 80.0 720.0 680.0 640.0 640.0 680.0 580.0 160.0 700.0 160.0 700.0 700.0 700.0 680.0 720.0 200.0 760.0 700.0
0.0 180.0 700.0 780.0 660.0 660.0 700.0 720.0 720.0 760.0 200.0 660.0 700.0 720.0 700.0 720.0 680.0 680.0 140.0 720.0 620.0 680.0 180.0 660.0 640.0 700.0 760.0 700.0 640.0 0.0 760.0 180.0 640.0 700.0 760.0 680.0 720.0 760.0 740.0 640.0 700.0 720.0 720.0 700.0 220.0 680.0 720.0 120.0 700.0 700.0 700.0 740.0 140.0 680.0 140.0 680.0 680.0 740.0 660.0 700.0 740.0 100.0 700.0 700.0 760.0 680.0 120.0 680.0 700.0 60.0 680.0 700.0 740.0 740.0 200.0 680.0 140.0 700.0 720.0 200.0 700.0
0.0 640.0 600.0 260.0 580.0 720.0 620.0 640.0 160.0 680.0 640.0 620.0 640.0 140.0 660.0 100.0 620.0 680.0 700.0 640.0 140.0 660.0 640.0 680.0 580.0 600.0 680.0 120.0 660.0 660.0 0.0 700.0 160.0 140.0 760.0 680.0 640.0 140.0 580.0 160.0 660.0 620.0 140.0 100.0 660.0 680.0 580.0 620.0 680.0 700.0 140.0 180.0 560.0 680.0 680.0 660.0 640.0 560.0 640.0 640.0 680.0 620.0 680.0 700.0 700.0 640.0 660.0 660.0 620.0 620.0 660.0 640.0 720.0 700.0 680.0 20.0 640.0 720.0 660.0 720.0 620.0
0.0 160.0 700.0 660.0 720.0 760.0 720.0 720.0 660.0 720.0 140.0 740.0 660.0 620.0 680.0 700.0 700.0 660.0 220.0 740.0 700.0 680.0 180.0 720.0 720.0 680.0 740.0 680.0 720.0 200.0 760.0 0.0 760.0 680.0 740.0 780.0 720.0 680.0 680.0 700.0 640.0 740.0 720.0 720.0 200.0 640.0 660.0 180.0 720.0 720.0 700.0 740.0 220.0 720.0 200.0 700.0 700.0 640.0 660.0 760.0 680.0 200.0 720.0 660.0 720.0 700.0 240.0 680.0 660.0 180.0 680.0 700.0 740.0 740.0 200.0 700.0 160.0 760.0 680.0 260.0 720.0
0.0 620.0 580.0 200.0 560.0 640.0 600.0 640.0 140.0 660.0 620.0 600.0 640.0 120.0 580.0 140.0 560.0 660.0 580.0 620.0 120.0 640.0 580.0 600.0 580.0 580.0 660.0 120.0 560.0 640.0 140.0 580.0 0.0 120.0 680.0 660.0 620.0 140.0 640.0 20.0 640.0 600.0 100.0 80.0 640.0 600.0 600.0 600.0 620.0 640.0 80.0 120.0 540.0 560.0 560.0 580.0 580.0 640.0 560.0 620.0 660.0 620.0 600.0 620.0 680.0 620.0 640.0 580.0 600.0 600.0 640.0 580.0 640.0 620.0 640.0 60.0 640.0 680.0 660.0 660.0 640.0
0.0 620.0 660.0 260.0 680.0 700.0 620.0 660.0 160.0 680.0 660.0 700.0 680.0 160.0 640.0 140.0 660.0 700.0 700.0 620.0 100.0 680.0 640.0 660.0 680.0 640.0 700.0 140.0 620.0 560.0 120.0 680.0 140.0 0.0 720.0 700.0 720.0 160.0 620.0 120.0 680.0 700.0 120.0 160.0 640.0 640.0 680.0 560.0 700.0 660.0 140.0 120.0 660.0 660.0 680.0 660.0 640.0 680.0 620.0 720.0 620.0 640.0 680.0 660.0 700.0 700.0 660.0 660.0 620.0 600.0 700.0 660.0 740.0 700.0 680.0 140.0 640.0 740.0 620.0 720.0 640.0
0.0 540.0 580.0 720.0 140.0 680.0 620.0 620.0 580.0 660.0 580.0 140.0 680.0 600.0 80.0 680.0 580.0 140.0 560.0 640.0 620.0 80.0 580.0 600.0 640.0 580.0 680.0 580.0 620.0 640.0 640.0 640.0 660.0 620.0 0.0 640.0 620.0 660.0 640.0 600.0 60.0 640.0 620.0 600.0 640.0 40.0 80.0 640.0 580.0 620.0 600.0 620.0 640.0 620.0 580.0 60.0 80.0 100.0 540.0 660.0 140.0 620.0 600.0 580.0 680.0 120.0 660.0 580.0 100.0 600.0 620.0 580.0 680.0 120.0 640.0 620.0 680.0 700.0 600.0 660.0 640.0
0.0 660.0 560.0 760.0 640.0 140.0 140.0 620.0 620.0 140.0 620.0 680.0 700.0 680.0 700.0 640.0 580.0 700.0 620.0 120.0 620.0 640.0 660.0 80.0 660.0 560.0 720.0 640.0 120.0 640.0 660.0 700.0 640.0 640.0 720.0 0.0 160.0 640.0 640.0 660.0 620.0 620.0 660.0 700.0 640.0 660.0 680.0 640.0 160.0 120.0 640.0 640.0 620.0 180.0 660.0 680.0 660.0 700.0 660.0 680.0 720.0 680.0 160.0 180.0 720.0 620.0 700.0 660.0 660.0 580.0 140.0 680.0 80.0 620.0 620.0 600.0 720.0 700.0 160.0 680.0 680.0
0.0 640.0 660.0 700.0 680.0 160.0 200.0 680.0 560.0 220.0 560.0 680.0 700.0 620.0 680.0 700.0 680.0 640.0 680.0 140.0 640.0 580.0 660.0 200.0 640.0 660.0 700.0 620.0 140.0 640.0 640.0 640.0 640.0 700.0 760.0 200.0 0.0 720.0 680.0 640.0 560.0 720.0 640.0 660.0 620.0 640.0 620.0 640.0 120.0 180.0 600.0 720.0 660.0 140.0 660.0 680.0 660.0 640.0 640.0 680.0 680.0 700.0 200.0 140.0 720.0 700.0 720.0 600.0 680.0 580.0 80.0 660.0 220.0 700.0 740.0 640.0 700.0 700.0 140.0 720.0 640.0
0.0 600.0 640.0 200.0 700.0 760.0 680.0 660.0 180.0 700.0 660.0 720.0 700.0 180.0 640.0 160.0 640.0 580.0 640.0 680.0 160.0 680.0 580.0 680.0 680.0 640.0 680.0 180.0 680.0 660.0 180.0 700.0 160.0 160.0 740.0 700.0 700.0 0.0 640.0 140.0 680.0 600.0 160.0 140.0 680.0 660.0 580.0 620.0 680.0 680.0 120.0 160.0 660.0 680.0 620.0 620.0 640.0 620.0 600.0 640.0 700.0 620.0 620.0 680.0 660.0 660.0 700.0 560.0 640.0 640.0 660.0 640.0 580.0 680.0 700.0 140.0 680.0 740.0 700.0 700.0 680.0
0.0 560.0 80.0 740.0 640.0 700.0 560.0 60.0 620.0 620.0 620.0 660.0 100.0 640.0 620.0 560.0 100.0 680.0 640.0 580.0 660.0 640.0 580.0 620.0 120.0 60.0 140.0 640.0 640.0 620.0 600.0 680.0 660.0 600.0 680.0 680.0 640.0 640.0 0.0 620.0 620.0 100.0 620.0 620.0 640.0 660.0 640.0 560.0 620.0 640.0 580.0 640.0 640.0 640.0 620.0 600.0 580.0 640.0 60.0 160.0 620.0 620.0 620.0 680.0 120.0 640.0 600.0 80.0 560.0 600.0 640.0 60.0 700.0 620.0 620.0 620.0 640.0 180.0 640.0 660.0 140.0
0.0 620.0 600.0 200.0 680.0 640.0 620.0 640.0 140.0 660.0 600.0 660.0 680.0 120.0 580.0 140.0 560.0 640.0 620.0 620.0 100.0 640.0 580.0 640.0 660.0 580.0 680.0 120.0 560.0 640.0 120.0 580.0 140.0 120.0 660.0 640.0 660.0 120.0 620.0 0.0 640.0 640.0 100.0 80.0 620.0 580.0 600.0 600.0 620.0 620.0 80.0 100.0 660.0 560.0 600.0 560.0 560.0 620.0 540.0 660.0 660.0 620.0 600.0 620.0 680.0 620.0 640.0 580.0 620.0 600.0 640.0 580.0 700.0 620.0 660.0 120.0 680.0 660.0 660.0 640.0 640.0
0.0 640.0 640.0 680.0 140.0 640.0 680.0 640.0 540.0 700.0 520.0 180.0 700.0 580.0 140.0 660.0 640.0 180.0 680.0 640.0 680.0 40.0 640.0 680.0 660.0 640.0 720.0 580.0 640.0 660.0 660.0 600.0 680.0 660.0 220.0 680.0 600.0 680.0 640.0 660.0 0.0 680.0 600.0 640.0 580.0 100.0 80.0 640.0 600.0 660.0 560.0 700.0 640.0 680.0 660.0 160.0 120.0 100.0 640.0 640.0 120.0 680.0 700.0 640.0 720.0 140.0 700.0 560.0 140.0 640.0 560.0 620.0 700.0 140.0 700.0 660.0 660.0 660.0 620.0 700.0 620.0
0.0 660.0 140.0 780.0 720.0 720.0 680.0 180.0 700.0 720.0 660.0 680.0 200.0 700.0 600.0 720.0 140.0 660.0 640.0 700.0 700.0 640.0 600.0 680.0 200.0 120.0 180.0 660.0 640.0 680.0 720.0 660.0 700.0 640.0 700.0 700.0 680.0 680.0 180.0 620.0 680.0 0.0 640.0 640.0 660.0 680.0 640.0 660.0 640.0 640.0 620.0 700.0 700.0 640.0 640.0 580.0 600.0 680.0 80.0 180.0 700.0 660.0 640.0 700.0 180.0 700.0 680.0 100.0 660.0 660.0 680.0 100.0 720.0 660.0 700.0 660.0 740.0 220.0 700.0 680.0 160.0
0.0 640.0 640.0 240.0 620.0 640.0 660.0 680.0 180.0 720.0 600.0 660.0 680.0 140.0 680.0 160.0 660.0 640.0 640.0 680.0 140.0 680.0 580.0 660.0 640.0 640.0 640.0 40.0 600.0 620.0 200.0 720.0 140.0 80.0 700.0 720.0 680.0 160.0 660.0 140.0 680.0 660.0 0.0 160.0 540.0 640.0 600.0 620.0 640.0 680.0 100.0 200.0 600.0 700.0 620.0 660.0 600.0 620.0 640.0 660.0 700.0 620.0 700.0 680.0 680.0 680.0 680.0 580.0 660.0 580.0 660.0 600.0 680.0 640.0 700.0 140.0 700.0 680.0 580.0 680.0 660.0
0.0 560.0 540.0 200.0 620.0 660.0 640.0 600.0 80.0 600.0 600.0 660.0 600.0 100.0 580.0 140.0 560.0 660.0 640.0 620.0 80.0 620.0 580.0 600.0 620.0 540.0 640.0 60.0 600.0 600.0 120.0 640.0 100.0 60.0 680.0 580.0 660.0 140.0 620.0 80.0 580.0 580.0 40.0 0.0 580.0 640.0 600.0 600.0 640.0 620.0 80.0 100.0 600.0 640.0 620.0 580.0 580.0 600.0 560.0 660.0 660.0 620.0 600.0 640.0 620.0 600.0 660.0 580.0 540.0 560.0 620.0 600.0 660.0 640.0 600.0 60.0 620.0 620.0 600.0 640.0 560.0
0.0 120.0 620.0 740.0 620.0 620.0 640.0 660.0 680.0 700.0 80.0 640.0 680.0 640.0 660.0 700.0 660.0 660.0 120.0 680.0 640.0 700.0 60.0 640.0 620.0 620.0 660.0 540.0 600.0 120.0 700.0 180.0 640.0 600.0 700.0 700.0 660.0 660.0 660.0 640.0 660.0 640.0 540.0 660.0 0.0 640.0 620.0 120.0 620.0 660.0 600.0 700.0 80.0 680.0 100.0 660.0 580.0 640.0 640.0 640.0 700.0 140.0 680.0 660.0 700.0 660.0 140.0 580.0 640.0 60.0 640.0 580.0 680.0 640.0 160.0 640.0 160.0 660.0 560.0 140.0 640.0
0.0 620.0 660.0 740.0 160.0 700.0 640.0 660.0 600.0 640.0 600.0 120.0 660.0 560.0 120.0 640.0 660.0 180.0 700.0 660.0 660.0 120.0 660.0 700.0 620.0 640.0 740.0 660.0 660.0 680.0 640.0 680.0 700.0 680.0 240.0 720.0 660.0 720.0 620.0 640.0 80.0 700.0 680.0 680.0 660.0 0.0 100.0 640.0 680.0 680.0 640.0 700.0 680.0 600.0 700.0 140.0 140.0 100.0 620.0 660.0 100.0 680.0 680.0 560.0 720.0 140.0 700.0 600.0 140.0 660.0 620.0 660.0 760.0 200.0 700.0 660.0 640.0 740.0 660.0 740.0 680.0
0.0 580.0 620.0 760.0 140.0 720.0 680.0 660.0 640.0 640.0 640.0 180.0 640.0 660.0 120.0 720.0 580.0 180.0 660.0 680.0 640.0 100.0 620.0 640.0 660.0 600.0 680.0 640.0 640.0 640.0 680.0 680.0 620.0 620.0 200.0 700.0 640.0 700.0 680.0 620.0 120.0 660.0 660.0 640.0 680.0 140.0 0.0 640.0 660.0 660.0 640.0 640.0 640.0 620.0 640.0 100.0 120.0 160.0 580.0 700.0 200.0 660.0 640.0 680.0 640.0 120.0 700.0 620.0 80.0 620.0 660.0 640.0 740.0 160.0 640.0 640.0 640.0 680.0 680.0 700.0 680.0
0.0 80.0 640.0 780.0 680.0 720.0 580.0 680.0 640.0 640.0 120.0 700.0 660.0 660.0 640.0 700.0 640.0 700.0 160.0 660.0 680.0 680.0 100.0 660.0 660.0 620.0 680.0 640.0 680.0 140.0 680.0 200.0 700.0 620.0 740.0 700.0 700.0 700.0 660.0 660.0 640.0 660.0 600.0 660.0 120.0 640.0 660.0 0.0 660.0 680.0 640.0 680.0 160.0 680.0 140.0 640.0 620.0 680.0 600.0 720.0 720.0 160.0 660.0 660.0 660.0 680.0 120.0 640.0 600.0 120.0 680.0 640.0 740.0 680.0 140.0 660.0 140.0 720.0 600.0 180.0 680.0
0.0 620.0 560.0 740.0 640.0 160.0 100.0 560.0 600.0 140.0 600.0 660.0 660.0 660.0 660.0 620.0 580.0 680.0 660.0 60.0 600.0 620.0 640.0 140.0 640.0 560.0 700.0 660.0 100.0 600.0 600.0 660.0 640.0 640.0 720.0 180.0 40.0 660.0 600.0 620.0 600.0 620.0 640.0 640.0 660.0 660.0 660.0 620.0 0.0 140.0 560.0 640.0 620.0 140.0 640.0 640.0 640.0 640.0 620.0 700.0 680.0 660.0 160.0 160.0 640.0 620.0 660.0 640.0 620.0 560.0 120.0 600.0 200.0 640.0 660.0 600.0 680.0 680.0 180.0 680.0 660.0
0.0 640.0 660.0 700.0 700.0 200.0 100.0 660.0 680.0 160.0 660.0 660.0 680.0 680.0 640.0 660.0 660.0 700.0 680.0 100.0 620.0 680.0 640.0 160.0 640.0 640.0 720.0 660.0 120.0 560.0 640.0 680.0 640.0 520.0 640.0 200.0 200.0 680.0 620.0 620.0 680.0 700.0 640.0 680.0 660.0 640.0 700.0 560.0 180.0 0.0 660.0 640.0 660.0 140.0 680.0 660.0 640.0 680.0 640.0 680.0 640.0 640.0 180.0 140.0 700.0 680.0 660.0 660.0 620.0 600.0 160.0 660.0 140.0 700.0 680.0 640.0 660.0 740.0 120.0 700.0 580.0
0.0 600.0 580.0 260.0 680.0 680.0 640.0 600.0 120.0 660.0 640.0 700.0 660.0 160.0 640.0 140.0 620.0 700.0 700.0 620.0 120.0 660.0 640.0 660.0 660.0 580.0 700.0 120.0 640.0 620.0 120.0 700.0 140.0 100.0 720.0 640.0 600.0 180.0 620.0 140.0 620.0 640.0 100.0 80.0 640.0 680.0 660.0 640.0 560.0 620.0 0.0 160.0 640.0 680.0 680.0 640.0 640.0 640.0 620.0 700.0 720.0 680.0 660.0 680.0 680.0 640.0 700.0 640.0 600.0 600.0 660.0 640.0 720.0 680.0 660.0 120.0 640.0 680.0 660.0 700.0 620.0
0.0 600.0 620.0 200.0 620.0 700.0 640.0 660.0 80.0 700.0 600.0 680.0 700.0 140.0 640.0 140.0 640.0 580.0 640.0 640.0 140.0 620.0 640.0 560.0 660.0 620.0 680.0 140.0 660.0 580.0 140.0 660.0 160.0 40.0 600.0 700.0 660.0 160.0 640.0 140.0 600.0 660.0 140.0 140.0 660.0 640.0 660.0 580.0 660.0 560.0 120.0 0.0 680.0 680.0 660.0 620.0 640.0 680.0 600.0 700.0 660.0 580.0 640.0 660.0 660.0 680.0 700.0 620.0 660.0 620.0 640.0 640.0 660.0 680.0 600.0 140.0 680.0 740.0 660.0 700.0 620.0
0.0 80.0 560.0 760.0 560.0 700.0 580.0 620.0 640.0 640.0 120.0 580.0 620.0 640.0 640.0 680.0 600.0 640.0 180.0 640.0 600.0 640.0 120.0 640.0 560.0 560.0 640.0 620.0 620.0 120.0 680.0 160.0 660.0 620.0 720.0 700.0 620.0 700.0 660.0 640.0 620.0 580.0 640.0 640.0 140.0 660.0 620.0 80.0 680.0 680.0 640.0 660.0 0.0 680.0 160.0 620.0 640.0 660.0 600.0 600.0 640.0 160.0 640.0 660.0 660.0 600.0 120.0 620.0 600.0 80.0 640.0 640.0 760.0 680.0 140.0 600.0 120.0 700.0 640.0 180.0 680.0
0.0 640.0 660.0 740.0 640.0 160.0 100.0 620.0 620.0 180.0 580.0 680.0 680.0 640.0 680.0 620.0 580.0 700.0 680.0 60.0 640.0 640.0 640.0 160.0 640.0 560.0 720.0 660.0 120.0 640.0 600.0 680.0 640.0 640.0 720.0 220.0 160.0 700.0 580.0 660.0 620.0 620.0 640.0 680.0 660.0 660.0 660.0 560.0 140.0 160.0 620.0 640.0 620.0 0.0 660.0 660.0 640.0 640.0 640.0 700.0 680.0 680.0 180.0 160.0 700.0 620.0 680.0 660.0 640.0 580.0 140.0 640.0 240.0 700.0 680.0 600.0 700.0 680.0 120.0 720.0 700.0
0.0 140.0 580.0 760.0 600.0 720.0 640.0 640.0 620.0 680.0 100.0 640.0 660.0 680.0 680.0 700.0 620.0 640.0 40.0 680.0 640.0 640.0 140.0 580.0 600.0 580.0 700.0 660.0 600.0 160.0 700.0 180.0 660.0 660.0 700.0 680.0 660.0 660.0 680.0 660.0 620.0 640.0 660.0 620.0 160.0 640.0 660.0 120.0 700.0 680.0 660.0 680.0 60.0 700.0 0.0 660.0 660.0 680.0 640.0 660.0 700.0 160.0 680.0 660.0 700.0 640.0 160.0 660.0 640.0 100.0 660.0 660.0 620.0 700.0 100.0 560.0 160.0 720.0 680.0 200.0 660.0
0.0 600.0 620.0 720.0 140.0 660.0 640.0 620.0 640.0 700.0 620.0 100.0 700.0 660.0 20.0 660.0 580.0 80.0 600.0 640.0 640.0 80.0 540.0 620.0 640.0 580.0 640.0 600.0 580.0 620.0 660.0 600.0 660.0 580.0 120.0 680.0 620.0 620.0 620.0 560.0 120.0 640.0 580.0 620.0 600.0 100.0 120.0 600.0 580.0 580.0 560.0 640.0 640.0 580.0 580.0 0.0 40.0 140.0 560.0 680.0 160.0 640.0 620.0 640.0 640.0 120.0 620.0 600.0 120.0 600.0 620.0 560.0 660.0 80.0 660.0 600.0 680.0 680.0 640.0 620.0 640.0
0.0 580.0 600.0 760.0 120.0 660.0 620.0 600.0 640.0 680.0 640.0 140.0 680.0 700.0 100.0 640.0 620.0 140.0 580.0 620.0 640.0 140.0 520.0 620.0 620.0 600.0 680.0 580.0 620.0 620.0 640.0 640.0 680.0 640.0 120.0 660.0 600.0 600.0 600.0 600.0 120.0 660.0 560.0 600.0 580.0 140.0 120.0 640.0 560.0 640.0 540.0 660.0 600.0 620.0 560.0 80.0 0.0 140.0 580.0 680.0 180.0 640.0 640.0 680.0 680.0 140.0 600.0 620.0 100.0 600.0 600.0 540.0 640.0 60.0 640.0 580.0 660.0 680.0 620.0 600.0 640.0
0.0 600.0 640.0 780.0 160.0 720.0 580.0 600.0 640.0 660.0 660.0 180.0 660.0 680.0 120.0 580.0 600.0 180.0 660.0 620.0 660.0 120.0 600.0 660.0 660.0 620.0 680.0 660.0 660.0 620.0 640.0 700.0 640.0 620.0 200.0 700.0 680.0 680.0 560.0 640.0 140.0 640.0 640.0 660.0 660.0 160.0 40.0 580.0 640.0 660.0 620.0 660.0 660.0 660.0 640.0 120.0 100.0 0.0 600.0 720.0 140.0 600.0 660.0 700.0 660.0 140.0 640.0 640.0 80.0 620.0 680.0 620.0 720.0 140.0 660.0 640.0 600.0 720.0 660.0 680.0 580.0
0.0 600.0 80.0 740.0 680.0 680.0 620.0 120.0 620.0 640.0 580.0 640.0 140.0 640.0 560.0 660.0 100.0 640.0 620.0 640.0 640.0 620.0 560.0 640.0 160.0 80.0 140.0 620.0 600.0 640.0 640.0 620.0 660.0 600.0 660.0 640.0 640.0 640.0 120.0 580.0 620.0 120.0 600.0 580.0 620.0 640.0 580.0 620.0 600.0 600.0 580.0 660.0 640.0 600.0 600.0 560.0 560.0 600.0 0.0 120.0 640.0 600.0 580.0 660.0 140.0 640.0 640.0 40.0 600.0 600.0 640.0 60.0 680.0 620.0 640.0 620.0 660.0 160.0 660.0 640.0 100.0
0.0 640.0 160.0 780.0 680.0 640.0 700.0 140.0 640.0 740.0 640.0 700.0 200.0 700.0 680.0 700.0 100.0 720.0 700.0 660.0 660.0 660.0 680.0 700.0 160.0 80.0 240.0 700.0 660.0 680.0 680.0 720.0 680.0 680.0 760.0 740.0 700.0 740.0 160.0 680.0 640.0 120.0 720.0 700.0 700.0 660.0 700.0 680.0 700.0 680.0 680.0 680.0 640.0 700.0 680.0 660.0 680.0 720.0 120.0 0.0 760.0 700.0 700.0 680.0 260.0 640.0 760.0 160.0 720.0 600.0 680.0 180.0 780.0 720.0 660.0 620.0 740.0 160.0 740.0 760.0 200.0
0.0 660.0 620.0 780.0 120.0 720.0 660.0 620.0 700.0 700.0 660.0 80.0 640.0 640.0 180.0 680.0 660.0 180.0 720.0 640.0 620.0 180.0 680.0 720.0 580.0 620.0 720.0 640.0 640.0 660.0 660.0 740.0 680.0 700.0 220.0 720.0 700.0 760.0 660.0 700.0 160.0 680.0 700.0 680.0 720.0 160.0 180.0 660.0 680.0 740.0 660.0 720.0 700.0 720.0 700.0 180.0 180.0 160.0 660.0 640.0 0.0 740.0 700.0 700.0 720.0 100.0 700.0 680.0 140.0 640.0 640.0 700.0 780.0 220.0 720.0 660.0 540.0 740.0 660.0 740.0 680.0
0.0 200.0 720.0 780.0 700.0 700.0 720.0 660.0 680.0 760.0 160.0 700.0 740.0 720.0 740.0 720.0 700.0 720.0 180.0 680.0 660.0 600.0 180.0 700.0 680.0 720.0 780.0 740.0 680.0 40.0 700.0 220.0 660.0 740.0 780.0 700.0 640.0 780.0 680.0 680.0 660.0 700.0 740.0 740.0 220.0 720.0 660.0 160.0 740.0 740.0 720.0 760.0 160.0 700.0 160.0 720.0 720.0 740.0 700.0 720.0 700.0 0.0 740.0 740.0 780.0 660.0 160.0 700.0 720.0 80.0 660.0 720.0 780.0 760.0 220.0 700.0 180.0 740.0 700.0 240.0 700.0
0.0 620.0 660.0 700.0 660.0 220.0 180.0 680.0 660.0 160.0 660.0 660.0 680.0 700.0 660.0 720.0 600.0 720.0 660.0 200.0 660.0 640.0 620.0 160.0 640.0 640.0 700.0 680.0 140.0 680.0 720.0 680.0 620.0 640.0 720.0 220.0 100.0 680.0 700.0 620.0 660.0 680.0 640.0 680.0 660.0 680.0 560.0 680.0 140.0 180.0 620.0 660.0 640.0 140.0 640.0 640.0 620.0 680.0 620.0 700.0 580.0 700.0 0.0 200.0 680.0 660.0 680.0 620.0 620.0 660.0 180.0 620.0 220.0 660.0 680.0 680.0 620.0 720.0 180.0 680.0 700.0
0.0 660.0 680.0 760.0 680.0 220.0 160.0 680.0 680.0 200.0 640.0 700.0 700.0 700.0 700.0 680.0 640.0 760.0 680.0 120.0 640.0 680.0 640.0 200.0 680.0 620.0 740.0 680.0 140.0 700.0 620.0 740.0 680.0 680.0 740.0 180.0 200.0 700.0 640.0 700.0 660.0 660.0 680.0 700.0 660.0 660.0 600.0 620.0 160.0 200.0 640.0 700.0 640.0 80.0 660.0 680.0 640.0 620.0 660.0 640.0 700.0 680.0 140.0 0.0 720.0 640.0 700.0 560.0 660.0 640.0 160.0 640.0 240.0 680.0 700.0 620.0 680.0 740.0 180.0 700.0 680.0
0.0 600.0 120.0 700.0 720.0 720.0 680.0 180.0 560.0 720.0 620.0 720.0 200.0 680.0 640.0 700.0 140.0 580.0 700.0 660.0 680.0 640.0 640.0 700.0 180.0 120.0 160.0 660.0 640.0 680.0 680.0 700.0 700.0 640.0 720.0 700.0 680.0 700.0 160.0 640.0 620.0 160.0 680.0 640.0 680.0 680.0 620.0 660.0 680.0 640.0 640.0 680.0 700.0 680.0 680.0 620.0 640.0 640.0 80.0 160.0 720.0 660.0 660.0 700.0 0.0 700.0 720.0 80.0 680.0 620.0 660.0 140.0 720.0 680.0 720.0 660.0 700.0 220.0 700.0 720.0 60.0
0.0 640.0 640.0 760.0 200.0 640.0 640.0 640.0 660.0 700.0 660.0 180.0 640.0 620.0 120.0 620.0 660.0 180.0 700.0 660.0 540.0 160.0 640.0 680.0 680.0 640.0 720.0 640.0 540.0 640.0 680.0 680.0 680.0 660.0 140.0 700.0 640.0 720.0 660.0 640.0 140.0 680.0 660.0 640.0 680.0 80.0 120.0 640.0 700.0 660.0 660.0 720.0 700.0 660.0 680.0 160.0 140.0 160.0 640.0 660.0 160.0 720.0 600.0 620.0 700.0 0.0 660.0 640.0 120.0 600.0 560.0 660.0 700.0 180.0 700.0 680.0 640.0 660.0 660.0 680.0 600.0
0.0 140.0 620.0 720.0 620.0 700.0 640.0 660.0 600.0 700.0 80.0 580.0 600.0 620.0 700.0 680.0 640.0 660.0 160.0 700.0 600.0 600.0 140.0 560.0 560.0 620.0 700.0 620.0 620.0 120.0 720.0 160.0 700.0 620.0 720.0 600.0 640.0 660.0 680.0 700.0 600.0 660.0 660.0 700.0 140.0 640.0 660.0 120.0 660.0 660.0 640.0 700.0 160.0 720.0 180.0 680.0 660.0 640.0 660.0 600.0 640.0 140.0 640.0 680.0 720.0 600.0 0.0 640.0 660.0 120.0 620.0 680.0 680.0 680.0 80.0 640.0 100.0 620.0 640.0 220.0 660.0
0.0 620.0 140.0 780.0 680.0 720.0 640.0 120.0 680.0 660.0 660.0 720.0 160.0 660.0 660.0 640.0 100.0 720.0 640.0 660.0 640.0 640.0 600.0 660.0 180.0 100.0 180.0 660.0 640.0 680.0 680.0 700.0 640.0 640.0 700.0 720.0 680.0 660.0 80.0 640.0 660.0 160.0 640.0 660.0 640.0 620.0 560.0 580.0 640.0 700.0 600.0 660.0 660.0 660.0 620.0 640.0 600.0 580.0 100.0 100.0 700.0 640.0 660.0 640.0 160.0 620.0 660.0 0.0 620.0 640.0 660.0 80.0 720.0 640.0 660.0 640.0 640.0 200.0 660.0 680.0 120.0
0.0 520.0 560.0 700.0 80.0 660.0 620.0 600.0 580.0 580.0 580.0 140.0 580.0 600.0 60.0 660.0 560.0 120.0 620.0 620.0 620.0 80.0 560.0 580.0 640.0 540.0 620.0 580.0 600.0 580.0 620.0 640.0 620.0 560.0 140.0 640.0 640.0 640.0 620.0 580.0 60.0 600.0 600.0 580.0 620.0 100.0 80.0 580.0 600.0 600.0 580.0 600.0 600.0 600.0 600.0 40.0 60.0 100.0 520.0 640.0 140.0 600.0 580.0 640.0 580.0 80.0 640.0 560.0 0.0 560.0 620.0 580.0 700.0 100.0 580.0 580.0 600.0 660.0 620.0 640.0 620.0
0.0 140.0 660.0 760.0 620.0 640.0 660.0 680.0 700.0 720.0 160.0 640.0 660.0 680.0 660.0 680.0 640.0 640.0 120.0 680.0 580.0 700.0 140.0 660.0 600.0 660.0 720.0 660.0 600.0 80.0 700.0 140.0 600.0 660.0 720.0 720.0 700.0 720.0 700.0 600.0 700.0 680.0 680.0 680.0 180.0 640.0 680.0 80.0 660.0 660.0 660.0 700.0 100.0 640.0 100.0 640.0 640.0 700.0 620.0 660.0 700.0 160.0 680.0 660.0 720.0 640.0 200.0 640.0 660.0 0.0 680.0 660.0 700.0 700.0 180.0 640.0 160.0 660.0 680.0 200.0 660.0
0.0 700.0 680.0 740.0 720.0 220.0 180.0 700.0 740.0 160.0 740.0 740.0 700.0 720.0 700.0 680.0 700.0 740.0 700.0 200.0 700.0 740.0 700.0 220.0 700.0 680.0 780.0 720.0 120.0 680.0 740.0 660.0 700.0 640.0 740.0 200.0 260.0 780.0 720.0 700.0 720.0 720.0 700.0 660.0 720.0 680.0 740.0 660.0 220.0 120.0 700.0 760.0 700.0 220.0 700.0 720.0 700.0 740.0 700.0 760.0 720.0 760.0 220.0 200.0 760.0 740.0 740.0 720.0 680.0 620.0 0.0 720.0 240.0 760.0 740.0 680.0 720.0 740.0 200.0 760.0 560.0
0.0 640.0 80.0 760.0 640.0 660.0 640.0 80.0 640.0 680.0 640.0 640.0 160.0 700.0 600.0 620.0 100.0 640.0 660.0 620.0 640.0 660.0 620.0 620.0 100.0 80.0 200.0 600.0 620.0 620.0 640.0 640.0 660.0 640.0 700.0 660.0 600.0 580.0 80.0 580.0 640.0 140.0 600.0 660.0 600.0 640.0 660.0 640.0 560.0 640.0 600.0 660.0 600.0 620.0 640.0 580.0 620.0 680.0 80.0 160.0 700.0 680.0 660.0 680.0 160.0 660.0 600.0 120.0 640.0 600.0 680.0 0.0 640.0 560.0 660.0 640.0 700.0 160.0 620.0 600.0 180.0
0.0 660.0 680.0 780.0 720.0 260.0 120.0 640.0 700.0 200.0 700.0 740.0 700.0 720.0 700.0 640.0 660.0 760.0 720.0 160.0 720.0 680.0 660.0 200.0 720.0 660.0 740.0 700.0 200.0 700.0 700.0 760.0 700.0 680.0 760.0 240.0 200.0 720.0 600.0 700.0 700.0 700.0 680.0 700.0 680.0 700.0 600.0 580.0 180.0 220.0 680.0 720.0 700.0 180.0 700.0 680.0 660.0 720.0 660.0 760.0 700.0 700.0 200.0 180.0 720.0 700.0 700.0 680.0 660.0 680.0 220.0 660.0 0.0 700.0 700.0 700.0 720.0 680.0 140.0 740.0 740.0
0.0 600.0 600.0 720.0 80.0 660.0 580.0 600.0 640.0 640.0 620.0 100.0 640.0 660.0 120.0 580.0 620.0 100.0 660.0 620.0 640.0 160.0 600.0 660.0 580.0 600.0 680.0 560.0 620.0 660.0 640.0 700.0 660.0 620.0 200.0 700.0 640.0 540.0 560.0 660.0 140.0 620.0 560.0 660.0 560.0 140.0 100.0 580.0 640.0 680.0 620.0 680.0 560.0 680.0 640.0 120.0 100.0 120.0 600.0 640.0 140.0 640.0 640.0 680.0 660.0 120.0 640.0 580.0 80.0 600.0 660.0 620.0 600.0 0.0 640.0 640.0 660.0 680.0 580.0 680.0 660.0
0.0 80.0 620.0 680.0 540.0 640.0 580.0 640.0 540.0 640.0 20.0 660.0 640.0 580.0 620.0 680.0 620.0 700.0 160.0 640.0 660.0 560.0 120.0 640.0 620.0 600.0 640.0 600.0 640.0 80.0 660.0 80.0 680.0 620.0 720.0 680.0 600.0 640.0 640.0 640.0 520.0 660.0 600.0 640.0 80.0 600.0 600.0 60.0 600.0 660.0 560.0 660.0 120.0 660.0 140.0 620.0 620.0 620.0 580.0 640.0 640.0 80.0 640.0 640.0 640.0 660.0 100.0 560.0 580.0 100.0 560.0 620.0 660.0 660.0 0.0 640.0 140.0 660.0 620.0 180.0 620.0
0.0 620.0 580.0 260.0 580.0 720.0 600.0 640.0 140.0 660.0 620.0 600.0 640.0 140.0 660.0 200.0 620.0 660.0 700.0 680.0 120.0 680.0 640.0 660.0 580.0 580.0 660.0 120.0 640.0 660.0 180.0 700.0 160.0 120.0 740.0 720.0 640.0 200.0 680.0 160.0 640.0 620.0 140.0 160.0 680.0 680.0 640.0 600.0 680.0 700.0 140.0 160.0 540.0 700.0 680.0 640.0 640.0 680.0 620.0 640.0 680.0 680.0 660.0 680.0 680.0 620.0 660.0 640.0 620.0 620.0 660.0 640.0 760.0 680.0 660.0 0.0 640.0 720.0 660.0 700.0 700.0
0.0 160.0 600.0 780.0 700.0 700.0 660.0 600.0 660.0 700.0 120.0 680.0 700.0 680.0 680.0 660.0 640.0 740.0 180.0 620.0 600.0 680.0 160.0 720.0 640.0 600.0 760.0 700.0 600.0 180.0 640.0 200.0 660.0 700.0 720.0 760.0 680.0 740.0 640.0 660.0 660.0 640.0 720.0 700.0 200.0 640.0 700.0 140.0 700.0 720.0 680.0 700.0 160.0 700.0 160.0 700.0 680.0 680.0 680.0 700.0 720.0 200.0 660.0 680.0 740.0 580.0 200.0 700.0 680.0 120.0 600.0 680.0 760.0 720.0 200.0 640.0 0.0 720.0 720.0 200.0 660.0
0.0 620.0 40.0 760.0 640.0 680.0 680.0 100.0 620.0 660.0 620.0 640.0 160.0 640.0 660.0 680.0 80.0 700.0 680.0 640.0 600.0 640.0 660.0 680.0 100.0 40.0 140.0 660.0 620.0 640.0 660.0 680.0 640.0 640.0 720.0 660.0 680.0 720.0 140.0 660.0 620.0 100.0 640.0 600.0 640.0 600.0 680.0 660.0 700.0 660.0 660.0 640.0 620.0 680.0 660.0 640.0 660.0 660.0 100.0 160.0 700.0 680.0 680.0 620.0 160.0 620.0 720.0 140.0 620.0 580.0 640.0 160.0 700.0 700.0 680.0 600.0 680.0 0.0 680.0 680.0 120.0
0.0 600.0 620.0 700.0 660.0 160.0 120.0 640.0 640.0 180.0 560.0 680.0 700.0 620.0 640.0 660.0 620.0 680.0 600.0 140.0 680.0 660.0 540.0 120.0 640.0 620.0 700.0 620.0 120.0 640.0 660.0 660.0 700.0 660.0 660.0 160.0 120.0 620.0 620.0 620.0 640.0 680.0 580.0 620.0 600.0 640.0 660.0 640.0 80.0 140.0 560.0 680.0 620.0 140.0 580.0 620.0 560.0 680.0 600.0 700.0 660.0 660.0 140.0 140.0 660.0 680.0 620.0 640.0 640.0 640.0 100.0 560.0 160.0 600.0 660.0 600.0 680.0 700.0 0.0 620.0 600.0
0.0 140.0 660.0 760.0 680.0 680.0 700.0 720.0 660.0 760.0 140.0 680.0 720.0 700.0 700.0 700.0 680.0 640.0 120.0 700.0 640.0 680.0 180.0 620.0 660.0 660.0 720.0 700.0 660.0 20.0 700.0 200.0 640.0 620.0 660.0 680.0 720.0 720.0 700.0 660.0 660.0 720.0 720.0 700.0 200.0 700.0 720.0 120.0 700.0 600.0 700.0 580.0 140.0 680.0 140.0 680.0 700.0 740.0 660.0 700.0 720.0 120.0 700.0 720.0 720.0 700.0 140.0 680.0 700.0 60.0 700.0 700.0 720.0 740.0 140.0 680.0 160.0 720.0 700.0 0.0 660.0
0.0 640.0 120.0 780.0 680.0 680.0 680.0 180.0 700.0 700.0 680.0 680.0 180.0 680.0 640.0 720.0 140.0 700.0 680.0 680.0 640.0 700.0 680.0 700.0 140.0 120.0 220.0 680.0 580.0 620.0 700.0 700.0 640.0 600.0 700.0 680.0 720.0 740.0 180.0 660.0 680.0 160.0 660.0 620.0 660.0 640.0 700.0 620.0 680.0 600.0 660.0 700.0 660.0 680.0 660.0 660.0 680.0 680.0 140.0 200.0 700.0 720.0 700.0 660.0 200.0 700.0 700.0 160.0 640.0 580.0 720.0 180.0 700.0 740.0 700.0 640.0 660.0 180.0 700.0 740.0 0.0
OUTSOURCING_COST
224 495 810 35 420 504 837 336 264 260 304 504 603 287 136 612 342 664 400 120 432 510 600 10 970 371 738 63 260 530 632 540 32 408 119 275 63 160 60 320 608 55 648 40 272 621 609 558 850 330 670 574 920 150 612 666 540 304 620 388 684 570 616 792 102 810 342 780 504 225 711 261 162 156 480 296 243 332 315 800
OUTSOURCING_TARIFF
3
0.000000000 4284.000000000 0.500000000 0.000000000
4284.000000000 8568.000000000 0.425000000 321.300000000
8568.000000000 34467.000000000 0.350000000 963.900000000
