80 3
80 288 518 9 9
36 340 566 8 6
20 423 623 1 3
59 329 505 2 7
97 258 462 1 8
29 295 535 2 1
69 375 585 2 4
1 365 525 8 5
1 366 566 2 5
74 362 544 8 5
46 366 534 6 5
65 364 580 2 8
88 403 573 1 6
78 366 604 10 9
16 331 543 1 5
33 260 452 5 3
62 240 458 6 10
41 262 470 2 6
35 380 614 10 1
27 405 631 8 2
97 360 546 8 7
24 327 555 2 10
60 300 500 5 10
10 388 606 3 2
68 314 512 9 9
80 353 535 7 4
79 243 475 10 6
98 333 551 8 10
45 384 620 3 9
44 348 546 7 4
41 291 503 3 6
78 294 520 2 2
7 399 625 4 5
28 403 581 1 5
96 424 614 9 3
2 346 558 6 6
65 337 577 4 3
12 233 439 2 7
92 233 459 8 9
40 248 442 10 2
65 247 471 4 5
44 301 517 7 6
19 327 521 1 2
100 229 417 3 5
36 272 504 5 9
50 221 429 2 1
46 277 475 4 4
76 249 427 4 9
84 406 606 7 8
8 244 460 3 10
69 288 456 6 4
86 351 541 9 5
3 391 551 1 9
15 267 487 10 9
86 295 473 1 6
92 273 477 6 5
30 360 568 3 6
90 289 517 3 10
31 414 616 4 8
52 278 478 10 7
71 266 448 7 3
65 388 588 5 5
87 243 453 2 8
73 320 498 8 7
95 281 447 10 8
59 351 583 2 5
61 382 560 2 9
31 351 557 10 4
6 252 458 10 2
31 395 603 2 4
43 426 602 5 9
90 238 446 8 3
39 405 611 10 3
100 378 600 7 4
67 405 621 8 7
55 208 424 10 8
47 373 589 7 9
68 236 450 5 10
10 310 510 1 9
8 290 478 7 2
SETUP
0 7 7 5 4 4 5 5 9 5 5 4 5 6 9 6 4 9 5 6 2 5 8 6 5 5 8 2 4 7 7 4 9 6 4 7 5 4 5 4 9 5 4 8 6 7 7 5 9 6 4 6 6 7 8 5 8 7 7 4 8 7 5 6 1 8 7 6 7 6 7 6 9 7 7 4 4 6 5 7 2
0 0 7 28 31 29 30 9 33 32 32 33 5 33 34 32 6 32 27 5 32 36 34 6 30 32 30 33 33 32 32 32 31 30 32 27 32 32 33 29 32 30 31 32 31 10 7 33 29 35 6 30 29 5 32 35 32 33 30 30 7 31 30 33 33 34 5 9 33 8 34 30 34 34 32 32 30 7 31 33 29
0 10 0 31 29 31 30 5 34 29 29 29 5 31 32 31 6 29 32 7 27 31 33 5 29 30 33 33 28 31 27 31 34 31 32 32 26 31 29 31 32 29 32 28 30 9 6 30 32 28 5 31 32 7 32 29 33 30 31 28 6 29 30 30 33 30 4 7 32 7 32 31 36 32 32 32 29 6 30 28 31
0 32 28 0 4 30 27 32 31 5 29 30 27 32 31 31 30 32 7 26 30 9 10 27 29 7 32 7 32 7 30 30 32 31 5 29 29 30 32 31 30 29 32 29 33 32 28 30 30 7 28 27 26 29 29 32 29 32 31 30 29 4 32 32 31 7 27 30 30 32 8 28 31 7 30 6 27 28 29 31 31
0 34 29 7 0 28 32 33 32 6 32 32 30 33 34 33 32 33 4 32 31 11 11 33 30 9 32 8 32 7 31 32 35 29 7 31 29 33 32 27 32 30 33 32 34 34 34 27 32 8 32 31 32 31 31 33 34 32 31 30 32 7 29 33 33 7 33 33 35 34 9 33 37 10 36 6 33 29 32 32 31
0 33 32 29 32 0 5 32 6 30 29 31 28 31 34 6 30 31 26 30 30 34 33 31 28 31 6 31 31 30 6 30 32 27 29 32 29 6 32 28 29 4 7 8 32 32 31 7 33 34 29 30 30 28 29 34 8 30 29 28 30 30 27 30 6 33 31 33 9 31 31 30 35 32 34 31 31 27 30 7 4
0 33 31 30 29 4 0 30 7 30 27 30 29 31 32 4 28 32 29 32 28 32 34 32 28 31 9 29 29 29 3 28 32 31 27 29 31 4 30 29 30 4 6 3 31 31 29 6 31 29 29 25 32 30 29 30 8 32 30 28 31 30 30 31 4 32 31 32 8 31 33 26 31 33 33 29 31 29 31 7 7
0 9 9 30 32 30 31 0 33 31 33 29 4 31 33 34 7 33 31 7 30 33 32 8 27 29 33 30 32 31 30 29 33 31 29 32 32 30 31 30 31 28 34 34 30 8 7 32 33 34 6 32 31 7 31 27 32 32 30 30 8 29 31 32 30 31 7 8 30 9 33 32 35 31 35 30 32 4 31 34 30
0 32 31 31 28 4 7 29 0 30 29 28 29 30 33 6 28 31 29 31 26 29 32 30 29 29 8 26 28 31 6 28 33 30 28 31 31 5 30 30 32 4 4 8 29 31 31 5 33 30 29 30 32 31 31 29 7 31 31 28 32 31 29 29 1 32 32 30 7 29 31 32 35 28 30 29 28 30 29 7 6
0 32 31 8 7 33 34 32 32 0 33 32 30 33 29 34 32 35 8 32 30 10 12 30 30 9 32 6 32 7 30 32 35 29 8 32 32 34 33 34 34 30 29 34 29 34 31 31 30 10 31 33 33 33 33 33 31 30 32 32 29 8 33 33 30 5 30 28 33 34 10 32 37 6 33 7 30 31 33 33 33
0 31 30 29 30 29 31 29 33 31 0 6 28 6 32 26 29 33 30 30 5 33 34 29 6 31 31 30 5 27 29 30 9 6 30 7 31 31 28 31 31 27 29 33 30 34 27 31 5 34 27 4 6 31 7 7 32 32 30 29 30 29 6 31 29 30 29 33 32 33 34 6 35 33 32 31 29 30 31 32 32
0 30 33 30 29 31 29 26 31 31 6 0 29 7 35 32 32 32 32 32 4 34 33 33 4 26 31 31 5 32 28 30 10 4 29 8 29 30 31 31 29 29 32 32 31 32 32 31 9 34 30 4 7 30 4 4 32 30 31 27 31 30 3 29 30 32 32 33 31 31 31 6 32 33 35 31 33 26 31 30 31
0 10 7 28 32 31 29 8 32 32 32 32 0 31 34 33 7 30 32 5 31 32 35 7 32 32 32 31 32 33 30 30 32 32 29 29 32 30 32 31 29 30 33 32 31 9 7 31 34 34 6 30 29 4 28 34 32 32 35 32 5 26 32 32 30 33 6 9 30 7 31 30 32 30 33 31 31 2 28 34 34
0 31 30 31 31 31 32 31 28 30 7 5 28 0 32 33 31 28 32 31 5 32 33 29 4 30 34 29 7 27 31 30 10 8 30 8 31 31 32 31 32 28 31 32 29 34 31 31 5 33 30 8 8 31 7 4 32 32 30 31 30 29 7 32 29 30 29 33 33 33 34 7 35 32 32 31 29 30 31 33 30
0 28 29 28 30 31 30 30 28 28 28 29 26 29 0 30 31 7 29 27 28 32 32 31 26 29 28 29 30 29 28 4 33 25 30 30 5 31 7 6 5 26 29 32 6 30 30 31 26 32 30 30 29 29 29 32 30 8 4 6 30 28 31 4 29 25 30 30 32 31 30 28 8 31 9 27 6 27 4 30 32
0 34 30 31 29 3 8 28 8 32 31 30 30 32 36 0 27 33 28 32 28 32 34 29 29 31 5 28 30 33 5 30 33 29 30 33 30 7 32 30 32 5 6 8 31 33 30 6 32 32 26 27 32 31 31 30 9 31 31 27 30 32 28 30 3 33 33 32 8 32 33 32 37 32 33 32 30 29 29 6 6
0 9 8 29 32 25 30 7 31 30 29 29 4 31 34 31 0 31 26 6 31 32 32 7 28 30 31 31 29 31 30 30 32 28 30 31 29 30 29 28 30 28 31 32 32 7 7 28 33 34 5 30 30 4 29 33 32 29 29 25 6 30 27 28 31 33 7 7 33 7 31 30 35 33 34 30 31 3 30 29 29
0 32 27 30 30 29 31 31 29 28 31 31 28 31 5 32 29 0 30 29 29 32 34 26 28 30 31 30 30 31 29 7 34 30 30 32 3 32 6 7 7 28 32 29 2 33 27 28 29 31 27 29 30 30 31 31 28 4 6 4 28 29 31 7 29 30 26 29 29 33 33 29 9 30 4 30 2 29 6 30 32
0 32 31 4 7 27 30 32 31 6 31 31 29 31 33 32 30 30 0 29 30 10 7 30 28 6 30 7 32 5 30 32 34 27 7 31 30 31 32 27 29 28 31 32 31 32 31 33 33 10 29 30 29 27 31 34 32 31 28 30 29 6 29 33 31 8 30 32 33 31 9 30 34 7 33 7 30 29 29 31 27
0 10 8 29 32 31 30 9 31 30 31 33 1 32 34 32 6 31 32 0 31 32 34 7 32 31 33 31 32 32 31 30 31 33 29 27 33 31 32 31 30 31 33 32 32 9 8 32 34 33 6 30 30 4 29 32 28 32 35 31 5 27 32 33 31 32 7 5 31 7 31 30 30 30 32 31 31 3 28 32 33
0 32 31 30 26 29 32 29 32 31 3 3 30 5 33 29 29 33 30 30 0 34 31 31 5 28 31 32 2 30 30 30 7 4 32 8 30 32 29 29 32 28 31 34 32 33 30 28 7 34 27 5 7 31 7 7 33 32 30 29 32 31 4 32 32 33 32 34 34 29 30 7 35 30 35 32 32 29 28 32 32
0 34 32 8 10 34 30 35 32 8 32 35 30 33 35 34 33 36 7 32 32 0 12 32 30 6 36 9 34 9 32 33 36 33 8 33 33 34 35 33 34 30 35 32 29 36 32 31 32 10 32 31 30 33 33 35 31 31 32 32 33 7 32 34 32 11 31 32 34 36 11 31 36 8 34 10 30 31 33 35 34
0 33 29 1 5 29 28 30 32 6 30 31 27 31 32 32 29 28 6 27 28 9 0 28 29 6 30 7 30 8 28 31 33 30 6 29 29 31 32 29 27 28 31 30 29 32 29 31 31 7 29 28 27 25 30 32 30 30 32 30 27 4 29 29 31 6 28 31 31 29 9 28 32 3 31 7 28 29 30 32 32
0 6 1 30 29 28 31 5 33 29 30 30 3 30 32 30 3 30 29 5 28 32 33 0 27 31 30 31 29 31 27 32 33 30 31 32 26 32 29 30 31 27 30 29 31 9 2 30 28 29 1 27 31 6 30 30 30 29 29 27 2 29 29 30 32 30 5 7 32 7 33 31 34 32 32 29 30 4 30 29 31
0 33 31 28 29 30 29 29 31 31 6 6 26 4 33 32 32 31 31 29 3 32 31 30 0 31 31 31 5 29 27 29 9 7 29 5 30 30 32 30 29 25 31 32 31 33 31 31 7 33 30 5 4 28 4 7 29 32 27 31 30 27 6 32 30 32 29 30 31 31 31 5 32 30 32 30 30 26 28 31 33
0 29 33 5 7 30 29 32 30 6 30 30 28 31 34 32 32 32 7 31 30 9 10 32 28 0 30 6 30 7 29 29 34 27 4 32 29 30 31 30 29 28 31 31 32 32 31 30 33 9 30 27 31 29 28 33 32 30 30 26 31 5 26 29 30 10 32 32 34 30 6 29 35 9 35 6 32 26 31 30 31
0 35 33 31 29 7 8 31 6 30 30 30 28 32 35 7 31 33 32 30 27 32 33 32 29 31 0 31 29 32 6 32 32 28 32 29 29 9 32 31 32 4 1 10 27 32 32 4 33 34 30 32 31 31 31 33 5 29 31 31 32 29 30 30 6 35 32 30 9 31 32 32 35 31 34 33 30 29 30 7 8
0 33 30 7 3 29 30 31 32 5 32 31 30 30 33 33 29 33 6 33 29 4 10 29 29 4 32 0 31 8 32 28 32 29 3 33 31 29 30 29 32 29 32 31 30 31 30 29 32 5 29 30 33 32 31 30 32 31 32 30 31 7 30 31 28 9 31 29 30 32 8 30 34 7 30 4 27 29 32 33 32
0 31 30 29 29 28 30 27 32 32 2 1 29 5 33 27 27 32 29 28 4 34 32 29 5 26 30 31 0 28 28 31 8 4 30 6 30 31 29 30 30 26 29 33 31 33 28 31 6 33 26 3 5 31 5 5 32 31 28 27 30 30 4 30 30 31 30 32 32 32 32 6 33 32 33 32 30 27 29 31 31
0 33 32 5 6 30 30 31 33 6 29 31 26 31 30 31 31 32 6 30 29 8 9 32 31 7 33 5 31 0 29 28 32 31 3 30 32 29 31 29 30 31 33 33 32 32 30 32 31 9 31 31 31 29 29 32 32 31 33 31 28 3 32 31 29 4 31 33 31 32 7 31 33 7 34 5 31 28 29 33 33
0 33 31 30 27 5 7 27 8 31 28 28 29 30 33 5 29 33 30 30 25 34 31 31 28 29 7 32 27 30 0 30 32 29 31 33 30 5 29 29 32 4 7 6 32 33 30 4 32 34 28 29 32 31 31 30 7 32 30 29 32 30 28 32 7 33 32 33 5 29 30 32 35 30 35 30 32 29 28 8 7
0 32 33 31 29 30 32 31 33 30 31 30 29 32 10 32 29 10 31 32 28 30 34 32 29 28 33 28 29 32 31 0 30 30 30 33 7 31 8 7 7 29 34 34 8 28 32 31 35 32 30 29 32 32 31 31 32 5 7 5 33 31 29 7 27 34 32 32 33 31 33 32 12 33 9 32 5 29 7 32 31
0 32 28 32 31 29 30 30 33 28 5 4 31 8 32 30 30 32 30 30 6 33 35 29 6 29 32 29 4 31 30 32 0 7 32 8 29 33 32 29 32 29 31 31 31 36 30 32 8 31 28 6 4 32 7 6 31 32 31 30 30 32 7 32 33 32 29 30 29 34 31 6 33 32 31 33 26 30 31 31 27
0 33 31 28 30 31 30 29 28 28 4 4 26 4 32 30 31 32 32 29 4 32 32 30 1 29 28 29 5 29 28 30 9 0 29 6 30 31 31 30 29 26 29 32 30 29 30 31 7 33 30 6 5 29 4 8 30 32 28 30 30 27 6 32 29 32 30 30 31 31 31 5 33 31 33 31 30 27 29 32 34
0 32 29 6 4 27 28 30 31 3 29 29 30 28 31 31 28 31 3 31 26 6 8 31 29 4 32 2 28 6 30 26 30 29 0 31 30 26 28 26 32 29 31 30 32 29 28 29 29 7 29 28 32 30 31 29 33 30 31 29 32 7 29 29 26 7 32 30 32 30 7 28 32 7 32 2 29 29 29 32 30
0 34 32 32 31 28 31 31 34 30 8 7 32 8 34 34 28 34 29 33 5 35 35 33 7 30 34 32 7 34 29 33 4 6 33 0 32 29 31 31 29 31 34 33 34 33 34 31 9 34 32 7 7 32 8 10 34 32 32 28 33 33 6 31 34 34 32 33 32 30 34 7 35 32 30 29 29 30 29 32 30
0 33 31 31 28 30 30 29 33 28 29 29 30 31 8 30 30 5 31 31 27 33 33 30 30 29 32 33 28 31 27 6 33 30 31 33 0 31 4 6 8 29 32 32 6 33 30 30 32 30 28 30 32 31 32 31 32 6 6 3 32 32 30 5 32 33 30 31 31 30 32 30 11 32 9 32 6 30 6 27 33
0 32 32 30 29 6 2 31 7 26 29 30 30 32 30 6 29 31 28 32 29 31 35 31 29 30 7 28 31 31 5 29 32 30 29 30 33 0 26 29 31 5 5 5 31 30 31 6 30 31 30 27 32 30 30 32 8 31 31 30 30 32 32 27 6 30 31 29 7 33 32 27 30 31 33 25 27 30 29 8 6
0 33 33 33 29 31 33 29 34 32 34 28 32 35 12 35 34 10 32 33 31 36 36 32 32 29 34 34 33 35 31 9 30 31 32 33 8 34 0 7 8 32 35 35 10 33 33 31 32 36 33 31 34 33 32 32 36 9 10 6 33 31 30 6 33 36 34 35 34 34 34 33 11 35 7 32 7 30 8 34 32
0 33 32 29 30 25 30 31 31 28 29 31 29 31 8 31 30 7 26 30 29 35 33 32 28 32 31 31 31 31 29 6 32 28 30 29 5 31 8 0 6 28 31 32 8 32 31 32 33 34 30 30 30 29 29 33 32 7 5 4 30 30 27 7 31 32 31 31 33 32 31 30 11 33 10 31 7 27 6 31 29
0 35 33 30 30 26 31 30 31 29 31 31 30 32 9 32 31 8 27 31 28 32 33 32 29 31 32 32 30 32 28 7 34 29 31 30 6 32 8 2 0 29 32 34 9 33 32 31 34 29 31 32 32 30 30 30 32 7 6 5 31 31 29 7 31 33 32 32 33 32 32 32 6 32 11 32 8 28 7 32 30
0 33 31 27 29 6 5 29 7 32 30 30 29 28 33 7 31 31 31 29 27 35 33 30 30 31 10 32 29 30 3 31 34 31 31 31 31 8 32 30 29 0 8 8 31 35 31 6 31 33 30 30 29 32 31 31 7 33 32 31 31 31 30 34 7 33 29 33 7 31 32 29 34 33 32 32 30 31 30 7 9
0 34 32 32 28 6 9 31 5 29 29 29 30 31 34 7 31 32 32 29 26 32 33 31 31 30 9 30 28 31 6 32 32 30 32 28 28 8 31 30 33 5 0 10 26 32 31 4 33 34 29 31 30 33 32 33 4 29 31 30 32 31 29 29 5 34 31 29 8 30 32 33 35 30 33 32 29 31 30 6 7
0 34 31 28 30 5 6 30 8 28 31 31 26 29 32 8 32 32 30 29 28 33 32 31 26 31 7 31 30 29 4 30 34 31 29 30 30 4 30 31 29 1 7 0 31 33 32 7 32 34 31 30 29 29 29 32 5 33 28 32 30 28 31 31 6 32 30 31 7 31 31 29 33 31 33 29 30 27 29 7 5
0 34 31 32 31 31 33 32 28 28 32 31 29 32 8 33 31 10 32 28 29 31 33 30 31 32 33 29 31 31 32 7 34 33 31 31 7 32 7 6 8 29 31 34 0 34 31 27 32 32 31 31 29 32 32 32 27 3 9 6 32 30 32 7 29 33 29 29 33 33 34 33 9 29 8 32 6 30 7 31 31
0 10 7 33 30 31 31 6 34 29 31 31 8 33 33 30 6 35 32 9 29 33 35 8 32 32 33 33 30 33 29 33 28 32 33 33 32 33 33 32 33 32 31 32 32 0 9 32 33 34 5 26 32 8 32 33 29 32 33 31 8 34 32 33 32 33 8 6 30 8 34 32 33 33 32 32 26 8 32 34 30
0 5 5 32 32 31 34 9 35 32 33 33 5 34 36 34 6 32 30 4 31 34 37 4 31 34 33 31 32 34 31 33 32 33 33 31 30 34 33 32 33 31 34 32 32 12 0 34 27 33 5 31 33 7 33 33 32 33 33 31 6 30 33 33 34 33 8 9 34 10 32 34 34 34 36 31 32 7 32 32 30
0 32 33 33 32 9 11 33 8 34 33 33 32 35 35 10 33 37 34 32 30 36 36 34 32 34 12 33 32 34 7 35 37 34 36 34 34 11 35 34 36 7 9 10 35 37 35 0 30 36 33 29 34 35 35 36 8 32 34 33 32 32 33 36 8 32 35 33 11 34 35 36 37 36 37 34 35 33 33 11 11
0 27 28 30 32 32 32 32 33 30 8 8 27 8 33 34 32 32 29 27 6 33 36 32 7 32 32 31 7 33 30 32 8 7 31 5 29 33 32 31 32 32 32 31 33 35 33 33 0 32 32 8 7 30 6 8 30 33 32 31 31 28 8 33 32 34 32 31 32 33 30 8 32 32 34 29 31 29 30 31 32
0 31 31 4 5 29 30 28 32 4 31 26 26 29 31 32 32 32 5 29 28 4 6 31 26 3 31 7 30 5 28 30 34 29 5 30 30 31 31 28 29 26 32 32 31 33 30 31 30 0 31 30 29 29 29 26 30 27 28 29 30 3 29 31 31 5 30 31 31 31 7 29 33 5 33 7 30 27 29 30 28
0 9 5 31 28 27 32 7 32 31 31 31 6 33 36 29 2 32 28 7 29 33 34 4 30 32 29 33 30 32 29 32 34 29 31 33 30 31 31 30 31 30 30 32 31 8 5 30 31 32 0 27 32 6 31 33 33 30 31 27 5 31 29 29 32 33 8 8 33 8 33 32 37 34 36 32 31 4 32 30 30
0 35 30 33 29 32 33 29 34 32 6 6 31 7 35 32 31 35 32 32 3 36 33 33 6 31 34 33 5 32 27 33 10 7 33 9 31 32 32 31 34 30 30 31 31 36 32 30 8 34 30 0 10 34 9 7 33 33 32 32 35 32 6 34 34 35 34 34 32 31 32 10 37 32 36 31 34 32 30 33 32
0 31 27 29 30 29 31 31 30 28 7 7 28 6 30 31 28 32 30 31 5 33 34 26 3 32 31 30 6 31 29 29 9 6 28 7 28 29 31 30 29 28 32 30 32 32 27 32 5 30 27 4 0 29 3 7 32 31 30 29 28 28 7 31 29 30 26 29 29 32 33 7 33 32 29 30 26 29 31 30 32
0 9 4 26 29 29 28 5 32 30 30 30 3 32 31 31 6 28 30 2 28 33 34 4 29 31 32 32 29 32 27 31 32 30 30 29 29 30 32 28 27 29 33 30 29 8 4 30 31 32 4 28 27 0 29 32 30 29 32 30 2 29 29 33 31 30 3 6 31 5 33 28 32 32 30 31 28 4 30 31 31
0 32 30 27 29 27 28 31 32 28 6 5 28 4 32 31 29 29 28 28 3 31 33 29 6 29 33 27 5 31 29 26 7 5 26 6 31 27 29 27 26 30 32 31 30 29 28 30 6 30 30 4 4 26 0 6 31 30 31 29 28 30 5 29 27 31 29 31 32 30 32 4 32 32 32 27 29 29 30 33 30
0 31 31 28 29 29 29 27 31 31 6 2 26 4 31 32 32 31 30 29 3 32 29 30 1 27 31 31 5 29 27 29 9 5 29 5 30 30 32 29 29 25 31 32 31 33 31 31 7 33 30 5 4 29 4 0 29 32 27 28 30 27 4 31 30 28 29 30 31 31 31 5 32 29 32 31 30 26 28 31 27
0 33 29 31 31 7 9 32 7 26 31 31 30 32 31 9 31 33 32 32 30 28 30 29 30 31 9 32 30 29 5 31 36 31 30 33 30 7 31 32 31 5 6 8 29 33 30 6 31 30 29 31 29 31 30 31 0 28 32 31 30 30 33 30 7 31 28 26 7 34 33 32 35 29 31 32 29 31 32 6 7
0 32 32 32 32 28 33 32 33 26 32 32 31 34 6 34 33 8 29 32 30 35 34 31 31 33 33 32 31 32 30 9 34 30 32 32 4 33 5 6 8 31 29 35 6 34 28 32 30 34 32 33 33 31 32 34 32 0 8 4 30 33 30 7 31 30 31 29 32 34 34 32 13 31 9 32 7 30 6 28 28
0 32 31 29 28 30 32 32 33 31 30 31 27 30 7 32 30 7 31 31 28 34 29 32 28 31 33 31 30 26 30 5 34 30 29 31 8 30 8 5 7 28 31 31 8 33 32 30 32 34 31 31 31 29 31 33 31 7 0 6 29 29 31 8 30 29 32 32 33 32 33 27 10 29 10 30 5 29 2 32 33
0 33 33 29 32 31 31 31 35 29 29 29 31 32 9 31 31 6 32 31 32 36 35 32 33 30 32 32 28 31 31 7 34 32 31 31 8 30 5 8 7 29 31 34 7 31 31 33 33 35 29 31 31 29 30 33 34 4 7 0 30 32 32 3 32 34 31 31 32 33 32 30 11 33 10 30 7 31 8 28 32
0 9 8 32 28 30 32 4 33 29 29 29 6 31 31 31 6 34 29 7 26 32 32 8 29 30 32 30 28 31 26 32 33 30 32 34 31 31 30 30 33 29 32 31 32 10 7 29 32 34 4 31 33 7 32 31 29 28 31 31 0 31 29 32 33 29 8 6 31 6 31 33 36 32 35 31 32 6 29 31 31
0 35 33 6 7 31 30 33 36 7 32 32 32 33 36 33 31 33 7 32 29 6 9 32 32 8 31 7 31 7 32 30 31 33 5 28 34 31 32 31 30 32 32 32 33 33 32 31 34 10 32 30 32 30 29 34 31 34 34 31 32 0 32 33 30 10 32 32 29 31 7 30 36 10 33 7 32 27 32 34 33
0 34 32 29 30 30 30 30 29 28 4 4 27 5 33 30 30 31 31 30 4 33 32 31 2 29 29 30 5 30 29 31 9 1 30 7 27 31 30 31 30 26 29 33 30 30 31 32 8 32 29 6 6 29 5 8 30 29 29 29 31 28 0 32 29 33 31 31 32 32 32 6 33 32 34 32 31 27 29 29 29
0 35 31 29 32 30 31 33 33 31 31 32 31 32 9 33 31 5 31 31 30 33 33 30 32 32 29 30 32 31 32 5 32 32 29 29 7 30 7 6 4 32 30 33 6 28 31 32 33 32 31 29 31 29 28 33 32 8 5 7 31 33 32 0 29 34 30 33 33 32 30 30 10 33 9 30 5 32 6 34 33
0 32 31 31 27 3 6 29 8 29 28 28 29 30 34 5 27 33 29 30 26 29 32 30 29 28 8 26 27 30 6 28 32 29 28 33 30 5 30 29 32 4 7 7 30 31 30 4 32 30 28 30 32 31 31 28 8 31 30 27 31 30 29 30 0 32 32 30 6 29 30 31 34 31 31 29 27 29 29 7 6
0 30 29 6 8 33 32 32 31 6 31 31 29 31 27 32 33 31 7 30 31 10 10 32 28 7 31 7 32 8 30 29 33 28 8 32 29 33 31 33 32 28 31 32 32 32 33 33 28 8 33 32 31 32 31 32 32 33 31 30 33 6 33 29 31 0 32 32 34 34 9 30 35 9 35 5 32 29 31 30 34
0 6 2 29 29 28 30 6 32 27 30 30 3 30 29 31 3 31 29 6 28 32 33 1 27 31 30 32 29 31 28 30 33 29 31 31 27 32 30 31 31 27 31 29 32 8 2 31 28 30 2 28 30 5 30 30 31 30 29 28 3 29 30 30 31 29 0 6 29 7 32 30 32 32 28 30 25 4 30 29 31
0 8 4 31 31 30 32 7 31 25 32 32 5 31 30 33 6 33 31 7 29 34 35 3 29 30 32 31 31 32 29 31 36 30 31 32 29 32 31 32 32 28 29 32 28 10 4 29 30 32 4 30 32 7 32 32 30 27 31 30 5 31 32 33 30 30 3 0 31 8 32 32 35 28 30 32 27 6 32 30 30
0 34 32 30 32 7 8 31 10 29 30 29 29 32 33 7 31 35 32 32 31 31 32 31 29 30 9 34 29 31 7 33 36 32 32 33 32 10 32 34 32 4 6 8 31 35 32 8 33 32 29 31 31 32 32 33 3 30 31 31 32 31 32 32 9 32 30 28 0 34 34 33 36 31 33 34 31 30 32 8 9
0 8 8 29 31 32 31 7 33 32 32 32 6 33 30 33 9 35 30 6 29 36 35 7 30 32 33 33 31 34 29 32 35 30 31 32 33 33 30 32 32 30 34 33 35 10 8 32 30 36 7 31 30 8 31 33 33 34 33 33 8 32 32 34 32 30 7 10 33 0 33 32 35 31 34 31 31 4 32 35 32
0 33 34 8 7 32 34 28 32 8 32 30 30 32 35 33 33 35 9 32 29 7 9 34 29 7 27 8 31 9 32 32 34 30 7 31 31 33 33 32 33 29 28 33 29 34 34 30 31 4 32 30 32 32 33 29 31 31 32 30 34 7 32 32 32 8 33 32 33 31 0 33 36 8 36 8 32 31 32 33 32
0 34 31 32 30 28 30 31 33 29 5 6 31 6 33 31 28 33 29 33 4 32 35 33 6 30 33 29 6 32 29 28 8 6 27 8 32 28 30 28 32 31 33 31 33 31 29 31 7 31 31 6 9 31 7 7 35 31 32 28 32 33 6 30 28 33 34 32 33 32 33 0 33 33 34 29 30 30 32 31 31
0 29 32 30 28 28 28 30 26 30 29 28 29 28 10 30 28 7 29 31 26 29 32 31 28 25 31 26 28 30 30 4 33 28 29 32 5 30 6 6 5 28 29 30 5 32 31 29 32 30 29 28 31 30 28 29 32 6 6 2 29 30 27 5 26 33 32 30 32 30 31 28 0 29 7 29 4 26 5 30 31
0 32 31 4 5 30 30 30 32 5 31 31 30 29 32 32 31 32 7 29 28 9 10 30 30 4 33 5 30 6 28 29 33 30 4 32 31 29 31 30 29 26 32 30 31 32 31 31 32 9 29 30 29 32 31 32 31 28 33 29 32 7 29 32 29 8 30 32 32 32 9 29 33 0 33 5 30 29 31 31 31
0 34 33 30 32 31 29 32 31 31 32 31 32 32 10 33 32 8 31 31 30 33 35 32 32 32 32 30 32 33 32 5 34 32 29 31 8 30 5 6 5 32 29 32 6 31 31 31 33 33 33 29 31 29 28 33 32 8 10 8 31 28 31 8 30 34 32 34 32 30 30 29 10 32 0 30 8 26 8 33 33
0 32 32 6 5 30 30 33 33 1 32 33 31 32 29 34 32 32 3 31 31 6 10 31 30 6 33 3 33 7 31 30 35 30 5 32 32 31 32 29 32 30 29 32 30 33 32 32 30 7 31 30 31 30 32 32 32 31 30 32 30 8 32 33 31 5 31 28 32 34 10 31 33 7 32 0 29 30 29 33 30
0 34 32 32 31 29 30 34 33 27 32 32 32 34 7 32 29 9 30 33 30 34 35 31 32 32 32 33 32 33 32 8 36 32 32 33 6 33 9 8 9 32 31 32 7 35 32 32 32 33 28 29 33 31 33 33 30 7 9 5 31 34 32 8 32 32 32 30 28 33 35 30 8 32 6 33 0 31 6 32 33
0 9 8 29 31 29 28 8 34 30 30 31 6 31 34 32 7 31 30 6 29 32 34 7 31 31 31 29 31 32 30 28 33 31 28 32 32 29 30 29 28 31 32 30 32 7 6 29 32 32 7 28 30 4 27 32 33 32 33 31 5 32 30 31 29 33 6 8 34 5 29 28 34 34 34 29 31 0 32 34 32
0 31 30 30 32 29 32 32 32 31 33 33 32 28 10 34 33 7 30 31 30 33 35 32 32 30 34 31 32 30 30 7 36 31 30 32 6 32 9 4 7 28 35 31 8 34 33 31 32 33 32 30 31 32 32 32 29 6 8 7 33 33 31 10 31 33 32 31 34 32 35 32 11 27 11 32 8 30 0 33 32
0 33 33 29 30 7 7 30 10 29 29 29 31 32 34 7 31 31 32 31 32 35 36 32 32 30 8 32 29 32 7 31 31 32 31 31 32 5 26 32 31 5 6 9 32 31 31 7 32 35 29 31 31 29 31 33 7 29 32 25 30 32 31 28 7 34 32 31 5 33 32 29 35 33 32 30 31 31 31 0 7
0 30 34 31 31 3 8 32 8 30 31 32 29 33 34 8 32 32 28 29 30 35 35 33 30 32 8 33 31 32 5 32 34 29 32 31 28 9 31 27 32 6 9 10 33 34 31 9 33 33 31 32 32 30 31 34 7 32 31 29 32 30 29 32 8 34 33 32 10 33 33 32 34 34 36 33 33 29 32 6 0
SETUP_COST
0.0 140.0 140.0 100.0 80.0 80.0 100.0 100.0 180.0 100.0 100.0 80.0 100.0 120.0 180.0 120.0 80.0 180.0 100.0 120.0 40.0 100.0 160.0 120.0 100.0 100.0 160.0 40.0 80.0 140.0 140.0 80.0 180.0 120.0 80.0 140.0 100.0 80.0 100.0 80.0 180.0 100.0 80.0 160.0 120.0 140.0 140.0 100.0 180.0 120.0 80.0 120.0 120.0 140.0 160.0 100.0 160.0 140.0 140.0 80.0 160.0 140.0 100.0 120.0 20.0 160.0 140.0 120.0 140.0 120.0 140.0 120.0 180.0 140.0 140.0 80.0 80.0 120.0 100.0 140.0 40.0
0.0 0.0 140.0 560.0 620.0 580.0 600.0 180.0 660.0 640.0 640.0 660.0 100.0 660.0 680.0 640.0 120.0 640.0 540.0 100.0 640.0 720.0 680.0 120.0 600.0 640.0 600.0 660.0 660.0 640.0 640.0 640.0 620.0 600.0 640.0 540.0 640.0 640.0 660.0 580.0 640.0 600.0 620.0 640.0 620.0 200.0 140.0 660.0 580.0 700.0 120.0 600.0 580.0 100.0 640.0 700.0 640.0 660.0 600.0 600.0 140.0 620.0 600.0 660.0 660.0 680.0 100.0 180.0 660.0 160.0 680.0 600.0 680.0 680.0 640.0 640.0 600.0 140.0 620.0 660.0 580.0
0.0 200.0 0.0 620.0 580.0 620.0 600.0 100.0 680.0 580.0 580.0 580.0 100.0 620.0 640.0 620.0 120.0 580.0 640.0 140.0 540.0 620.0 660.0 100.0 580.0 600.0 660.0 660.0 560.0 620.0 540.0 620.0 680.0 620.0 640.0 640.0 520.0 620.0 580.0 620.0 640.0 580.0 640.0 560.0 600.0 180.0 120.0 600.0 640.0 560.0 100.0 620.0 640.0 140.0 640.0 580.0 660.0 600.0 620.0 560.0 120.0 580.0 600.0 600.0 660.0 600.0 80.0 140.0 640.0 140.0 640.0 620.0 720.0 640.0 640.0 640.0 580.0 120.0 600.0 560.0 620.0
0.0 640.0 560.0 0.0 80.0 600.0 540.0 640.0 620.0 100.0 580.0 600.0 540.0 640.0 620.0 620.0 600.0 640.0 140.0 520.0 600.0 180.0 200.0 540.0 580.0 140.0 640.0 140.0 640.0 140.0 600.0 600.0 640.0 620.0 100.0 580.0 580.0 600.0 640.0 620.0 600.0 580.0 640.0 580.0 660.0 640.0 560.0 600.0 600.0 140.0 560.0 540.0 520.0 580.0 580.0 640.0 580.0 640.0 620.0 600.0 580.0 80.0 640.0 640.0 620.0 140.0 540.0 600.0 600.0 640.0 160.0 560.0 620.0 140.0 600.0 120.0 540.0 560.0 580.0 620.0 620.0
0.0 680.0 580.0 140.0 0.0 560.0 640.0 660.0 640.0 120.0 640.0 640.0 600.0 660.0 680.0 660.0 640.0 660.0 80.0 640.0 620.0 220.0 220.0 660.0 600.0 180.0 640.0 160.0 640.0 140.0 620.0 640.0 700.0 580.0 140.0 620.0 580.0 660.0 640.0 540.0 640.0 600.0 660.0 640.0 680.0 680.0 680.0 540.0 640.0 160.0 640.0 620.0 640.0 620.0 620.0 660.0 680.0 640.0 620.0 600.0 640.0 140.0 580.0 660.0 660.0 140.0 660.0 660.0 700.0 680.0 180.0 660.0 740.0 200.0 720.0 120.0 660.0 580.0 640.0 640.0 620.0
0.0 660.0 640.0 580.0 640.0 0.0 100.0 640.0 120.0 600.0 580.0 620.0 560.0 620.0 680.0 120.0 600.0 620.0 520.0 600.0 600.0 680.0 660.0 620.0 560.0 620.0 120.0 620.0 620.0 600.0 120.0 600.0 640.0 540.0 580.0 640.0 580.0 120.0 640.0 560.0 580.0 80.0 140.0 160.0 640.0 640.0 620.0 140.0 660.0 680.0 580.0 600.0 600.0 560.0 580.0 680.0 160.0 600.0 580.0 560.0 600.0 600.0 540.0 600.0 120.0 660.0 620.0 660.0 180.0 620.0 620.0 600.0 700.0 640.0 680.0 620.0 620.0 540.0 600.0 140.0 80.0
0.0 660.0 620.0 600.0 580.0 80.0 0.0 600.0 140.0 600.0 540.0 600.0 580.0 620.0 640.0 80.0 560.0 640.0 580.0 640.0 560.0 640.0 680.0 640.0 560.0 620.0 180.0 580.0 580.0 580.0 60.0 560.0 640.0 620.0 540.0 580.0 620.0 80.0 600.0 580.0 600.0 80.0 120.0 60.0 620.0 620.0 580.0 120.0 620.0 580.0 580.0 500.0 640.0 600.0 580.0 600.0 160.0 640.0 600.0 560.0 620.0 600.0 600.0 620.0 80.0 640.0 620.0 640.0 160.0 620.0 660.0 520.0 620.0 660.0 660.0 580.0 620.0 580.0 620.0 140.0 140.0
0.0 180.0 180.0 600.0 640.0 600.0 620.0 0.0 660.0 620.0 660.0 580.0 80.0 620.0 660.0 680.0 140.0 660.0 620.0 140.0 600.0 660.0 640.0 160.0 540.0 580.0 660.0 600.0 640.0 620.0 600.0 580.0 660.0 620.0 580.0 640.0 640.0 600.0 620.0 600.0 620.0 560.0 680.0 680.0 600.0 160.0 140.0 640.0 660.0 680.0 120.0 640.0 620.0 140.0 620.0 540.0 640.0 640.0 600.0 600.0 160.0 580.0 620.0 640.0 600.0 620.0 140.0 160.0 600.0 180.0 660.0 640.0 700.0 620.0 700.0 600.0 640.0 80.0 620.0 680.0 600.0
0.0 640.0 620.0 620.0 560.0 80.0 140.0 580.0 0.0 600.0 580.0 560.0 580.0 600.0 660.0 120.0 560.0 620.0 580.0 620.0 520.0 580.0 640.0 600.0 580.0 580.0 160.0 520.0 560.0 620.0 120.0 560.0 660.0 600.0 560.0 620.0 620.0 100.0 600.0 600.0 640.0 80.0 80.0 160.0 580.0 620.0 620.0 100.0 660.0 600.0 580.0 600.0 640.0 620.0 620.0 580.0 140.0 620.0 620.0 560.0 640.0 620.0 580.0 580.0 20.0 640.0 640.0 600.0 140.0 580.0 620.0 640.0 700.0 560.0 600.0 580.0 560.0 600.0 580.0 140.0 120.0
0.0 640.0 620.0 160.0 140.0 660.0 680.0 640.0 640.0 0.0 660.0 640.0 600.0 660.0 580.0 680.0 640.0 700.0 160.0 640.0 600.0 200.0 240.0 600.0 600.0 180.0 640.0 120.0 640.0 140.0 600.0 640.0 700.0 580.0 160.0 640.0 640.0 680.0 660.0 680.0 680.0 600.0 580.0 680.0 580.0 680.0 620.0 620.0 600.0 200.0 620.0 660.0 660.0 660.0 660.0 660.0 620.0 600.0 640.0 640.0 580.0 160.0 660.0 660.0 600.0 100.0 600.0 560.0 660.0 680.0 200.0 640.0 740.0 120.0 660.0 140.0 600.0 620.0 660.0 660.0 660.0
0.0 620.0 600.0 580.0 600.0 580.0 620.0 580.0 660.0 620.0 0.0 120.0 560.0 120.0 640.0 520.0 580.0 660.0 600.0 600.0 100.0 660.0 680.0 580.0 120.0 620.0 620.0 600.0 100.0 540.0 580.0 600.0 180.0 120.0 600.0 140.0 620.0 620.0 560.0 620.0 620.0 540.0 580.0 660.0 600.0 680.0 540.0 620.0 100.0 680.0 540.0 80.0 120.0 620.0 140.0 140.0 640.0 640.0 600.0 580.0 600.0 580.0 120.0 620.0 580.0 600.0 580.0 660.0 640.0 660.0 680.0 120.0 700.0 660.0 640.0 620.0 580.0 600.0 620.0 640.0 640.0
0.0 600.0 660.0 600.0 580.0 620.0 580.0 520.0 620.0 620.0 120.0 0.0 580.0 140.0 700.0 640.0 640.0 640.0 640.0 640.0 80.0 680.0 660.0 660.0 80.0 520.0 620.0 620.0 100.0 640.0 560.0 600.0 200.0 80.0 580.0 160.0 580.0 600.0 620.0 620.0 580.0 580.0 640.0 640.0 620.0 640.0 640.0 620.0 180.0 680.0 600.0 80.0 140.0 600.0 80.0 80.0 640.0 600.0 620.0 540.0 620.0 600.0 60.0 580.0 600.0 640.0 640.0 660.0 620.0 620.0 620.0 120.0 640.0 660.0 700.0 620.0 660.0 520.0 620.0 600.0 620.0
0.0 200.0 140.0 560.0 640.0 620.0 580.0 160.0 640.0 640.0 640.0 640.0 0.0 620.0 680.0 660.0 140.0 600.0 640.0 100.0 620.0 640.0 700.0 140.0 640.0 640.0 640.0 620.0 640.0 660.0 600.0 600.0 640.0 640.0 580.0 580.0 640.0 600.0 640.0 620.0 580.0 600.0 660.0 640.0 620.0 180.0 140.0 620.0 680.0 680.0 120.0 600.0 580.0 80.0 560.0 680.0 640.0 640.0 700.0 640.0 100.0 520.0 640.0 640.0 600.0 660.0 120.0 180.0 600.0 140.0 620.0 600.0 640.0 600.0 660.0 620.0 620.0 40.0 560.0 680.0 680.0
0.0 620.0 600.0 620.0 620.0 620.0 640.0 620.0 560.0 600.0 140.0 100.0 560.0 0.0 640.0 660.0 620.0 560.0 640.0 620.0 100.0 640.0 660.0 580.0 80.0 600.0 680.0 580.0 140.0 540.0 620.0 600.0 200.0 160.0 600.0 160.0 620.0 620.0 640.0 620.0 640.0 560.0 620.0 640.0 580.0 680.0 620.0 620.0 100.0 660.0 600.0 160.0 160.0 620.0 140.0 80.0 640.0 640.0 600.0 620.0 600.0 580.0 140.0 640.0 580.0 600.0 580.0 660.0 660.0 660.0 680.0 140.0 700.0 640.0 640.0 620.0 580.0 600.0 620.0 660.0 600.0
0.0 560.0 580.0 560.0 600.0 620.0 600.0 600.0 560.0 560.0 560.0 580.0 520.0 580.0 0.0 600.0 620.0 140.0 580.0 540.0 560.0 640.0 640.0 620.0 520.0 580.0 560.0 580.0 600.0 580.0 560.0 80.0 660.0 500.0 600.0 600.0 100.0 620.0 140.0 120.0 100.0 520.0 580.0 640.0 120.0 600.0 600.0 620.0 520.0 640.0 600.0 600.0 580.0 580.0 580.0 640.0 600.0 160.0 80.0 120.0 600.0 560.0 620.0 80.0 580.0 500.0 600.0 600.0 640.0 620.0 600.0 560.0 160.0 620.0 180.0 540.0 120.0 540.0 80.0 600.0 640.0
0.0 680.0 600.0 620.0 580.0 60.0 160.0 560.0 160.0 640.0 620.0 600.0 600.0 640.0 720.0 0.0 540.0 660.0 560.0 640.0 560.0 640.0 680.0 580.0 580.0 620.0 100.0 560.0 600.0 660.0 100.0 600.0 660.0 580.0 600.0 660.0 600.0 140.0 640.0 600.0 640.0 100.0 120.0 160.0 620.0 660.0 600.0 120.0 640.0 640.0 520.0 540.0 640.0 620.0 620.0 600.0 180.0 620.0 620.0 540.0 600.0 640.0 560.0 600.0 60.0 660.0 660.0 640.0 160.0 640.0 660.0 640.0 740.0 640.0 660.0 640.0 600.0 580.0 580.0 120.0 120.0
0.0 180.0 160.0 580.0 640.0 500.0 600.0 140.0 620.0 600.0 580.0 580.0 80.0 620.0 680.0 620.0 0.0 620.0 520.0 120.0 620.0 640.0 640.0 140.0 560.0 600.0 620.0 620.0 580.0 620.0 600.0 600.0 640.0 560.0 600.0 620.0 580.0 600.0 580.0 560.0 600.0 560.0 620.0 640.0 640.0 140.0 140.0 560.0 660.0 680.0 100.0 600.0 600.0 80.0 580.0 660.0 640.0 580.0 580.0 500.0 120.0 600.0 540.0 560.0 620.0 660.0 140.0 140.0 660.0 140.0 620.0 600.0 700.0 660.0 680.0 600.0 620.0 60.0 600.0 580.0 580.0
0.0 640.0 540.0 600.0 600.0 580.0 620.0 620.0 580.0 560.0 620.0 620.0 560.0 620.0 100.0 640.0 580.0 0.0 600.0 580.0 580.0 640.0 680.0 520.0 560.0 600.0 620.0 600.0 600.0 620.0 580.0 140.0 680.0 600.0 600.0 640.0 60.0 640.0 120.0 140.0 140.0 560.0 640.0 580.0 40.0 660.0 540.0 560.0 580.0 620.0 540.0 580.0 600.0 600.0 620.0 620.0 560.0 80.0 120.0 80.0 560.0 580.0 620.0 140.0 580.0 600.0 520.0 580.0 580.0 660.0 660.0 580.0 180.0 600.0 80.0 600.0 40.0 580.0 120.0 600.0 640.0
0.0 640.0 620.0 80.0 140.0 540.0 600.0 640.0 620.0 120.0 620.0 620.0 580.0 620.0 660.0 640.0 600.0 600.0 0.0 580.0 600.0 200.0 140.0 600.0 560.0 120.0 600.0 140.0 640.0 100.0 600.0 640.0 680.0 540.0 140.0 620.0 600.0 620.0 640.0 540.0 580.0 560.0 620.0 640.0 620.0 640.0 620.0 660.0 660.0 200.0 580.0 600.0 580.0 540.0 620.0 680.0 640.0 620.0 560.0 600.0 580.0 120.0 580.0 660.0 620.0 160.0 600.0 640.0 660.0 620.0 180.0 600.0 680.0 140.0 660.0 140.0 600.0 580.0 580.0 620.0 540.0
0.0 200.0 160.0 580.0 640.0 620.0 600.0 180.0 620.0 600.0 620.0 660.0 20.0 640.0 680.0 640.0 120.0 620.0 640.0 0.0 620.0 640.0 680.0 140.0 640.0 620.0 660.0 620.0 640.0 640.0 620.0 600.0 620.0 660.0 580.0 540.0 660.0 620.0 640.0 620.0 600.0 620.0 660.0 640.0 640.0 180.0 160.0 640.0 680.0 660.0 120.0 600.0 600.0 80.0 580.0 640.0 560.0 640.0 700.0 620.0 100.0 540.0 640.0 660.0 620.0 640.0 140.0 100.0 620.0 140.0 620.0 600.0 600.0 600.0 640.0 620.0 620.0 60.0 560.0 640.0 660.0
0.0 640.0 620.0 600.0 520.0 580.0 640.0 580.0 640.0 620.0 60.0 60.0 600.0 100.0 660.0 580.0 580.0 660.0 600.0 600.0 0.0 680.0 620.0 620.0 100.0 560.0 620.0 640.0 40.0 600.0 600.0 600.0 140.0 80.0 640.0 160.0 600.0 640.0 580.0 580.0 640.0 560.0 620.0 680.0 640.0 660.0 600.0 560.0 140.0 680.0 540.0 100.0 140.0 620.0 140.0 140.0 660.0 640.0 600.0 580.0 640.0 620.0 80.0 640.0 640.0 660.0 640.0 680.0 680.0 580.0 600.0 140.0 700.0 600.0 700.0 640.0 640.0 580.0 560.0 640.0 640.0
0.0 680.0 640.0 160.0 200.0 680.0 600.0 700.0 640.0 160.0 640.0 700.0 600.0 660.0 700.0 680.0 660.0 720.0 140.0 640.0 640.0 0.0 240.0 640.0 600.0 120.0 720.0 180.0 680.0 180.0 640.0 660.0 720.0 660.0 160.0 660.0 660.0 680.0 700.0 660.0 680.0 600.0 700.0 640.0 580.0 720.0 640.0 620.0 640.0 200.0 640.0 620.0 600.0 660.0 660.0 700.0 620.0 620.0 640.0 640.0 660.0 140.0 640.0 680.0 640.0 220.0 620.0 640.0 680.0 720.0 220.0 620.0 720.0 160.0 680.0 200.0 600.0 620.0 660.0 700.0 680.0
0.0 660.0 580.0 20.0 100.0 580.0 560.0 600.0 640.0 120.0 600.0 620.0 540.0 620.0 640.0 640.0 580.0 560.0 120.0 540.0 560.0 180.0 0.0 560.0 580.0 120.0 600.0 140.0 600.0 160.0 560.0 620.0 660.0 600.0 120.0 580.0 580.0 620.0 640.0 580.0 540.0 560.0 620.0 600.0 580.0 640.0 580.0 620.0 620.0 140.0 580.0 560.0 540.0 500.0 600.0 640.0 600.0 600.0 640.0 600.0 540.0 80.0 580.0 580.0 620.0 120.0 560.0 620.0 620.0 580.0 180.0 560.0 640.0 60.0 620.0 140.0 560.0 580.0 600.0 640.0 640.0
0.0 120.0 20.0 600.0 580.0 560.0 620.0 100.0 660.0 580.0 600.0 600.0 60.0 600.0 640.0 600.0 60.0 600.0 580.0 100.0 560.0 640.0 660.0 0.0 540.0 620.0 600.0 620.0 580.0 620.0 540.0 640.0 660.0 600.0 620.0 640.0 520.0 640.0 580.0 600.0 620.0 540.0 600.0 580.0 620.0 180.0 40.0 600.0 560.0 580.0 20.0 540.0 620.0 120.0 600.0 600.0 600.0 580.0 580.0 540.0 40.0 580.0 580.0 600.0 640.0 600.0 100.0 140.0 640.0 140.0 660.0 620.0 680.0 640.0 640.0 580.0 600.0 80.0 600.0 580.0 620.0
0.0 660.0 620.0 560.0 580.0 600.0 580.0 580.0 620.0 620.0 120.0 120.0 520.0 80.0 660.0 640.0 640.0 620.0 620.0 580.0 60.0 640.0 620.0 600.0 0.0 620.0 620.0 620.0 100.0 580.0 540.0 580.0 180.0 140.0 580.0 100.0 600.0 600.0 640.0 600.0 580.0 500.0 620.0 640.0 620.0 660.0 620.0 620.0 140.0 660.0 600.0 100.0 80.0 560.0 80.0 140.0 580.0 640.0 540.0 620.0 600.0 540.0 120.0 640.0 600.0 640.0 580.0 600.0 620.0 620.0 620.0 100.0 640.0 600.0 640.0 600.0 600.0 520.0 560.0 620.0 660.0
0.0 580.0 660.0 100.0 140.0 600.0 580.0 640.0 600.0 120.0 600.0 600.0 560.0 620.0 680.0 640.0 640.0 640.0 140.0 620.0 600.0 180.0 200.0 640.0 560.0 0.0 600.0 120.0 600.0 140.0 580.0 580.0 680.0 540.0 80.0 640.0 580.0 600.0 620.0 600.0 580.0 560.0 620.0 620.0 640.0 640.0 620.0 600.0 660.0 180.0 600.0 540.0 620.0 580.0 560.0 660.0 640.0 600.0 600.0 520.0 620.0 100.0 520.0 580.0 600.0 200.0 640.0 640.0 680.0 600.0 120.0 580.0 700.0 180.0 700.0 120.0 640.0 520.0 620.0 600.0 620.0
0.0 700.0 660.0 620.0 580.0 140.0 160.0 620.0 120.0 600.0 600.0 600.0 560.0 640.0 700.0 140.0 620.0 660.0 640.0 600.0 540.0 640.0 660.0 640.0 580.0 620.0 0.0 620.0 580.0 640.0 120.0 640.0 640.0 560.0 640.0 580.0 580.0 180.0 640.0 620.0 640.0 80.0 20.0 200.0 540.0 640.0 640.0 80.0 660.0 680.0 600.0 640.0 620.0 620.0 620.0 660.0 100.0 580.0 620.0 620.0 640.0 580.0 600.0 600.0 120.0 700.0 640.0 600.0 180.0 620.0 640.0 640.0 700.0 620.0 680.0 660.0 600.0 580.0 600.0 140.0 160.0
0.0 660.0 600.0 140.0 60.0 580.0 600.0 620.0 640.0 100.0 640.0 620.0 600.0 600.0 660.0 660.0 580.0 660.0 120.0 660.0 580.0 80.0 200.0 580.0 580.0 80.0 640.0 0.0 620.0 160.0 640.0 560.0 640.0 580.0 60.0 660.0 620.0 580.0 600.0 580.0 640.0 580.0 640.0 620.0 600.0 620.0 600.0 580.0 640.0 100.0 580.0 600.0 660.0 640.0 620.0 600.0 640.0 620.0 640.0 600.0 620.0 140.0 600.0 620.0 560.0 180.0 620.0 580.0 600.0 640.0 160.0 600.0 680.0 140.0 600.0 80.0 540.0 580.0 640.0 660.0 640.0
0.0 620.0 600.0 580.0 580.0 560.0 600.0 540.0 640.0 640.0 40.0 20.0 580.0 100.0 660.0 540.0 540.0 640.0 580.0 560.0 80.0 680.0 640.0 580.0 100.0 520.0 600.0 620.0 0.0 560.0 560.0 620.0 160.0 80.0 600.0 120.0 600.0 620.0 580.0 600.0 600.0 520.0 580.0 660.0 620.0 660.0 560.0 620.0 120.0 660.0 520.0 60.0 100.0 620.0 100.0 100.0 640.0 620.0 560.0 540.0 600.0 600.0 80.0 600.0 600.0 620.0 600.0 640.0 640.0 640.0 640.0 120.0 660.0 640.0 660.0 640.0 600.0 540.0 580.0 620.0 620.0
0.0 660.0 640.0 100.0 120.0 600.0 600.0 620.0 660.0 120.0 580.0 620.0 520.0 620.0 600.0 620.0 620.0 640.0 120.0 600.0 580.0 160.0 180.0 640.0 620.0 140.0 660.0 100.0 620.0 0.0 580.0 560.0 640.0 620.0 60.0 600.0 640.0 580.0 620.0 580.0 600.0 620.0 660.0 660.0 640.0 640.0 600.0 640.0 620.0 180.0 620.0 620.0 620.0 580.0 580.0 640.0 640.0 620.0 660.0 620.0 560.0 60.0 640.0 620.0 580.0 80.0 620.0 660.0 620.0 640.0 140.0 620.0 660.0 140.0 680.0 100.0 620.0 560.0 580.0 660.0 660.0
0.0 660.0 620.0 600.0 540.0 100.0 140.0 540.0 160.0 620.0 560.0 560.0 580.0 600.0 660.0 100.0 580.0 660.0 600.0 600.0 500.0 680.0 620.0 620.0 560.0 580.0 140.0 640.0 540.0 600.0 0.0 600.0 640.0 580.0 620.0 660.0 600.0 100.0 580.0 580.0 640.0 80.0 140.0 120.0 640.0 660.0 600.0 80.0 640.0 680.0 560.0 580.0 640.0 620.0 620.0 600.0 140.0 640.0 600.0 580.0 640.0 600.0 560.0 640.0 140.0 660.0 640.0 660.0 100.0 580.0 600.0 640.0 700.0 600.0 700.0 600.0 640.0 580.0 560.0 160.0 140.0
0.0 640.0 660.0 620.0 580.0 600.0 640.0 620.0 660.0 600.0 620.0 600.0 580.0 640.0 200.0 640.0 580.0 200.0 620.0 640.0 560.0 600.0 680.0 640.0 580.0 560.0 660.0 560.0 580.0 640.0 620.0 0.0 600.0 600.0 600.0 660.0 140.0 620.0 160.0 140.0 140.0 580.0 680.0 680.0 160.0 560.0 640.0 620.0 700.0 640.0 600.0 580.0 640.0 640.0 620.0 620.0 640.0 100.0 140.0 100.0 660.0 620.0 580.0 140.0 540.0 680.0 640.0 640.0 660.0 620.0 660.0 640.0 240.0 660.0 180.0 640.0 100.0 580.0 140.0 640.0 620.0
0.0 640.0 560.0 640.0 620.0 580.0 600.0 600.0 660.0 560.0 100.0 80.0 620.0 160.0 640.0 600.0 600.0 640.0 600.0 600.0 120.0 660.0 700.0 580.0 120.0 580.0 640.0 580.0 80.0 620.0 600.0 640.0 0.0 140.0 640.0 160.0 580.0 660.0 640.0 580.0 640.0 580.0 620.0 620.0 620.0 720.0 600.0 640.0 160.0 620.0 560.0 120.0 80.0 640.0 140.0 120.0 620.0 640.0 620.0 600.0 600.0 640.0 140.0 640.0 660.0 640.0 580.0 600.0 580.0 680.0 620.0 120.0 660.0 640.0 620.0 660.0 520.0 600.0 620.0 620.0 540.0
0.0 660.0 620.0 560.0 600.0 620.0 600.0 580.0 560.0 560.0 80.0 80.0 520.0 80.0 640.0 600.0 620.0 640.0 640.0 580.0 80.0 640.0 640.0 600.0 20.0 580.0 560.0 580.0 100.0 580.0 560.0 600.0 180.0 0.0 580.0 120.0 600.0 620.0 620.0 600.0 580.0 520.0 580.0 640.0 600.0 580.0 600.0 620.0 140.0 660.0 600.0 120.0 100.0 580.0 80.0 160.0 600.0 640.0 560.0 600.0 600.0 540.0 120.0 640.0 580.0 640.0 600.0 600.0 620.0 620.0 620.0 100.0 660.0 620.0 660.0 620.0 600.0 540.0 580.0 640.0 680.0
0.0 640.0 580.0 120.0 80.0 540.0 560.0 600.0 620.0 60.0 580.0 580.0 600.0 560.0 620.0 620.0 560.0 620.0 60.0 620.0 520.0 120.0 160.0 620.0 580.0 80.0 640.0 40.0 560.0 120.0 600.0 520.0 600.0 580.0 0.0 620.0 600.0 520.0 560.0 520.0 640.0 580.0 620.0 600.0 640.0 580.0 560.0 580.0 580.0 140.0 580.0 560.0 640.0 600.0 620.0 580.0 660.0 600.0 620.0 580.0 640.0 140.0 580.0 580.0 520.0 140.0 640.0 600.0 640.0 600.0 140.0 560.0 640.0 140.0 640.0 40.0 580.0 580.0 580.0 640.0 600.0
0.0 680.0 640.0 640.0 620.0 560.0 620.0 620.0 680.0 600.0 160.0 140.0 640.0 160.0 680.0 680.0 560.0 680.0 580.0 660.0 100.0 700.0 700.0 660.0 140.0 600.0 680.0 640.0 140.0 680.0 580.0 660.0 80.0 120.0 660.0 0.0 640.0 580.0 620.0 620.0 580.0 620.0 680.0 660.0 680.0 660.0 680.0 620.0 180.0 680.0 640.0 140.0 140.0 640.0 160.0 200.0 680.0 640.0 640.0 560.0 660.0 660.0 120.0 620.0 680.0 680.0 640.0 660.0 640.0 600.0 680.0 140.0 700.0 640.0 600.0 580.0 580.0 600.0 580.0 640.0 600.0
0.0 660.0 620.0 620.0 560.0 600.0 600.0 580.0 660.0 560.0 580.0 580.0 600.0 620.0 160.0 600.0 600.0 100.0 620.0 620.0 540.0 660.0 660.0 600.0 600.0 580.0 640.0 660.0 560.0 620.0 540.0 120.0 660.0 600.0 620.0 660.0 0.0 620.0 80.0 120.0 160.0 580.0 640.0 640.0 120.0 660.0 600.0 600.0 640.0 600.0 560.0 600.0 640.0 620.0 640.0 620.0 640.0 120.0 120.0 60.0 640.0 640.0 600.0 100.0 640.0 660.0 600.0 620.0 620.0 600.0 640.0 600.0 220.0 640.0 180.0 640.0 120.0 600.0 120.0 540.0 660.0
0.0 640.0 640.0 600.0 580.0 120.0 40.0 620.0 140.0 520.0 580.0 600.0 600.0 640.0 600.0 120.0 580.0 620.0 560.0 640.0 580.0 620.0 700.0 620.0 580.0 600.0 140.0 560.0 620.0 620.0 100.0 580.0 640.0 600.0 580.0 600.0 660.0 0.0 520.0 580.0 620.0 100.0 100.0 100.0 620.0 600.0 620.0 120.0 600.0 620.0 600.0 540.0 640.0 600.0 600.0 640.0 160.0 620.0 620.0 600.0 600.0 640.0 640.0 540.0 120.0 600.0 620.0 580.0 140.0 660.0 640.0 540.0 600.0 620.0 660.0 500.0 540.0 600.0 580.0 160.0 120.0
0.0 660.0 660.0 660.0 580.0 620.0 660.0 580.0 680.0 640.0 680.0 560.0 640.0 700.0 240.0 700.0 680.0 200.0 640.0 660.0 620.0 720.0 720.0 640.0 640.0 580.0 680.0 680.0 660.0 700.0 620.0 180.0 600.0 620.0 640.0 660.0 160.0 680.0 0.0 140.0 160.0 640.0 700.0 700.0 200.0 660.0 660.0 620.0 640.0 720.0 660.0 620.0 680.0 660.0 640.0 640.0 720.0 180.0 200.0 120.0 660.0 620.0 600.0 120.0 660.0 720.0 680.0 700.0 680.0 680.0 680.0 660.0 220.0 700.0 140.0 640.0 140.0 600.0 160.0 680.0 640.0
0.0 660.0 640.0 580.0 600.0 500.0 600.0 620.0 620.0 560.0 580.0 620.0 580.0 620.0 160.0 620.0 600.0 140.0 520.0 600.0 580.0 700.0 660.0 640.0 560.0 640.0 620.0 620.0 620.0 620.0 580.0 120.0 640.0 560.0 600.0 580.0 100.0 620.0 160.0 0.0 120.0 560.0 620.0 640.0 160.0 640.0 620.0 640.0 660.0 680.0 600.0 600.0 600.0 580.0 580.0 660.0 640.0 140.0 100.0 80.0 600.0 600.0 540.0 140.0 620.0 640.0 620.0 620.0 660.0 640.0 620.0 600.0 220.0 660.0 200.0 620.0 140.0 540.0 120.0 620.0 580.0
0.0 700.0 660.0 600.0 600.0 520.0 620.0 600.0 620.0 580.0 620.0 620.0 600.0 640.0 180.0 640.0 620.0 160.0 540.0 620.0 560.0 640.0 660.0 640.0 580.0 620.0 640.0 640.0 600.0 640.0 560.0 140.0 680.0 580.0 620.0 600.0 120.0 640.0 160.0 40.0 0.0 580.0 640.0 680.0 180.0 660.0 640.0 620.0 680.0 580.0 620.0 640.0 640.0 600.0 600.0 600.0 640.0 140.0 120.0 100.0 620.0 620.0 580.0 140.0 620.0 660.0 640.0 640.0 660.0 640.0 640.0 640.0 120.0 640.0 220.0 640.0 160.0 560.0 140.0 640.0 600.0
0.0 660.0 620.0 540.0 580.0 120.0 100.0 580.0 140.0 640.0 600.0 600.0 580.0 560.0 660.0 140.0 620.0 620.0 620.0 580.0 540.0 700.0 660.0 600.0 600.0 620.0 200.0 640.0 580.0 600.0 60.0 620.0 680.0 620.0 620.0 620.0 620.0 160.0 640.0 600.0 580.0 0.0 160.0 160.0 620.0 700.0 620.0 120.0 620.0 660.0 600.0 600.0 580.0 640.0 620.0 620.0 140.0 660.0 640.0 620.0 620.0 620.0 600.0 680.0 140.0 660.0 580.0 660.0 140.0 620.0 640.0 580.0 680.0 660.0 640.0 640.0 600.0 620.0 600.0 140.0 180.0
0.0 680.0 640.0 640.0 560.0 120.0 180.0 620.0 100.0 580.0 580.0 580.0 600.0 620.0 680.0 140.0 620.0 640.0 640.0 580.0 520.0 640.0 660.0 620.0 620.0 600.0 180.0 600.0 560.0 620.0 120.0 640.0 640.0 600.0 640.0 560.0 560.0 160.0 620.0 600.0 660.0 100.0 0.0 200.0 520.0 640.0 620.0 80.0 660.0 680.0 580.0 620.0 600.0 660.0 640.0 660.0 80.0 580.0 620.0 600.0 640.0 620.0 580.0 580.0 100.0 680.0 620.0 580.0 160.0 600.0 640.0 660.0 700.0 600.0 660.0 640.0 580.0 620.0 600.0 120.0 140.0
0.0 680.0 620.0 560.0 600.0 100.0 120.0 600.0 160.0 560.0 620.0 620.0 520.0 580.0 640.0 160.0 640.0 640.0 600.0 580.0 560.0 660.0 640.0 620.0 520.0 620.0 140.0 620.0 600.0 580.0 80.0 600.0 680.0 620.0 580.0 600.0 600.0 80.0 600.0 620.0 580.0 20.0 140.0 0.0 620.0 660.0 640.0 140.0 640.0 680.0 620.0 600.0 580.0 580.0 580.0 640.0 100.0 660.0 560.0 640.0 600.0 560.0 620.0 620.0 120.0 640.0 600.0 620.0 140.0 620.0 620.0 580.0 660.0 620.0 660.0 580.0 600.0 540.0 580.0 140.0 100.0
0.0 680.0 620.0 640.0 620.0 620.0 660.0 640.0 560.0 560.0 640.0 620.0 580.0 640.0 160.0 660.0 620.0 200.0 640.0 560.0 580.0 620.0 660.0 600.0 620.0 640.0 660.0 580.0 620.0 620.0 640.0 140.0 680.0 660.0 620.0 620.0 140.0 640.0 140.0 120.0 160.0 580.0 620.0 680.0 0.0 680.0 620.0 540.0 640.0 640.0 620.0 620.0 580.0 640.0 640.0 640.0 540.0 60.0 180.0 120.0 640.0 600.0 640.0 140.0 580.0 660.0 580.0 580.0 660.0 660.0 680.0 660.0 180.0 580.0 160.0 640.0 120.0 600.0 140.0 620.0 620.0
0.0 200.0 140.0 660.0 600.0 620.0 620.0 120.0 680.0 580.0 620.0 620.0 160.0 660.0 660.0 600.0 120.0 700.0 640.0 180.0 580.0 660.0 700.0 160.0 640.0 640.0 660.0 660.0 600.0 660.0 580.0 660.0 560.0 640.0 660.0 660.0 640.0 660.0 660.0 640.0 660.0 640.0 620.0 640.0 640.0 0.0 180.0 640.0 660.0 680.0 100.0 520.0 640.0 160.0 640.0 660.0 580.0 640.0 660.0 620.0 160.0 680.0 640.0 660.0 640.0 660.0 160.0 120.0 600.0 160.0 680.0 640.0 660.0 660.0 640.0 640.0 520.0 160.0 640.0 680.0 600.0
0.0 100.0 100.0 640.0 640.0 620.0 680.0 180.0 700.0 640.0 660.0 660.0 100.0 680.0 720.0 680.0 120.0 640.0 600.0 80.0 620.0 680.0 740.0 80.0 620.0 680.0 660.0 620.0 640.0 680.0 620.0 660.0 640.0 660.0 660.0 620.0 600.0 680.0 660.0 640.0 660.0 620.0 680.0 640.0 640.0 240.0 0.0 680.0 540.0 660.0 100.0 620.0 660.0 140.0 660.0 660.0 640.0 660.0 660.0 620.0 120.0 600.0 660.0 660.0 680.0 660.0 160.0 180.0 680.0 200.0 640.0 680.0 680.0 680.0 720.0 620.0 640.0 140.0 640.0 640.0 600.0
0.0 640.0 660.0 660.0 640.0 180.0 220.0 660.0 160.0 680.0 660.0 660.0 640.0 700.0 700.0 200.0 660.0 740.0 680.0 640.0 600.0 720.0 720.0 680.0 640.0 680.0 240.0 660.0 640.0 680.0 140.0 700.0 740.0 680.0 720.0 680.0 680.0 220.0 700.0 680.0 720.0 140.0 180.0 200.0 700.0 740.0 700.0 0.0 600.0 720.0 660.0 580.0 680.0 700.0 700.0 720.0 160.0 640.0 680.0 660.0 640.0 640.0 660.0 720.0 160.0 640.0 700.0 660.0 220.0 680.0 700.0 720.0 740.0 720.0 740.0 680.0 700.0 660.0 660.0 220.0 220.0
0.0 540.0 560.0 600.0 640.0 640.0 640.0 640.0 660.0 600.0 160.0 160.0 540.0 160.0 660.0 680.0 640.0 640.0 580.0 540.0 120.0 660.0 720.0 640.0 140.0 640.0 640.0 620.0 140.0 660.0 600.0 640.0 160.0 140.0 620.0 100.0 580.0 660.0 640.0 620.0 640.0 640.0 640.0 620.0 660.0 700.0 660.0 660.0 0.0 640.0 640.0 160.0 140.0 600.0 120.0 160.0 600.0 660.0 640.0 620.0 620.0 560.0 160.0 660.0 640.0 680.0 640.0 620.0 640.0 660.0 600.0 160.0 640.0 640.0 680.0 580.0 620.0 580.0 600.0 620.0 640.0
0.0 620.0 620.0 80.0 100.0 580.0 600.0 560.0 640.0 80.0 620.0 520.0 520.0 580.0 620.0 640.0 640.0 640.0 100.0 580.0 560.0 80.0 120.0 620.0 520.0 60.0 620.0 140.0 600.0 100.0 560.0 600.0 680.0 580.0 100.0 600.0 600.0 620.0 620.0 560.0 580.0 520.0 640.0 640.0 620.0 660.0 600.0 620.0 600.0 0.0 620.0 600.0 580.0 580.0 580.0 520.0 600.0 540.0 560.0 580.0 600.0 60.0 580.0 620.0 620.0 100.0 600.0 620.0 620.0 620.0 140.0 580.0 660.0 100.0 660.0 140.0 600.0 540.0 580.0 600.0 560.0
0.0 180.0 100.0 620.0 560.0 540.0 640.0 140.0 640.0 620.0 620.0 620.0 120.0 660.0 720.0 580.0 40.0 640.0 560.0 140.0 580.0 660.0 680.0 80.0 600.0 640.0 580.0 660.0 600.0 640.0 580.0 640.0 680.0 580.0 620.0 660.0 600.0 620.0 620.0 600.0 620.0 600.0 600.0 640.0 620.0 160.0 100.0 600.0 620.0 640.0 0.0 540.0 640.0 120.0 620.0 660.0 660.0 600.0 620.0 540.0 100.0 620.0 580.0 580.0 640.0 660.0 160.0 160.0 660.0 160.0 660.0 640.0 740.0 680.0 720.0 640.0 620.0 80.0 640.0 600.0 600.0
0.0 700.0 600.0 660.0 580.0 640.0 660.0 580.0 680.0 640.0 120.0 120.0 620.0 140.0 700.0 640.0 620.0 700.0 640.0 640.0 60.0 720.0 660.0 660.0 120.0 620.0 680.0 660.0 100.0 640.0 540.0 660.0 200.0 140.0 660.0 180.0 620.0 640.0 640.0 620.0 680.0 600.0 600.0 620.0 620.0 720.0 640.0 600.0 160.0 680.0 600.0 0.0 200.0 680.0 180.0 140.0 660.0 660.0 640.0 640.0 700.0 640.0 120.0 680.0 680.0 700.0 680.0 680.0 640.0 620.0 640.0 200.0 740.0 640.0 720.0 620.0 680.0 640.0 600.0 660.0 640.0
0.0 620.0 540.0 580.0 600.0 580.0 620.0 620.0 600.0 560.0 140.0 140.0 560.0 120.0 600.0 620.0 560.0 640.0 600.0 620.0 100.0 660.0 680.0 520.0 60.0 640.0 620.0 600.0 120.0 620.0 580.0 580.0 180.0 120.0 560.0 140.0 560.0 580.0 620.0 600.0 580.0 560.0 640.0 600.0 640.0 640.0 540.0 640.0 100.0 600.0 540.0 80.0 0.0 580.0 60.0 140.0 640.0 620.0 600.0 580.0 560.0 560.0 140.0 620.0 580.0 600.0 520.0 580.0 580.0 640.0 660.0 140.0 660.0 640.0 580.0 600.0 520.0 580.0 620.0 600.0 640.0
0.0 180.0 80.0 520.0 580.0 580.0 560.0 100.0 640.0 600.0 600.0 600.0 60.0 640.0 620.0 620.0 120.0 560.0 600.0 40.0 560.0 660.0 680.0 80.0 580.0 620.0 640.0 640.0 580.0 640.0 540.0 620.0 640.0 600.0 600.0 580.0 580.0 600.0 640.0 560.0 540.0 580.0 660.0 600.0 580.0 160.0 80.0 600.0 620.0 640.0 80.0 560.0 540.0 0.0 580.0 640.0 600.0 580.0 640.0 600.0 40.0 580.0 580.0 660.0 620.0 600.0 60.0 120.0 620.0 100.0 660.0 560.0 640.0 640.0 600.0 620.0 560.0 80.0 600.0 620.0 620.0
0.0 640.0 600.0 540.0 580.0 540.0 560.0 620.0 640.0 560.0 120.0 100.0 560.0 80.0 640.0 620.0 580.0 580.0 560.0 560.0 60.0 620.0 660.0 580.0 120.0 580.0 660.0 540.0 100.0 620.0 580.0 520.0 140.0 100.0 520.0 120.0 620.0 540.0 580.0 540.0 520.0 600.0 640.0 620.0 600.0 580.0 560.0 600.0 120.0 600.0 600.0 80.0 80.0 520.0 0.0 120.0 620.0 600.0 620.0 580.0 560.0 600.0 100.0 580.0 540.0 620.0 580.0 620.0 640.0 600.0 640.0 80.0 640.0 640.0 640.0 540.0 580.0 580.0 600.0 660.0 600.0
0.0 620.0 620.0 560.0 580.0 580.0 580.0 540.0 620.0 620.0 120.0 40.0 520.0 80.0 620.0 640.0 640.0 620.0 600.0 580.0 60.0 640.0 580.0 600.0 20.0 540.0 620.0 620.0 100.0 580.0 540.0 580.0 180.0 100.0 580.0 100.0 600.0 600.0 640.0 580.0 580.0 500.0 620.0 640.0 620.0 660.0 620.0 620.0 140.0 660.0 600.0 100.0 80.0 580.0 80.0 0.0 580.0 640.0 540.0 560.0 600.0 540.0 80.0 620.0 600.0 560.0 580.0 600.0 620.0 620.0 620.0 100.0 640.0 580.0 640.0 620.0 600.0 520.0 560.0 620.0 540.0
0.0 660.0 580.0 620.0 620.0 140.0 180.0 640.0 140.0 520.0 620.0 620.0 600.0 640.0 620.0 180.0 620.0 660.0 640.0 640.0 600.0 560.0 600.0 580.0 600.0 620.0 180.0 640.0 600.0 580.0 100.0 620.0 720.0 620.0 600.0 660.0 600.0 140.0 620.0 640.0 620.0 100.0 120.0 160.0 580.0 660.0 600.0 120.0 620.0 600.0 580.0 620.0 580.0 620.0 600.0 620.0 0.0 560.0 640.0 620.0 600.0 600.0 660.0 600.0 140.0 620.0 560.0 520.0 140.0 680.0 660.0 640.0 700.0 580.0 620.0 640.0 580.0 620.0 640.0 120.0 140.0
0.0 640.0 640.0 640.0 640.0 560.0 660.0 640.0 660.0 520.0 640.0 640.0 620.0 680.0 120.0 680.0 660.0 160.0 580.0 640.0 600.0 700.0 680.0 620.0 620.0 660.0 660.0 640.0 620.0 640.0 600.0 180.0 680.0 600.0 640.0 640.0 80.0 660.0 100.0 120.0 160.0 620.0 580.0 700.0 120.0 680.0 560.0 640.0 600.0 680.0 640.0 660.0 660.0 620.0 640.0 680.0 640.0 0.0 160.0 80.0 600.0 660.0 600.0 140.0 620.0 600.0 620.0 580.0 640.0 680.0 680.0 640.0 260.0 620.0 180.0 640.0 140.0 600.0 120.0 560.0 560.0
0.0 640.0 620.0 580.0 560.0 600.0 640.0 640.0 660.0 620.0 600.0 620.0 540.0 600.0 140.0 640.0 600.0 140.0 620.0 620.0 560.0 680.0 580.0 640.0 560.0 620.0 660.0 620.0 600.0 520.0 600.0 100.0 680.0 600.0 580.0 620.0 160.0 600.0 160.0 100.0 140.0 560.0 620.0 620.0 160.0 660.0 640.0 600.0 640.0 680.0 620.0 620.0 620.0 580.0 620.0 660.0 620.0 140.0 0.0 120.0 580.0 580.0 620.0 160.0 600.0 580.0 640.0 640.0 660.0 640.0 660.0 540.0 200.0 580.0 200.0 600.0 100.0 580.0 40.0 640.0 660.0
0.0 660.0 660.0 580.0 640.0 620.0 620.0 620.0 700.0 580.0 580.0 580.0 620.0 640.0 180.0 620.0 620.0 120.0 640.0 620.0 640.0 720.0 700.0 640.0 660.0 600.0 640.0 640.0 560.0 620.0 620.0 140.0 680.0 640.0 620.0 620.0 160.0 600.0 100.0 160.0 140.0 580.0 620.0 680.0 140.0 620.0 620.0 660.0 660.0 700.0 580.0 620.0 620.0 580.0 600.0 660.0 680.0 80.0 140.0 0.0 600.0 640.0 640.0 60.0 640.0 680.0 620.0 620.0 640.0 660.0 640.0 600.0 220.0 660.0 200.0 600.0 140.0 620.0 160.0 560.0 640.0
0.0 180.0 160.0 640.0 560.0 600.0 640.0 80.0 660.0 580.0 580.0 580.0 120.0 620.0 620.0 620.0 120.0 680.0 580.0 140.0 520.0 640.0 640.0 160.0 580.0 600.0 640.0 600.0 560.0 620.0 520.0 640.0 660.0 600.0 640.0 680.0 620.0 620.0 600.0 600.0 660.0 580.0 640.0 620.0 640.0 200.0 140.0 580.0 640.0 680.0 80.0 620.0 660.0 140.0 640.0 620.0 580.0 560.0 620.0 620.0 0.0 620.0 580.0 640.0 660.0 580.0 160.0 120.0 620.0 120.0 620.0 660.0 720.0 640.0 700.0 620.0 640.0 120.0 580.0 620.0 620.0
0.0 700.0 660.0 120.0 140.0 620.0 600.0 660.0 720.0 140.0 640.0 640.0 640.0 660.0 720.0 660.0 620.0 660.0 140.0 640.0 580.0 120.0 180.0 640.0 640.0 160.0 620.0 140.0 620.0 140.0 640.0 600.0 620.0 660.0 100.0 560.0 680.0 620.0 640.0 620.0 600.0 640.0 640.0 640.0 660.0 660.0 640.0 620.0 680.0 200.0 640.0 600.0 640.0 600.0 580.0 680.0 620.0 680.0 680.0 620.0 640.0 0.0 640.0 660.0 600.0 200.0 640.0 640.0 580.0 620.0 140.0 600.0 720.0 200.0 660.0 140.0 640.0 540.0 640.0 680.0 660.0
0.0 680.0 640.0 580.0 600.0 600.0 600.0 600.0 580.0 560.0 80.0 80.0 540.0 100.0 660.0 600.0 600.0 620.0 620.0 600.0 80.0 660.0 640.0 620.0 40.0 580.0 580.0 600.0 100.0 600.0 580.0 620.0 180.0 20.0 600.0 140.0 540.0 620.0 600.0 620.0 600.0 520.0 580.0 660.0 600.0 600.0 620.0 640.0 160.0 640.0 580.0 120.0 120.0 580.0 100.0 160.0 600.0 580.0 580.0 580.0 620.0 560.0 0.0 640.0 580.0 660.0 620.0 620.0 640.0 640.0 640.0 120.0 660.0 640.0 680.0 640.0 620.0 540.0 580.0 580.0 580.0
0.0 700.0 620.0 580.0 640.0 600.0 620.0 660.0 660.0 620.0 620.0 640.0 620.0 640.0 180.0 660.0 620.0 100.0 620.0 620.0 600.0 660.0 660.0 600.0 640.0 640.0 580.0 600.0 640.0 620.0 640.0 100.0 640.0 640.0 580.0 580.0 140.0 600.0 140.0 120.0 80.0 640.0 600.0 660.0 120.0 560.0 620.0 640.0 660.0 640.0 620.0 580.0 620.0 580.0 560.0 660.0 640.0 160.0 100.0 140.0 620.0 660.0 640.0 0.0 580.0 680.0 600.0 660.0 660.0 640.0 600.0 600.0 200.0 660.0 180.0 600.0 100.0 640.0 120.0 680.0 660.0
0.0 640.0 620.0 620.0 540.0 60.0 120.0 580.0 160.0 580.0 560.0 560.0 580.0 600.0 680.0 100.0 540.0 660.0 580.0 600.0 520.0 580.0 640.0 600.0 580.0 560.0 160.0 520.0 540.0 600.0 120.0 560.0 640.0 580.0 560.0 660.0 600.0 100.0 600.0 580.0 640.0 80.0 140.0 140.0 600.0 620.0 600.0 80.0 640.0 600.0 560.0 600.0 640.0 620.0 620.0 560.0 160.0 620.0 600.0 540.0 620.0 600.0 580.0 600.0 0.0 640.0 640.0 600.0 120.0 580.0 600.0 620.0 680.0 620.0 620.0 580.0 540.0 580.0 580.0 140.0 120.0
0.0 600.0 580.0 120.0 160.0 660.0 640.0 640.0 620.0 120.0 620.0 620.0 580.0 620.0 540.0 640.0 660.0 620.0 140.0 600.0 620.0 200.0 200.0 640.0 560.0 140.0 620.0 140.0 640.0 160.0 600.0 580.0 660.0 560.0 160.0 640.0 580.0 660.0 620.0 660.0 640.0 560.0 620.0 640.0 640.0 640.0 660.0 660.0 560.0 160.0 660.0 640.0 620.0 640.0 620.0 640.0 640.0 660.0 620.0 600.0 660.0 120.0 660.0 580.0 620.0 0.0 640.0 640.0 680.0 680.0 180.0 600.0 700.0 180.0 700.0 100.0 640.0 580.0 620.0 600.0 680.0
0.0 120.0 40.0 580.0 580.0 560.0 600.0 120.0 640.0 540.0 600.0 600.0 60.0 600.0 580.0 620.0 60.0 620.0 580.0 120.0 560.0 640.0 660.0 20.0 540.0 620.0 600.0 640.0 580.0 620.0 560.0 600.0 660.0 580.0 620.0 620.0 540.0 640.0 600.0 620.0 620.0 540.0 620.0 580.0 640.0 160.0 40.0 620.0 560.0 600.0 40.0 560.0 600.0 100.0 600.0 600.0 620.0 600.0 580.0 560.0 60.0 580.0 600.0 600.0 620.0 580.0 0.0 120.0 580.0 140.0 640.0 600.0 640.0 640.0 560.0 600.0 500.0 80.0 600.0 580.0 620.0
0.0 160.0 80.0 620.0 620.0 600.0 640.0 140.0 620.0 500.0 640.0 640.0 100.0 620.0 600.0 660.0 120.0 660.0 620.0 140.0 580.0 680.0 700.0 60.0 580.0 600.0 640.0 620.0 620.0 640.0 580.0 620.0 720.0 600.0 620.0 640.0 580.0 640.0 620.0 640.0 640.0 560.0 580.0 640.0 560.0 200.0 80.0 580.0 600.0 640.0 80.0 600.0 640.0 140.0 640.0 640.0 600.0 540.0 620.0 600.0 100.0 620.0 640.0 660.0 600.0 600.0 60.0 0.0 620.0 160.0 640.0 640.0 700.0 560.0 600.0 640.0 540.0 120.0 640.0 600.0 600.0
0.0 680.0 640.0 600.0 640.0 140.0 160.0 620.0 200.0 580.0 600.0 580.0 580.0 640.0 660.0 140.0 620.0 700.0 640.0 640.0 620.0 620.0 640.0 620.0 580.0 600.0 180.0 680.0 580.0 620.0 140.0 660.0 720.0 640.0 640.0 660.0 640.0 200.0 640.0 680.0 640.0 80.0 120.0 160.0 620.0 700.0 640.0 160.0 660.0 640.0 580.0 620.0 620.0 640.0 640.0 660.0 60.0 600.0 620.0 620.0 640.0 620.0 640.0 640.0 180.0 640.0 600.0 560.0 0.0 680.0 680.0 660.0 720.0 620.0 660.0 680.0 620.0 600.0 640.0 160.0 180.0
0.0 160.0 160.0 580.0 620.0 640.0 620.0 140.0 660.0 640.0 640.0 640.0 120.0 660.0 600.0 660.0 180.0 700.0 600.0 120.0 580.0 720.0 700.0 140.0 600.0 640.0 660.0 660.0 620.0 680.0 580.0 640.0 700.0 600.0 620.0 640.0 660.0 660.0 600.0 640.0 640.0 600.0 680.0 660.0 700.0 200.0 160.0 640.0 600.0 720.0 140.0 620.0 600.0 160.0 620.0 660.0 660.0 680.0 660.0 660.0 160.0 640.0 640.0 680.0 640.0 600.0 140.0 200.0 660.0 0.0 660.0 640.0 700.0 620.0 680.0 620.0 620.0 80.0 640.0 700.0 640.0
0.0 660.0 680.0 160.0 140.0 640.0 680.0 560.0 640.0 160.0 640.0 600.0 600.0 640.0 700.0 660.0 660.0 700.0 180.0 640.0 580.0 140.0 180.0 680.0 580.0 140.0 540.0 160.0 620.0 180.0 640.0 640.0 680.0 600.0 140.0 620.0 620.0 660.0 660.0 640.0 660.0 580.0 560.0 660.0 580.0 680.0 680.0 600.0 620.0 80.0 640.0 600.0 640.0 640.0 660.0 580.0 620.0 620.0 640.0 600.0 680.0 140.0 640.0 640.0 640.0 160.0 660.0 640.0 660.0 620.0 0.0 660.0 720.0 160.0 720.0 160.0 640.0 620.0 640.0 660.0 640.0
0.0 680.0 620.0 640.0 600.0 560.0 600.0 620.0 660.0 580.0 100.0 120.0 620.0 120.0 660.0 620.0 560.0 660.0 580.0 660.0 80.0 640.0 700.0 660.0 120.0 600.0 660.0 580.0 120.0 640.0 580.0 560.0 160.0 120.0 540.0 160.0 640.0 560.0 600.0 560.0 640.0 620.0 660.0 620.0 660.0 620.0 580.0 620.0 140.0 620.0 620.0 120.0 180.0 620.0 140.0 140.0 700.0 620.0 640.0 560.0 640.0 660.0 120.0 600.0 560.0 660.0 680.0 640.0 660.0 640.0 660.0 0.0 660.0 660.0 680.0 580.0 600.0 600.0 640.0 620.0 620.0
0.0 580.0 640.0 600.0 560.0 560.0 560.0 600.0 520.0 600.0 580.0 560.0 580.0 560.0 200.0 600.0 560.0 140.0 580.0 620.0 520.0 580.0 640.0 620.0 560.0 500.0 620.0 520.0 560.0 600.0 600.0 80.0 660.0 560.0 580.0 640.0 100.0 600.0 120.0 120.0 100.0 560.0 580.0 600.0 100.0 640.0 620.0 580.0 640.0 600.0 580.0 560.0 620.0 600.0 560.0 580.0 640.0 120.0 120.0 40.0 580.0 600.0 540.0 100.0 520.0 660.0 640.0 600.0 640.0 600.0 620.0 560.0 0.0 580.0 140.0 580.0 80.0 520.0 100.0 600.0 620.0
0.0 640.0 620.0 80.0 100.0 600.0 600.0 600.0 640.0 100.0 620.0 620.0 600.0 580.0 640.0 640.0 620.0 640.0 140.0 580.0 560.0 180.0 200.0 600.0 600.0 80.0 660.0 100.0 600.0 120.0 560.0 580.0 660.0 600.0 80.0 640.0 620.0 580.0 620.0 600.0 580.0 520.0 640.0 600.0 620.0 640.0 620.0 620.0 640.0 180.0 580.0 600.0 580.0 640.0 620.0 640.0 620.0 560.0 660.0 580.0 640.0 140.0 580.0 640.0 580.0 160.0 600.0 640.0 640.0 640.0 180.0 580.0 660.0 0.0 660.0 100.0 600.0 580.0 620.0 620.0 620.0
0.0 680.0 660.0 600.0 640.0 620.0 580.0 640.0 620.0 620.0 640.0 620.0 640.0 640.0 200.0 660.0 640.0 160.0 620.0 620.0 600.0 660.0 700.0 640.0 640.0 640.0 640.0 600.0 640.0 660.0 640.0 100.0 680.0 640.0 580.0 620.0 160.0 600.0 100.0 120.0 100.0 640.0 580.0 640.0 120.0 620.0 620.0 620.0 660.0 660.0 660.0 580.0 620.0 580.0 560.0 660.0 640.0 160.0 200.0 160.0 620.0 560.0 620.0 160.0 600.0 680.0 640.0 680.0 640.0 600.0 600.0 580.0 200.0 640.0 0.0 600.0 160.0 520.0 160.0 660.0 660.0
0.0 640.0 640.0 120.0 100.0 600.0 600.0 660.0 660.0 20.0 640.0 660.0 620.0 640.0 580.0 680.0 640.0 640.0 60.0 620.0 620.0 120.0 200.0 620.0 600.0 120.0 660.0 60.0 660.0 140.0 620.0 600.0 700.0 600.0 100.0 640.0 640.0 620.0 640.0 580.0 640.0 600.0 580.0 640.0 600.0 660.0 640.0 640.0 600.0 140.0 620.0 600.0 620.0 600.0 640.0 640.0 640.0 620.0 600.0 640.0 600.0 160.0 640.0 660.0 620.0 100.0 620.0 560.0 640.0 680.0 200.0 620.0 660.0 140.0 640.0 0.0 580.0 600.0 580.0 660.0 600.0
0.0 680.0 640.0 640.0 620.0 580.0 600.0 680.0 660.0 540.0 640.0 640.0 640.0 680.0 140.0 640.0 580.0 180.0 600.0 660.0 600.0 680.0 700.0 620.0 640.0 640.0 640.0 660.0 640.0 660.0 640.0 160.0 720.0 640.0 640.0 660.0 120.0 660.0 180.0 160.0 180.0 640.0 620.0 640.0 140.0 700.0 640.0 640.0 640.0 660.0 560.0 580.0 660.0 620.0 660.0 660.0 600.0 140.0 180.0 100.0 620.0 680.0 640.0 160.0 640.0 640.0 640.0 600.0 560.0 660.0 700.0 600.0 160.0 640.0 120.0 660.0 0.0 620.0 120.0 640.0 660.0
0.0 180.0 160.0 580.0 620.0 580.0 560.0 160.0 680.0 600.0 600.0 620.0 120.0 620.0 680.0 640.0 140.0 620.0 600.0 120.0 580.0 640.0 680.0 140.0 620.0 620.0 620.0 580.0 620.0 640.0 600.0 560.0 660.0 620.0 560.0 640.0 640.0 580.0 600.0 580.0 560.0 620.0 640.0 600.0 640.0 140.0 120.0 580.0 640.0 640.0 140.0 560.0 600.0 80.0 540.0 640.0 660.0 640.0 660.0 620.0 100.0 640.0 600.0 620.0 580.0 660.0 120.0 160.0 680.0 100.0 580.0 560.0 680.0 680.0 680.0 580.0 620.0 0.0 640.0 680.0 640.0
0.0 620.0 600.0 600.0 640.0 580.0 640.0 640.0 640.0 620.0 660.0 660.0 640.0 560.0 200.0 680.0 660.0 140.0 600.0 620.0 600.0 660.0 700.0 640.0 640.0 600.0 680.0 620.0 640.0 600.0 600.0 140.0 720.0 620.0 600.0 640.0 120.0 640.0 180.0 80.0 140.0 560.0 700.0 620.0 160.0 680.0 660.0 620.0 640.0 660.0 640.0 600.0 620.0 640.0 640.0 640.0 580.0 120.0 160.0 140.0 660.0 660.0 620.0 200.0 620.0 660.0 640.0 620.0 680.0 640.0 700.0 640.0 220.0 540.0 220.0 640.0 160.0 600.0 0.0 660.0 640.0
0.0 660.0 660.0 580.0 600.0 140.0 140.0 600.0 200.0 580.0 580.0 580.0 620.0 640.0 680.0 140.0 620.0 620.0 640.0 620.0 640.0 700.0 720.0 640.0 640.0 600.0 160.0 640.0 580.0 640.0 140.0 620.0 620.0 640.0 620.0 620.0 640.0 100.0 520.0 640.0 620.0 100.0 120.0 180.0 640.0 620.0 620.0 140.0 640.0 700.0 580.0 620.0 620.0 580.0 620.0 660.0 140.0 580.0 640.0 500.0 600.0 640.0 620.0 560.0 140.0 680.0 640.0 620.0 100.0 660.0 640.0 580.0 700.0 660.0 640.0 600.0 620.0 620.0 620.0 0.0 140.0
0.0 600.0 680.0 620.0 620.0 60.0 160.0 640.0 160.0 600.0 620.0 640.0 580.0 660.0 680.0 160.0 640.0 640.0 560.0 580.0 600.0 700.0 700.0 660.0 600.0 640.0 160.0 660.0 620.0 640.0 100.0 640.0 680.0 580.0 640.0 620.0 560.0 180.0 620.0 540.0 640.0 120.0 180.0 200.0 660.0 680.0 620.0 180.0 660.0 660.0 620.0 640.0 640.0 600.0 620.0 680.0 140.0 640.0 620.0 580.0 640.0 600.0 580.0 640.0 160.0 680.0 660.0 640.0 200.0 660.0 660.0 640.0 680.0 680.0 720.0 660.0 660.0 580.0 640.0 120.0 0.0
OUTSOURCING_COST
1440 576 120 826 1552 116 552 16 10 1184 552 1040 1056 1560 160 330 1240 492 700 432 1552 480 1200 60 1224 1120 1580 1960 810 616 492 312 70 280 1728 24 520 168 1656 800 650 616 76 1000 648 200 368 1368 1344 160 828 1548 54 300 1032 1104 360 1800 496 1040 994 650 1392 1168 1900 590 1098 620 120 248 774 1440 780 1400 1072 1100 846 1360 180 112
OUTSOURCING_TARIFF
3
0.000000000 4000.000000000 1.000000000 0.000000000
4000.000000000 8000.000000000 0.850000000 600.000000000
8000.000000000 63443.000000000 0.700000000 1800.000000000
