80 4
256 6625 12335 1 7
594 0 5946 5 1
1134 1383 7417 10 9
91 3843 9621 4 5
840 0 5171 7 1
420 0 4882 5 6
837 2839 9161 9 6
840 0 4650 6 3
572 0 5851 6 4
208 0 4704 10 2
570 61 6347 3 8
784 5848 12152 9 8
603 0 6116 5 9
246 2609 8631 2 7
238 0 5154 2 8
816 0 5892 5 9
513 0 4713 6 3
664 2240 7912 8 8
1100 317 6227 4 4
360 2330 8278 5 4
378 0 5473 4 8
1020 0 5915 5 6
900 2514 8506 10 5
6 2965 9025 4 10
970 2674 8898 10 7
424 977 7303 7 2
1148 1579 7391 8 9
81 0 4520 7 3
390 2235 8007 5 10
477 0 5741 2 10
553 0 5892 8 6
810 0 5885 2 10
104 2676 8300 4 3
340 5794 11594 5 6
102 1806 7714 7 4
605 1488 7152 1 5
63 6175 12575 9 1
480 41 6399 2 5
132 0 5402 5 5
880 2772 8746 4 1
912 1480 7412 8 8
143 1423 7745 5 5
486 2974 9094 8 3
32 2626 8462 10 5
272 1981 7923 8 2
552 3746 10126 7 9
1218 3988 9806 2 7
310 506 6382 9 4
1020 122 6148 10 7
825 0 4536 6 3
603 0 5673 9 10
656 765 7095 2 7
1196 1813 7619 10 5
210 549 6855 10 2
680 0 4936 9 3
518 1912 8108 2 9
720 1809 7871 5 9
494 994 6746 8 5
806 3749 9999 10 9
485 487 6875 3 4
684 1427 7069 2 9
1235 4301 9979 6 4
1001 3347 9211 8 6
792 54 6186 7 9
85 2590 8426 6 1
900 0 4408 5 9
190 0 5122 6 9
624 0 5642 9 10
441 3413 9667 8 4
125 1797 8091 7 9
790 3150 9186 9 5
145 1722 7804 9 2
126 0 4497 9 5
312 0 4744 3 4
780 622 6726 8 6
555 1483 7637 8 1
297 1320 6952 9 1
415 4816 10420 3 4
245 495 6129 9 9
900 0 4791 8 7
SETUP
0 40 50 30 70 80 80 70 30 60 30 60 40 50 60 100 60 40 80 80 70 40 60 60 40 40 80 40 70 60 80 60 90 50 100 90 60 90 80 60 20 70 60 70 50 40 60 60 60 80 50 80 70 80 70 50 60 70 40 70 70 60 70 50 70 70 80 40 40 50 40 60 110 80 60 60 40 90 60 50 70
0 0 280 350 320 340 310 310 310 320 40 320 330 320 280 330 290 320 50 320 310 310 30 320 330 280 330 310 300 60 310 60 320 300 330 320 320 320 320 290 310 310 300 290 50 320 290 50 300 300 290 300 50 300 40 280 280 300 260 320 320 40 290 330 330 310 60 280 300 30 320 280 340 310 70 300 70 340 330 60 310
0 330 0 370 310 320 320 40 300 310 290 320 80 320 330 320 20 330 320 300 290 300 320 320 50 10 100 320 290 310 320 330 310 320 350 360 320 360 50 310 290 40 330 340 320 310 320 310 330 320 310 310 290 330 310 320 320 330 60 80 350 320 340 330 100 290 350 50 330 270 310 70 360 350 340 280 340 70 330 320 70
0 270 290 0 310 320 310 310 40 290 300 330 270 20 290 80 290 300 320 320 50 310 290 300 320 280 310 20 300 300 60 320 60 30 330 320 330 70 320 40 290 300 50 40 320 290 300 290 310 310 40 50 300 310 310 280 290 310 270 330 310 290 300 300 300 310 310 280 270 280 310 290 340 320 290 30 280 320 290 330 310
0 280 300 370 0 350 280 320 310 310 310 70 310 320 50 350 300 80 330 330 320 70 300 310 310 290 310 310 320 310 330 320 330 290 90 340 340 340 330 310 50 320 310 310 320 70 60 280 320 320 310 320 320 320 320 40 50 70 280 340 80 320 310 340 320 60 300 300 30 300 330 310 360 70 310 310 320 350 310 340 330
0 330 290 370 340 0 70 320 330 80 320 340 350 330 330 340 310 350 350 70 320 340 340 100 320 290 340 340 70 300 340 360 340 280 330 80 100 360 330 330 320 320 330 320 340 320 330 290 100 20 350 340 330 70 350 340 340 340 330 270 330 340 100 40 320 330 350 320 320 300 80 350 80 370 350 320 340 280 70 350 310
0 270 280 360 310 80 0 300 290 40 300 320 300 300 290 330 290 320 320 60 310 310 290 40 300 280 310 300 50 300 320 320 320 280 340 70 70 320 320 290 290 300 310 300 310 320 300 260 50 50 290 310 310 50 310 280 290 310 270 330 330 310 40 70 300 310 290 280 270 280 60 290 90 310 290 290 300 330 40 330 310
0 300 60 390 320 330 290 0 320 320 320 330 70 330 320 290 60 330 310 270 310 330 300 330 60 50 90 330 320 310 280 330 310 310 360 350 300 340 20 320 320 30 320 330 330 330 320 290 320 340 310 340 300 330 300 310 300 300 40 80 320 330 330 350 70 340 320 60 300 280 340 50 350 330 320 290 330 90 330 340 80
0 320 340 130 350 380 330 340 0 350 340 370 350 90 340 70 320 370 340 310 70 330 310 350 350 320 360 80 340 350 70 370 80 80 370 380 350 90 320 80 350 350 70 90 340 320 290 310 330 360 60 90 340 340 330 340 310 300 320 320 360 330 350 340 350 330 350 280 320 330 340 310 350 340 350 70 340 370 350 350 330
0 320 320 370 350 100 60 320 340 0 300 350 350 320 340 320 320 360 320 70 340 350 290 80 340 310 370 330 80 310 340 320 350 300 350 90 80 330 300 330 340 340 320 320 330 300 320 310 60 40 310 340 340 40 310 330 300 310 320 340 350 340 90 60 360 350 340 330 320 320 70 300 100 320 350 320 340 370 30 340 320
0 60 310 340 340 320 350 320 310 350 0 360 340 290 320 340 330 360 110 330 330 320 80 340 340 310 370 330 340 70 340 80 350 330 380 340 320 370 330 330 300 340 330 310 70 300 320 90 300 330 280 360 90 340 100 330 340 340 320 330 320 100 350 320 360 330 110 320 320 60 310 340 380 360 90 330 70 330 340 110 330
0 330 330 380 100 320 320 320 340 350 340 0 330 320 70 320 340 100 350 330 280 50 330 350 340 330 370 330 280 310 340 350 350 340 80 350 330 370 320 330 80 350 340 320 350 40 60 320 350 340 340 350 350 340 350 90 70 40 330 340 90 330 310 320 360 10 340 330 70 310 290 330 350 100 350 350 330 340 340 350 310
0 300 50 350 320 310 340 50 290 340 290 330 0 270 310 330 60 290 310 320 300 300 290 320 60 50 80 270 300 340 330 320 340 330 320 340 320 330 60 310 290 70 310 320 320 280 300 330 310 330 300 340 320 320 300 310 290 320 40 70 300 330 320 290 70 300 300 50 310 320 300 40 340 320 340 320 270 60 280 330 70
0 290 310 100 320 330 330 330 30 330 280 330 340 0 300 70 320 330 340 330 50 290 310 340 320 300 360 60 310 330 70 320 80 60 360 350 310 90 320 50 280 330 60 60 310 270 290 320 320 320 40 70 330 320 330 310 310 320 290 340 290 330 320 290 350 300 340 300 320 310 290 320 370 340 340 70 300 350 310 350 320
0 300 310 360 80 320 320 330 330 340 310 80 340 320 0 330 280 40 320 310 320 30 290 310 330 300 340 320 280 300 320 290 340 280 80 330 310 330 320 270 70 330 310 300 320 40 50 300 310 280 300 320 330 280 310 30 40 60 280 330 80 310 300 310 310 50 330 290 60 300 320 290 340 60 320 320 350 340 330 330 310
0 270 290 100 310 330 260 270 40 300 300 320 300 50 290 0 290 320 300 280 60 310 270 300 300 280 310 40 310 300 30 320 60 30 330 320 310 50 280 40 300 290 40 40 300 320 300 270 290 310 20 50 310 310 290 280 270 310 270 330 330 310 300 330 300 310 290 290 270 280 310 280 330 300 300 40 300 340 300 310 320
0 330 60 380 340 340 340 90 330 360 330 360 90 320 320 340 0 320 340 350 290 340 350 310 90 60 110 350 300 320 350 360 330 310 330 370 350 370 70 330 330 90 360 340 360 300 350 320 360 310 350 290 330 330 340 340 350 340 70 100 350 320 330 310 100 290 350 70 350 330 300 100 360 370 330 340 350 60 360 360 70
0 270 290 330 70 350 310 310 320 330 300 70 330 330 30 340 300 0 320 320 310 60 290 320 320 280 310 320 310 320 320 320 330 310 80 320 330 320 320 300 60 310 310 300 320 70 40 320 310 310 290 310 320 310 310 30 30 50 270 330 70 310 300 330 300 60 330 290 50 290 330 290 350 60 330 300 340 350 330 330 320
0 70 280 370 310 350 320 320 300 330 40 350 350 330 350 350 300 330 0 320 310 310 90 280 330 280 350 330 320 70 340 80 320 320 370 380 330 320 330 320 300 310 330 350 70 340 330 70 340 330 320 330 60 340 70 340 340 340 330 330 350 70 330 350 360 320 90 320 330 40 320 350 350 370 40 310 100 350 340 90 340
0 290 310 380 310 100 30 290 310 60 320 320 320 320 310 280 310 320 320 0 330 330 290 60 310 300 330 320 70 320 270 340 340 300 350 90 70 330 270 320 320 310 310 320 320 340 310 280 60 70 300 330 290 70 310 300 290 290 290 330 310 320 60 90 320 330 310 310 290 300 70 300 100 320 320 280 320 350 70 330 320
0 320 320 110 350 310 310 310 70 340 330 350 340 50 340 50 320 360 340 320 0 340 320 340 330 320 360 80 270 320 80 360 80 70 320 340 320 100 330 80 320 340 70 60 340 290 330 310 340 330 70 100 340 330 340 330 320 330 320 320 340 350 350 300 350 350 320 320 320 300 340 320 350 340 340 80 350 330 350 360 300
0 350 350 370 100 350 350 320 300 360 300 90 360 330 100 350 360 80 360 330 340 0 350 370 340 350 370 330 320 340 340 340 340 350 120 380 280 380 330 340 40 340 340 350 330 80 70 340 340 350 320 380 350 350 350 100 100 90 350 360 50 380 370 350 380 100 370 320 100 310 290 350 390 110 380 340 320 360 350 380 320
0 40 310 380 320 370 310 340 330 350 70 330 350 350 310 360 320 340 30 350 330 340 0 310 320 310 360 340 320 80 340 80 340 320 360 350 350 350 350 320 320 340 330 320 80 340 320 60 330 320 320 330 50 330 20 310 310 330 290 350 350 60 320 350 350 340 80 310 320 60 300 320 330 340 70 290 100 370 350 90 320
0 310 290 360 290 80 50 320 290 80 280 350 340 310 330 350 300 350 340 70 320 300 330 0 330 290 340 320 70 320 340 320 330 320 370 100 60 320 340 340 280 320 320 330 310 320 320 310 60 60 300 330 320 100 330 330 330 320 310 340 340 320 50 80 340 320 330 300 310 300 50 330 90 350 280 310 340 350 70 350 330
0 320 80 380 350 340 330 80 320 360 320 280 40 300 330 330 70 320 340 340 290 320 320 350 0 60 90 290 290 300 350 350 350 350 350 370 340 350 70 340 320 90 340 340 350 310 320 330 340 350 330 360 350 350 330 340 320 310 70 30 310 350 330 320 100 280 330 80 340 320 300 70 360 340 360 340 300 90 310 360 70
0 330 60 370 310 320 320 40 300 350 290 320 80 320 330 320 20 330 320 300 300 300 320 320 50 0 100 320 310 310 320 330 310 320 350 360 320 360 50 310 290 40 330 340 320 310 320 310 330 320 310 310 290 330 310 320 320 330 60 80 350 320 340 320 100 290 350 50 330 270 310 70 360 350 340 280 340 70 340 360 80
0 310 50 380 320 320 320 70 320 340 310 330 80 330 290 340 60 320 320 330 330 320 290 320 60 50 0 280 310 310 340 320 330 300 340 330 330 330 70 300 320 70 260 300 270 320 300 310 310 310 300 300 300 320 310 290 290 310 20 70 300 310 300 340 80 340 330 30 310 300 330 40 350 320 330 320 310 80 290 330 60
0 310 320 110 340 310 330 330 80 360 290 350 360 60 330 80 320 350 310 340 90 350 280 330 340 320 370 0 290 330 90 350 100 70 350 350 330 70 330 70 330 350 50 70 320 310 340 340 310 330 40 100 320 340 300 320 290 350 310 320 350 340 340 330 350 350 330 330 340 320 320 290 330 310 350 60 350 320 280 330 320
0 330 330 390 340 90 90 350 320 80 320 340 350 300 340 340 320 350 340 100 320 330 350 80 320 330 380 350 0 310 340 360 330 350 320 100 100 360 330 330 320 360 340 330 350 280 330 330 90 100 340 350 330 70 330 340 350 330 330 350 330 350 100 40 360 340 320 320 340 290 80 350 80 350 350 350 340 360 100 380 350
0 90 350 390 330 330 350 360 360 380 100 330 350 360 350 360 340 340 70 360 310 340 90 330 320 350 380 350 320 0 380 90 320 350 380 340 360 380 370 320 350 360 360 350 110 340 360 60 350 350 350 370 70 340 70 340 340 370 330 350 370 50 350 350 380 340 60 340 350 30 340 350 370 370 100 340 70 350 360 100 350
0 320 300 130 290 360 310 320 80 340 320 310 320 70 330 50 310 340 350 320 70 330 320 340 290 300 340 60 330 330 0 350 80 70 380 340 320 70 290 80 330 310 70 50 330 340 290 310 340 350 70 90 280 340 340 330 320 280 320 320 340 310 340 350 350 320 330 330 310 310 330 320 360 350 340 10 320 360 330 360 310
0 80 350 330 360 380 360 360 330 360 70 370 330 310 340 350 350 330 110 370 350 340 90 360 360 340 370 340 360 100 380 0 380 340 370 390 360 340 340 350 320 370 360 360 100 320 330 90 360 360 350 370 110 360 100 350 350 320 330 380 340 100 360 330 360 350 120 340 330 90 340 350 370 370 100 350 80 380 340 130 360
0 310 290 100 280 320 300 320 70 330 310 300 320 60 290 70 280 330 290 310 60 320 290 300 290 290 330 60 280 320 70 290 0 60 340 330 310 70 320 10 320 300 50 40 320 300 300 300 310 320 40 60 270 280 280 290 290 320 280 310 330 310 300 310 340 310 320 290 300 300 320 290 320 310 320 30 320 340 330 330 320
0 310 330 130 340 350 310 330 80 340 330 350 340 80 320 70 330 350 350 310 50 340 320 330 340 320 350 70 310 280 60 340 70 0 360 350 360 80 310 60 340 350 60 80 320 320 340 280 350 330 70 60 330 330 340 330 320 340 310 360 310 320 340 330 350 350 330 330 310 300 350 330 370 350 340 70 320 370 310 360 320
0 270 290 360 70 340 310 310 290 330 290 70 340 300 40 340 290 70 280 320 310 40 290 300 320 290 340 290 310 320 320 320 330 310 0 320 310 330 320 300 30 320 310 300 320 20 40 320 290 310 300 310 320 310 290 30 40 50 270 330 70 310 300 290 340 60 330 290 50 300 310 290 340 60 320 310 340 350 300 330 320
0 330 280 380 320 70 70 310 310 70 310 340 350 340 350 320 290 350 310 60 310 320 330 40 330 280 360 320 60 320 330 350 320 320 360 0 80 320 320 330 310 310 330 350 320 330 340 320 80 60 320 320 310 90 330 340 330 350 330 340 360 340 80 90 360 310 350 330 330 290 70 340 40 310 310 300 360 350 80 340 340
0 320 330 350 340 80 100 340 280 110 280 340 350 310 340 350 340 320 340 70 320 290 330 100 320 330 350 310 70 320 320 320 320 350 380 100 0 360 340 320 280 360 320 330 310 320 310 320 60 90 300 360 330 70 330 340 330 320 320 340 340 350 100 70 360 350 360 300 340 290 40 330 110 350 370 320 350 350 70 360 320
0 300 320 100 350 380 340 330 90 350 330 360 350 90 320 80 320 290 320 340 80 340 290 340 340 320 340 90 340 330 90 350 80 80 370 350 350 0 320 70 340 300 80 70 340 330 290 310 340 340 60 80 330 340 310 310 320 310 300 320 350 310 310 340 330 330 350 280 320 320 330 320 290 340 350 70 340 370 350 350 340
0 280 40 370 320 350 280 30 310 310 310 330 50 320 310 280 50 340 320 290 330 320 290 310 60 30 70 320 320 310 300 340 330 300 340 340 320 320 0 310 310 50 310 310 320 330 320 280 310 320 290 320 320 320 310 300 290 320 30 80 310 310 310 340 60 320 300 40 280 300 320 30 350 310 310 310 320 90 320 330 70
0 310 300 100 340 320 310 320 70 330 300 330 340 60 290 70 280 320 310 310 50 320 290 320 330 290 340 60 280 320 60 290 70 60 330 320 330 60 310 0 320 320 50 40 310 290 300 300 310 310 40 50 330 280 300 280 280 310 270 330 330 310 300 310 340 310 320 290 310 300 320 290 350 310 330 60 340 330 330 320 320
0 320 320 340 70 320 340 320 270 350 260 90 350 290 70 330 320 90 340 320 340 20 320 340 330 320 360 290 320 330 330 300 340 330 110 340 300 340 320 330 0 340 300 320 290 50 40 320 300 330 280 350 320 340 330 80 60 50 320 320 60 340 350 320 360 70 350 280 70 320 280 310 350 70 350 330 330 330 310 350 310
0 330 70 390 360 360 340 90 350 360 330 340 100 350 300 360 70 330 320 350 350 320 300 340 100 60 90 330 320 340 360 330 350 320 350 350 340 340 90 310 340 0 320 320 330 340 320 330 320 320 310 350 350 320 320 290 300 340 40 90 350 330 320 350 90 350 340 50 330 330 340 50 360 330 350 330 370 110 350 340 80
0 320 320 120 310 320 330 340 90 360 300 330 340 70 340 80 330 320 320 340 70 340 290 330 320 320 320 20 300 310 100 360 70 40 350 360 340 80 330 70 340 330 0 80 270 320 300 310 320 340 50 100 300 350 310 330 300 310 320 330 350 310 350 340 340 340 340 290 330 290 330 300 340 320 350 70 350 340 290 340 330
0 280 270 100 310 330 320 300 40 300 300 330 300 50 290 70 280 330 320 310 40 310 290 300 310 270 320 30 300 300 60 320 50 30 340 290 330 70 310 40 290 290 20 0 290 320 300 300 320 310 40 50 300 320 310 290 290 300 280 330 330 310 300 320 310 300 330 290 270 280 310 300 330 320 300 30 310 310 300 320 280
0 60 310 370 310 310 320 330 340 350 40 320 340 320 330 350 330 330 60 340 320 350 30 320 310 310 330 270 300 60 350 90 320 300 350 350 330 330 330 320 330 320 270 330 0 320 310 60 310 330 300 350 40 340 50 330 290 320 320 320 350 70 340 330 350 330 70 290 320 30 320 290 340 320 80 320 80 330 280 70 320
0 310 330 370 80 350 320 330 300 320 300 60 330 280 60 320 330 90 350 330 330 60 330 350 310 320 370 330 330 340 320 340 350 340 120 360 330 360 310 320 40 350 340 340 330 0 50 320 340 340 320 350 340 300 350 70 70 50 310 330 50 340 340 280 360 70 350 300 70 330 310 330 380 100 350 330 320 370 330 370 340
0 290 310 380 70 360 340 330 320 320 320 90 320 330 60 360 290 90 330 340 320 50 310 320 330 300 340 320 320 320 340 340 310 310 100 350 320 350 340 310 60 330 330 320 340 70 0 320 330 330 320 320 320 310 320 50 60 80 290 350 100 330 320 340 320 60 350 310 40 310 330 320 370 80 320 320 320 340 340 350 340
0 40 320 390 340 360 290 340 320 320 60 350 330 330 320 350 320 350 80 330 340 340 50 330 330 310 340 320 340 70 340 100 350 310 370 350 350 350 330 330 320 330 300 330 60 320 330 0 330 340 320 340 80 340 70 320 310 340 300 360 360 80 330 330 330 340 60 320 300 60 340 320 370 340 70 330 70 360 300 90 340
0 310 280 370 320 80 50 280 300 70 300 330 330 330 330 310 290 340 330 30 300 310 320 70 320 280 350 330 50 300 300 330 320 320 360 90 20 330 300 310 300 310 320 320 330 330 330 310 0 70 280 320 310 70 320 320 320 320 310 350 340 330 80 80 320 310 330 320 310 280 60 300 100 320 330 300 340 340 90 340 330
0 320 330 350 350 100 50 330 340 80 330 330 340 340 320 330 330 350 340 50 310 340 320 80 320 320 360 330 60 280 320 340 320 260 320 100 100 340 310 310 340 350 320 340 330 320 350 280 90 0 330 320 330 70 340 330 320 340 320 340 320 320 90 70 350 340 330 330 310 300 80 330 70 350 340 320 330 370 60 350 290
0 300 290 130 340 340 320 300 60 330 320 350 330 80 320 70 310 350 350 310 60 330 320 330 330 290 350 60 320 310 60 350 70 50 360 320 300 90 310 70 310 320 50 40 320 340 330 320 280 310 0 80 320 340 340 320 320 320 310 350 360 340 330 340 340 320 350 320 300 300 330 320 360 340 330 60 320 340 330 350 310
0 300 310 100 310 350 320 330 40 350 300 340 350 70 320 70 320 290 320 320 70 310 320 280 330 310 340 70 330 290 70 330 80 20 300 350 330 80 320 70 300 330 70 70 330 320 330 290 330 280 60 0 340 340 330 310 320 340 300 350 330 290 320 330 330 340 350 310 330 310 320 320 330 340 300 70 340 370 330 350 310
0 40 280 380 280 350 290 310 320 320 60 290 310 320 320 340 300 320 90 320 300 320 60 320 280 280 320 310 310 60 340 80 330 310 360 350 310 350 330 320 310 290 320 320 70 330 310 40 340 340 320 330 0 340 80 310 320 330 300 300 320 80 320 330 330 300 60 310 300 40 320 320 380 340 70 300 60 350 320 90 340
0 320 330 370 320 80 50 310 310 90 290 340 340 320 340 310 290 350 340 30 320 320 320 80 320 280 360 330 60 320 300 340 320 320 360 110 80 350 290 330 310 310 320 340 330 330 330 280 70 80 310 320 310 0 330 330 320 320 320 350 340 340 90 80 350 310 340 330 320 290 70 320 120 350 340 300 350 340 60 360 350
0 70 290 380 300 360 320 320 310 340 50 320 330 340 340 350 310 320 20 340 320 320 70 290 300 290 350 330 300 80 350 90 330 330 350 340 330 330 340 330 310 320 330 310 80 320 330 60 350 340 330 340 30 350 0 330 330 340 320 330 350 80 340 330 350 320 80 330 320 50 330 330 310 350 50 280 80 360 340 100 330
0 300 310 360 70 330 320 310 320 350 310 50 350 330 10 330 290 40 300 320 320 40 270 310 320 290 320 300 290 310 330 300 330 290 60 340 310 310 310 280 60 320 290 310 300 50 60 300 290 290 280 320 320 290 290 0 20 70 280 340 80 320 310 320 320 60 310 300 60 300 310 280 330 40 330 300 340 340 320 310 320
0 290 300 380 60 330 310 300 320 340 320 70 340 350 50 320 310 70 290 310 320 70 260 310 310 300 340 290 310 310 320 320 340 320 60 330 300 300 300 300 60 330 280 300 290 70 60 320 280 320 270 330 300 310 280 40 0 70 290 340 90 320 320 340 340 70 300 310 50 300 300 270 320 30 320 290 330 340 310 300 320
0 300 320 390 80 360 290 300 320 330 330 90 330 340 60 290 300 90 330 310 330 60 300 330 330 310 340 330 330 310 320 350 320 310 100 350 340 340 280 320 70 320 320 330 330 80 20 290 320 330 310 330 330 330 320 60 50 0 300 360 70 300 330 350 330 70 320 320 40 310 340 310 360 70 330 320 300 360 330 340 290
0 300 40 370 340 340 310 60 310 320 290 320 70 320 280 330 50 320 310 320 320 310 280 320 80 40 70 310 300 320 320 310 330 300 330 320 320 320 60 290 310 60 300 290 310 320 290 310 300 300 290 330 320 300 300 280 280 300 0 60 320 300 290 330 70 320 320 20 300 300 320 30 340 310 320 310 330 80 330 320 50
0 320 80 390 340 320 350 70 320 370 320 350 100 350 340 350 50 360 350 330 330 330 340 350 80 40 120 350 330 340 340 360 340 340 380 370 350 370 80 340 320 60 360 350 350 330 350 340 350 340 340 340 320 350 340 330 340 360 60 0 380 350 350 340 130 320 380 80 360 300 340 90 390 360 330 310 370 80 370 380 100
0 330 310 390 60 360 330 310 350 350 330 40 320 320 90 340 330 90 360 320 310 90 340 360 290 310 360 320 320 330 330 370 340 350 110 360 350 380 330 350 80 340 350 340 360 80 90 330 340 370 330 360 350 360 350 90 90 80 330 320 0 370 350 350 360 50 350 340 70 320 320 350 390 110 360 330 270 370 330 370 340
0 100 360 390 350 350 360 330 340 380 80 350 370 360 370 360 350 360 90 340 330 300 90 350 340 360 390 370 340 20 350 110 330 370 390 350 320 390 340 340 330 350 370 370 110 360 330 80 370 370 360 380 80 350 80 360 360 370 350 360 350 0 370 370 390 330 80 350 360 40 330 360 390 380 110 350 90 370 350 120 350
0 310 330 350 330 110 90 340 330 80 330 330 340 350 330 360 300 360 330 100 330 320 310 80 320 320 350 340 70 340 360 340 310 320 360 110 50 340 350 310 330 340 320 340 330 340 280 340 70 90 310 330 320 70 320 320 310 340 310 350 290 350 0 100 340 330 340 310 310 330 90 310 110 330 340 340 310 360 90 340 350
0 330 340 380 340 110 80 340 340 100 320 350 350 350 350 340 320 380 340 60 320 340 320 100 340 310 370 340 70 350 310 370 340 340 370 90 100 350 320 350 330 330 340 350 330 330 300 310 80 100 320 350 320 40 330 340 320 310 330 320 350 340 70 0 360 320 350 280 330 320 80 320 120 340 350 310 340 370 90 350 340
0 300 60 350 360 360 340 90 280 360 310 360 100 340 320 350 70 290 350 330 340 320 320 350 90 60 80 330 320 340 340 350 350 320 360 350 340 350 80 320 310 80 340 320 340 340 310 330 340 320 320 340 350 340 340 310 320 320 40 80 360 330 330 350 0 350 360 40 340 310 330 70 360 340 360 330 350 110 350 360 30
0 320 320 380 100 320 320 320 330 350 330 90 320 310 60 310 330 90 350 330 270 80 320 340 340 320 360 320 270 320 340 340 340 330 70 350 320 360 330 320 70 340 330 320 340 40 60 320 350 330 330 360 350 330 340 80 70 80 320 330 80 360 300 310 350 0 330 320 60 300 280 330 350 90 350 340 320 330 330 340 300
0 70 310 360 310 350 320 330 300 350 40 290 300 310 350 340 320 330 80 350 300 300 70 280 280 310 350 310 310 60 360 80 350 310 360 300 320 330 340 350 300 330 330 350 70 320 330 60 330 330 320 350 80 360 90 340 330 320 330 300 320 70 320 340 360 300 0 320 330 60 310 340 340 340 40 320 50 310 320 110 330
0 310 70 390 340 360 320 60 340 330 330 360 80 330 330 320 50 360 320 330 320 320 300 330 90 50 90 330 320 340 340 350 320 320 350 360 340 330 40 320 330 80 320 330 320 310 280 290 320 350 300 330 330 330 310 320 300 290 50 50 350 320 330 320 80 310 330 0 310 320 330 40 360 320 330 320 320 100 330 340 60
0 260 280 350 40 330 310 300 290 290 290 70 290 300 30 330 280 60 310 310 310 40 280 290 320 270 310 290 300 290 310 320 310 280 70 320 320 320 310 290 30 300 300 290 310 50 40 290 300 300 290 300 300 300 300 20 30 50 260 320 70 300 290 320 290 40 320 280 0 280 310 290 350 50 290 290 300 330 310 320 310
0 70 330 380 310 320 330 340 350 360 80 320 330 340 330 340 320 320 60 340 290 350 70 330 300 330 360 330 300 40 350 70 300 330 360 360 350 360 350 300 350 340 340 340 90 320 340 40 330 330 330 350 50 320 50 320 320 350 310 330 350 80 340 330 360 320 100 320 330 0 340 330 350 350 90 320 80 330 340 100 330
0 350 340 370 360 110 90 350 370 80 370 370 350 360 350 340 350 370 350 100 350 370 350 110 350 340 390 360 60 340 370 330 350 320 370 100 130 390 360 350 360 360 350 330 360 340 370 330 110 60 350 380 350 110 350 360 350 370 350 380 360 380 110 100 380 370 370 360 340 310 0 360 120 380 370 340 360 370 100 380 280
0 320 40 380 320 330 320 40 320 340 320 320 80 350 300 310 50 320 330 310 320 330 310 310 50 40 100 300 310 310 320 320 330 320 350 330 300 290 40 290 320 70 300 330 300 320 330 320 280 320 300 330 300 310 320 290 310 340 40 80 350 340 330 340 80 330 300 60 320 300 340 0 320 280 330 320 350 80 310 300 90
0 330 340 390 360 130 60 320 350 100 350 370 350 360 350 320 330 380 360 80 360 340 330 100 360 330 370 350 100 350 350 380 350 340 380 120 100 360 300 350 350 350 340 350 340 350 300 290 90 110 340 360 350 90 350 340 330 360 330 380 350 350 100 90 360 350 350 340 330 340 110 330 0 350 350 350 360 340 70 370 370
0 300 300 360 40 330 290 300 320 320 310 50 320 330 60 290 310 50 330 310 320 80 300 330 290 300 340 280 310 330 320 350 330 310 100 350 320 270 280 330 70 310 280 330 280 70 50 290 320 340 310 340 280 340 320 60 50 60 300 320 70 320 320 340 330 60 320 290 40 300 330 310 300 0 320 320 330 340 290 340 330
0 40 310 340 270 320 290 320 270 320 10 330 320 290 310 340 310 350 80 320 330 280 60 320 310 300 320 300 320 40 330 40 340 310 360 340 300 320 320 320 260 330 300 320 40 300 300 30 300 330 280 330 60 330 70 310 310 310 290 320 320 40 320 320 320 330 50 280 290 50 280 310 330 330 0 320 70 330 310 90 310
0 310 290 130 290 360 300 320 70 330 310 300 320 70 330 100 310 330 350 340 60 340 320 330 290 290 330 60 320 330 90 350 80 60 370 360 320 100 340 80 320 310 70 80 340 340 320 300 340 350 70 80 270 350 340 320 320 340 310 320 340 340 330 340 340 310 330 320 310 310 330 320 380 340 330 0 320 360 330 350 350
0 80 300 390 350 350 330 300 330 350 60 340 350 340 340 330 320 370 90 310 300 340 80 360 320 300 380 350 300 90 320 100 330 350 360 380 340 370 320 330 330 320 360 350 100 320 350 70 350 360 340 350 80 350 80 350 340 340 340 350 360 100 330 340 370 290 100 350 340 60 300 340 380 360 100 320 0 360 360 100 330
0 310 20 380 320 340 340 50 310 330 310 320 80 320 330 340 40 350 340 320 300 320 330 340 50 20 70 330 310 320 330 340 320 320 360 330 340 360 70 330 310 50 320 300 320 300 340 330 350 330 330 320 310 340 330 320 330 330 50 80 350 340 340 310 80 310 360 70 310 290 320 80 350 350 340 300 340 0 340 340 60
0 300 310 350 330 80 60 320 320 90 280 340 350 310 320 330 310 340 300 70 340 330 270 60 320 310 350 310 60 320 330 330 350 330 330 80 60 310 310 310 320 340 290 310 300 320 330 320 40 70 280 340 310 70 290 310 280 340 300 350 330 330 70 70 330 340 310 320 320 320 50 280 80 300 330 300 340 350 0 310 300
0 70 330 380 340 340 350 360 330 380 70 340 360 350 350 350 340 320 60 350 320 340 90 310 330 330 360 350 330 10 350 100 320 310 330 340 360 360 350 330 330 360 360 350 100 350 360 60 350 300 350 290 70 340 70 340 350 370 330 350 360 60 350 360 360 350 70 340 350 30 350 350 360 370 70 340 80 360 350 0 330
0 320 60 390 340 340 340 90 350 350 340 340 90 340 320 360 70 350 340 340 320 350 340 350 70 60 110 340 290 310 350 350 320 300 350 340 360 370 90 330 340 80 330 310 330 320 350 310 340 300 330 350 330 340 330 330 340 340 70 100 350 360 350 330 100 350 350 80 320 290 360 90 350 370 350 320 330 90 350 370 0
SETUP_COST
0.0 800.0 1000.0 600.0 1400.0 1600.0 1600.0 1400.0 600.0 1200.0 600.0 1200.0 800.0 1000.0 1200.0 2000.0 1200.0 800.0 1600.0 1600.0 1400.0 800.0 1200.0 1200.0 800.0 800.0 1600.0 800.0 1400.0 1200.0 1600.0 1200.0 1800.0 1000.0 2000.0 1800.0 1200.0 1800.0 1600.0 1200.0 400.0 1400.0 1200.0 1400.0 1000.0 800.0 1200.0 1200.0 1200.0 1600.0 1000.0 1600.0 1400.0 1600.0 1400.0 1000.0 1200.0 1400.0 800.0 1400.0 1400.0 1200.0 1400.0 1000.0 1400.0 1400.0 1600.0 800.0 800.0 1000.0 800.0 1200.0 2200.0 1600.0 1200.0 1200.0 800.0 1800.0 1200.0 1000.0 1400.0
0.0 0.0 5600.0 7000.0 6400.0 6800.0 6200.0 6200.0 6200.0 6400.0 800.0 6400.0 6600.0 6400.0 5600.0 6600.0 5800.0 6400.0 1000.0 6400.0 6200.0 6200.0 600.0 6400.0 6600.0 5600.0 6600.0 6200.0 6000.0 1200.0 6200.0 1200.0 6400.0 6000.0 6600.0 6400.0 6400.0 6400.0 6400.0 5800.0 6200.0 6200.0 6000.0 5800.0 1000.0 6400.0 5800.0 1000.0 6000.0 6000.0 5800.0 6000.0 1000.0 6000.0 800.0 5600.0 5600.0 6000.0 5200.0 6400.0 6400.0 800.0 5800.0 6600.0 6600.0 6200.0 1200.0 5600.0 6000.0 600.0 6400.0 5600.0 6800.0 6200.0 1400.0 6000.0 1400.0 6800.0 6600.0 1200.0 6200.0
0.0 6600.0 0.0 7400.0 6200.0 6400.0 6400.0 800.0 6000.0 6200.0 5800.0 6400.0 1600.0 6400.0 6600.0 6400.0 400.0 6600.0 6400.0 6000.0 5800.0 6000.0 6400.0 6400.0 1000.0 200.0 2000.0 6400.0 5800.0 6200.0 6400.0 6600.0 6200.0 6400.0 7000.0 7200.0 6400.0 7200.0 1000.0 6200.0 5800.0 800.0 6600.0 6800.0 6400.0 6200.0 6400.0 6200.0 6600.0 6400.0 6200.0 6200.0 5800.0 6600.0 6200.0 6400.0 6400.0 6600.0 1200.0 1600.0 7000.0 6400.0 6800.0 6600.0 2000.0 5800.0 7000.0 1000.0 6600.0 5400.0 6200.0 1400.0 7200.0 7000.0 6800.0 5600.0 6800.0 1400.0 6600.0 6400.0 1400.0
0.0 5400.0 5800.0 0.0 6200.0 6400.0 6200.0 6200.0 800.0 5800.0 6000.0 6600.0 5400.0 400.0 5800.0 1600.0 5800.0 6000.0 6400.0 6400.0 1000.0 6200.0 5800.0 6000.0 6400.0 5600.0 6200.0 400.0 6000.0 6000.0 1200.0 6400.0 1200.0 600.0 6600.0 6400.0 6600.0 1400.0 6400.0 800.0 5800.0 6000.0 1000.0 800.0 6400.0 5800.0 6000.0 5800.0 6200.0 6200.0 800.0 1000.0 6000.0 6200.0 6200.0 5600.0 5800.0 6200.0 5400.0 6600.0 6200.0 5800.0 6000.0 6000.0 6000.0 6200.0 6200.0 5600.0 5400.0 5600.0 6200.0 5800.0 6800.0 6400.0 5800.0 600.0 5600.0 6400.0 5800.0 6600.0 6200.0
0.0 5600.0 6000.0 7400.0 0.0 7000.0 5600.0 6400.0 6200.0 6200.0 6200.0 1400.0 6200.0 6400.0 1000.0 7000.0 6000.0 1600.0 6600.0 6600.0 6400.0 1400.0 6000.0 6200.0 6200.0 5800.0 6200.0 6200.0 6400.0 6200.0 6600.0 6400.0 6600.0 5800.0 1800.0 6800.0 6800.0 6800.0 6600.0 6200.0 1000.0 6400.0 6200.0 6200.0 6400.0 1400.0 1200.0 5600.0 6400.0 6400.0 6200.0 6400.0 6400.0 6400.0 6400.0 800.0 1000.0 1400.0 5600.0 6800.0 1600.0 6400.0 6200.0 6800.0 6400.0 1200.0 6000.0 6000.0 600.0 6000.0 6600.0 6200.0 7200.0 1400.0 6200.0 6200.0 6400.0 7000.0 6200.0 6800.0 6600.0
0.0 6600.0 5800.0 7400.0 6800.0 0.0 1400.0 6400.0 6600.0 1600.0 6400.0 6800.0 7000.0 6600.0 6600.0 6800.0 6200.0 7000.0 7000.0 1400.0 6400.0 6800.0 6800.0 2000.0 6400.0 5800.0 6800.0 6800.0 1400.0 6000.0 6800.0 7200.0 6800.0 5600.0 6600.0 1600.0 2000.0 7200.0 6600.0 6600.0 6400.0 6400.0 6600.0 6400.0 6800.0 6400.0 6600.0 5800.0 2000.0 400.0 7000.0 6800.0 6600.0 1400.0 7000.0 6800.0 6800.0 6800.0 6600.0 5400.0 6600.0 6800.0 2000.0 800.0 6400.0 6600.0 7000.0 6400.0 6400.0 6000.0 1600.0 7000.0 1600.0 7400.0 7000.0 6400.0 6800.0 5600.0 1400.0 7000.0 6200.0
0.0 5400.0 5600.0 7200.0 6200.0 1600.0 0.0 6000.0 5800.0 800.0 6000.0 6400.0 6000.0 6000.0 5800.0 6600.0 5800.0 6400.0 6400.0 1200.0 6200.0 6200.0 5800.0 800.0 6000.0 5600.0 6200.0 6000.0 1000.0 6000.0 6400.0 6400.0 6400.0 5600.0 6800.0 1400.0 1400.0 6400.0 6400.0 5800.0 5800.0 6000.0 6200.0 6000.0 6200.0 6400.0 6000.0 5200.0 1000.0 1000.0 5800.0 6200.0 6200.0 1000.0 6200.0 5600.0 5800.0 6200.0 5400.0 6600.0 6600.0 6200.0 800.0 1400.0 6000.0 6200.0 5800.0 5600.0 5400.0 5600.0 1200.0 5800.0 1800.0 6200.0 5800.0 5800.0 6000.0 6600.0 800.0 6600.0 6200.0
0.0 6000.0 1200.0 7800.0 6400.0 6600.0 5800.0 0.0 6400.0 6400.0 6400.0 6600.0 1400.0 6600.0 6400.0 5800.0 1200.0 6600.0 6200.0 5400.0 6200.0 6600.0 6000.0 6600.0 1200.0 1000.0 1800.0 6600.0 6400.0 6200.0 5600.0 6600.0 6200.0 6200.0 7200.0 7000.0 6000.0 6800.0 400.0 6400.0 6400.0 600.0 6400.0 6600.0 6600.0 6600.0 6400.0 5800.0 6400.0 6800.0 6200.0 6800.0 6000.0 6600.0 6000.0 6200.0 6000.0 6000.0 800.0 1600.0 6400.0 6600.0 6600.0 7000.0 1400.0 6800.0 6400.0 1200.0 6000.0 5600.0 6800.0 1000.0 7000.0 6600.0 6400.0 5800.0 6600.0 1800.0 6600.0 6800.0 1600.0
0.0 6400.0 6800.0 2600.0 7000.0 7600.0 6600.0 6800.0 0.0 7000.0 6800.0 7400.0 7000.0 1800.0 6800.0 1400.0 6400.0 7400.0 6800.0 6200.0 1400.0 6600.0 6200.0 7000.0 7000.0 6400.0 7200.0 1600.0 6800.0 7000.0 1400.0 7400.0 1600.0 1600.0 7400.0 7600.0 7000.0 1800.0 6400.0 1600.0 7000.0 7000.0 1400.0 1800.0 6800.0 6400.0 5800.0 6200.0 6600.0 7200.0 1200.0 1800.0 6800.0 6800.0 6600.0 6800.0 6200.0 6000.0 6400.0 6400.0 7200.0 6600.0 7000.0 6800.0 7000.0 6600.0 7000.0 5600.0 6400.0 6600.0 6800.0 6200.0 7000.0 6800.0 7000.0 1400.0 6800.0 7400.0 7000.0 7000.0 6600.0
0.0 6400.0 6400.0 7400.0 7000.0 2000.0 1200.0 6400.0 6800.0 0.0 6000.0 7000.0 7000.0 6400.0 6800.0 6400.0 6400.0 7200.0 6400.0 1400.0 6800.0 7000.0 5800.0 1600.0 6800.0 6200.0 7400.0 6600.0 1600.0 6200.0 6800.0 6400.0 7000.0 6000.0 7000.0 1800.0 1600.0 6600.0 6000.0 6600.0 6800.0 6800.0 6400.0 6400.0 6600.0 6000.0 6400.0 6200.0 1200.0 800.0 6200.0 6800.0 6800.0 800.0 6200.0 6600.0 6000.0 6200.0 6400.0 6800.0 7000.0 6800.0 1800.0 1200.0 7200.0 7000.0 6800.0 6600.0 6400.0 6400.0 1400.0 6000.0 2000.0 6400.0 7000.0 6400.0 6800.0 7400.0 600.0 6800.0 6400.0
0.0 1200.0 6200.0 6800.0 6800.0 6400.0 7000.0 6400.0 6200.0 7000.0 0.0 7200.0 6800.0 5800.0 6400.0 6800.0 6600.0 7200.0 2200.0 6600.0 6600.0 6400.0 1600.0 6800.0 6800.0 6200.0 7400.0 6600.0 6800.0 1400.0 6800.0 1600.0 7000.0 6600.0 7600.0 6800.0 6400.0 7400.0 6600.0 6600.0 6000.0 6800.0 6600.0 6200.0 1400.0 6000.0 6400.0 1800.0 6000.0 6600.0 5600.0 7200.0 1800.0 6800.0 2000.0 6600.0 6800.0 6800.0 6400.0 6600.0 6400.0 2000.0 7000.0 6400.0 7200.0 6600.0 2200.0 6400.0 6400.0 1200.0 6200.0 6800.0 7600.0 7200.0 1800.0 6600.0 1400.0 6600.0 6800.0 2200.0 6600.0
0.0 6600.0 6600.0 7600.0 2000.0 6400.0 6400.0 6400.0 6800.0 7000.0 6800.0 0.0 6600.0 6400.0 1400.0 6400.0 6800.0 2000.0 7000.0 6600.0 5600.0 1000.0 6600.0 7000.0 6800.0 6600.0 7400.0 6600.0 5600.0 6200.0 6800.0 7000.0 7000.0 6800.0 1600.0 7000.0 6600.0 7400.0 6400.0 6600.0 1600.0 7000.0 6800.0 6400.0 7000.0 800.0 1200.0 6400.0 7000.0 6800.0 6800.0 7000.0 7000.0 6800.0 7000.0 1800.0 1400.0 800.0 6600.0 6800.0 1800.0 6600.0 6200.0 6400.0 7200.0 200.0 6800.0 6600.0 1400.0 6200.0 5800.0 6600.0 7000.0 2000.0 7000.0 7000.0 6600.0 6800.0 6800.0 7000.0 6200.0
0.0 6000.0 1000.0 7000.0 6400.0 6200.0 6800.0 1000.0 5800.0 6800.0 5800.0 6600.0 0.0 5400.0 6200.0 6600.0 1200.0 5800.0 6200.0 6400.0 6000.0 6000.0 5800.0 6400.0 1200.0 1000.0 1600.0 5400.0 6000.0 6800.0 6600.0 6400.0 6800.0 6600.0 6400.0 6800.0 6400.0 6600.0 1200.0 6200.0 5800.0 1400.0 6200.0 6400.0 6400.0 5600.0 6000.0 6600.0 6200.0 6600.0 6000.0 6800.0 6400.0 6400.0 6000.0 6200.0 5800.0 6400.0 800.0 1400.0 6000.0 6600.0 6400.0 5800.0 1400.0 6000.0 6000.0 1000.0 6200.0 6400.0 6000.0 800.0 6800.0 6400.0 6800.0 6400.0 5400.0 1200.0 5600.0 6600.0 1400.0
0.0 5800.0 6200.0 2000.0 6400.0 6600.0 6600.0 6600.0 600.0 6600.0 5600.0 6600.0 6800.0 0.0 6000.0 1400.0 6400.0 6600.0 6800.0 6600.0 1000.0 5800.0 6200.0 6800.0 6400.0 6000.0 7200.0 1200.0 6200.0 6600.0 1400.0 6400.0 1600.0 1200.0 7200.0 7000.0 6200.0 1800.0 6400.0 1000.0 5600.0 6600.0 1200.0 1200.0 6200.0 5400.0 5800.0 6400.0 6400.0 6400.0 800.0 1400.0 6600.0 6400.0 6600.0 6200.0 6200.0 6400.0 5800.0 6800.0 5800.0 6600.0 6400.0 5800.0 7000.0 6000.0 6800.0 6000.0 6400.0 6200.0 5800.0 6400.0 7400.0 6800.0 6800.0 1400.0 6000.0 7000.0 6200.0 7000.0 6400.0
0.0 6000.0 6200.0 7200.0 1600.0 6400.0 6400.0 6600.0 6600.0 6800.0 6200.0 1600.0 6800.0 6400.0 0.0 6600.0 5600.0 800.0 6400.0 6200.0 6400.0 600.0 5800.0 6200.0 6600.0 6000.0 6800.0 6400.0 5600.0 6000.0 6400.0 5800.0 6800.0 5600.0 1600.0 6600.0 6200.0 6600.0 6400.0 5400.0 1400.0 6600.0 6200.0 6000.0 6400.0 800.0 1000.0 6000.0 6200.0 5600.0 6000.0 6400.0 6600.0 5600.0 6200.0 600.0 800.0 1200.0 5600.0 6600.0 1600.0 6200.0 6000.0 6200.0 6200.0 1000.0 6600.0 5800.0 1200.0 6000.0 6400.0 5800.0 6800.0 1200.0 6400.0 6400.0 7000.0 6800.0 6600.0 6600.0 6200.0
0.0 5400.0 5800.0 2000.0 6200.0 6600.0 5200.0 5400.0 800.0 6000.0 6000.0 6400.0 6000.0 1000.0 5800.0 0.0 5800.0 6400.0 6000.0 5600.0 1200.0 6200.0 5400.0 6000.0 6000.0 5600.0 6200.0 800.0 6200.0 6000.0 600.0 6400.0 1200.0 600.0 6600.0 6400.0 6200.0 1000.0 5600.0 800.0 6000.0 5800.0 800.0 800.0 6000.0 6400.0 6000.0 5400.0 5800.0 6200.0 400.0 1000.0 6200.0 6200.0 5800.0 5600.0 5400.0 6200.0 5400.0 6600.0 6600.0 6200.0 6000.0 6600.0 6000.0 6200.0 5800.0 5800.0 5400.0 5600.0 6200.0 5600.0 6600.0 6000.0 6000.0 800.0 6000.0 6800.0 6000.0 6200.0 6400.0
0.0 6600.0 1200.0 7600.0 6800.0 6800.0 6800.0 1800.0 6600.0 7200.0 6600.0 7200.0 1800.0 6400.0 6400.0 6800.0 0.0 6400.0 6800.0 7000.0 5800.0 6800.0 7000.0 6200.0 1800.0 1200.0 2200.0 7000.0 6000.0 6400.0 7000.0 7200.0 6600.0 6200.0 6600.0 7400.0 7000.0 7400.0 1400.0 6600.0 6600.0 1800.0 7200.0 6800.0 7200.0 6000.0 7000.0 6400.0 7200.0 6200.0 7000.0 5800.0 6600.0 6600.0 6800.0 6800.0 7000.0 6800.0 1400.0 2000.0 7000.0 6400.0 6600.0 6200.0 2000.0 5800.0 7000.0 1400.0 7000.0 6600.0 6000.0 2000.0 7200.0 7400.0 6600.0 6800.0 7000.0 1200.0 7200.0 7200.0 1400.0
0.0 5400.0 5800.0 6600.0 1400.0 7000.0 6200.0 6200.0 6400.0 6600.0 6000.0 1400.0 6600.0 6600.0 600.0 6800.0 6000.0 0.0 6400.0 6400.0 6200.0 1200.0 5800.0 6400.0 6400.0 5600.0 6200.0 6400.0 6200.0 6400.0 6400.0 6400.0 6600.0 6200.0 1600.0 6400.0 6600.0 6400.0 6400.0 6000.0 1200.0 6200.0 6200.0 6000.0 6400.0 1400.0 800.0 6400.0 6200.0 6200.0 5800.0 6200.0 6400.0 6200.0 6200.0 600.0 600.0 1000.0 5400.0 6600.0 1400.0 6200.0 6000.0 6600.0 6000.0 1200.0 6600.0 5800.0 1000.0 5800.0 6600.0 5800.0 7000.0 1200.0 6600.0 6000.0 6800.0 7000.0 6600.0 6600.0 6400.0
0.0 1400.0 5600.0 7400.0 6200.0 7000.0 6400.0 6400.0 6000.0 6600.0 800.0 7000.0 7000.0 6600.0 7000.0 7000.0 6000.0 6600.0 0.0 6400.0 6200.0 6200.0 1800.0 5600.0 6600.0 5600.0 7000.0 6600.0 6400.0 1400.0 6800.0 1600.0 6400.0 6400.0 7400.0 7600.0 6600.0 6400.0 6600.0 6400.0 6000.0 6200.0 6600.0 7000.0 1400.0 6800.0 6600.0 1400.0 6800.0 6600.0 6400.0 6600.0 1200.0 6800.0 1400.0 6800.0 6800.0 6800.0 6600.0 6600.0 7000.0 1400.0 6600.0 7000.0 7200.0 6400.0 1800.0 6400.0 6600.0 800.0 6400.0 7000.0 7000.0 7400.0 800.0 6200.0 2000.0 7000.0 6800.0 1800.0 6800.0
0.0 5800.0 6200.0 7600.0 6200.0 2000.0 600.0 5800.0 6200.0 1200.0 6400.0 6400.0 6400.0 6400.0 6200.0 5600.0 6200.0 6400.0 6400.0 0.0 6600.0 6600.0 5800.0 1200.0 6200.0 6000.0 6600.0 6400.0 1400.0 6400.0 5400.0 6800.0 6800.0 6000.0 7000.0 1800.0 1400.0 6600.0 5400.0 6400.0 6400.0 6200.0 6200.0 6400.0 6400.0 6800.0 6200.0 5600.0 1200.0 1400.0 6000.0 6600.0 5800.0 1400.0 6200.0 6000.0 5800.0 5800.0 5800.0 6600.0 6200.0 6400.0 1200.0 1800.0 6400.0 6600.0 6200.0 6200.0 5800.0 6000.0 1400.0 6000.0 2000.0 6400.0 6400.0 5600.0 6400.0 7000.0 1400.0 6600.0 6400.0
0.0 6400.0 6400.0 2200.0 7000.0 6200.0 6200.0 6200.0 1400.0 6800.0 6600.0 7000.0 6800.0 1000.0 6800.0 1000.0 6400.0 7200.0 6800.0 6400.0 0.0 6800.0 6400.0 6800.0 6600.0 6400.0 7200.0 1600.0 5400.0 6400.0 1600.0 7200.0 1600.0 1400.0 6400.0 6800.0 6400.0 2000.0 6600.0 1600.0 6400.0 6800.0 1400.0 1200.0 6800.0 5800.0 6600.0 6200.0 6800.0 6600.0 1400.0 2000.0 6800.0 6600.0 6800.0 6600.0 6400.0 6600.0 6400.0 6400.0 6800.0 7000.0 7000.0 6000.0 7000.0 7000.0 6400.0 6400.0 6400.0 6000.0 6800.0 6400.0 7000.0 6800.0 6800.0 1600.0 7000.0 6600.0 7000.0 7200.0 6000.0
0.0 7000.0 7000.0 7400.0 2000.0 7000.0 7000.0 6400.0 6000.0 7200.0 6000.0 1800.0 7200.0 6600.0 2000.0 7000.0 7200.0 1600.0 7200.0 6600.0 6800.0 0.0 7000.0 7400.0 6800.0 7000.0 7400.0 6600.0 6400.0 6800.0 6800.0 6800.0 6800.0 7000.0 2400.0 7600.0 5600.0 7600.0 6600.0 6800.0 800.0 6800.0 6800.0 7000.0 6600.0 1600.0 1400.0 6800.0 6800.0 7000.0 6400.0 7600.0 7000.0 7000.0 7000.0 2000.0 2000.0 1800.0 7000.0 7200.0 1000.0 7600.0 7400.0 7000.0 7600.0 2000.0 7400.0 6400.0 2000.0 6200.0 5800.0 7000.0 7800.0 2200.0 7600.0 6800.0 6400.0 7200.0 7000.0 7600.0 6400.0
0.0 800.0 6200.0 7600.0 6400.0 7400.0 6200.0 6800.0 6600.0 7000.0 1400.0 6600.0 7000.0 7000.0 6200.0 7200.0 6400.0 6800.0 600.0 7000.0 6600.0 6800.0 0.0 6200.0 6400.0 6200.0 7200.0 6800.0 6400.0 1600.0 6800.0 1600.0 6800.0 6400.0 7200.0 7000.0 7000.0 7000.0 7000.0 6400.0 6400.0 6800.0 6600.0 6400.0 1600.0 6800.0 6400.0 1200.0 6600.0 6400.0 6400.0 6600.0 1000.0 6600.0 400.0 6200.0 6200.0 6600.0 5800.0 7000.0 7000.0 1200.0 6400.0 7000.0 7000.0 6800.0 1600.0 6200.0 6400.0 1200.0 6000.0 6400.0 6600.0 6800.0 1400.0 5800.0 2000.0 7400.0 7000.0 1800.0 6400.0
0.0 6200.0 5800.0 7200.0 5800.0 1600.0 1000.0 6400.0 5800.0 1600.0 5600.0 7000.0 6800.0 6200.0 6600.0 7000.0 6000.0 7000.0 6800.0 1400.0 6400.0 6000.0 6600.0 0.0 6600.0 5800.0 6800.0 6400.0 1400.0 6400.0 6800.0 6400.0 6600.0 6400.0 7400.0 2000.0 1200.0 6400.0 6800.0 6800.0 5600.0 6400.0 6400.0 6600.0 6200.0 6400.0 6400.0 6200.0 1200.0 1200.0 6000.0 6600.0 6400.0 2000.0 6600.0 6600.0 6600.0 6400.0 6200.0 6800.0 6800.0 6400.0 1000.0 1600.0 6800.0 6400.0 6600.0 6000.0 6200.0 6000.0 1000.0 6600.0 1800.0 7000.0 5600.0 6200.0 6800.0 7000.0 1400.0 7000.0 6600.0
0.0 6400.0 1600.0 7600.0 7000.0 6800.0 6600.0 1600.0 6400.0 7200.0 6400.0 5600.0 800.0 6000.0 6600.0 6600.0 1400.0 6400.0 6800.0 6800.0 5800.0 6400.0 6400.0 7000.0 0.0 1200.0 1800.0 5800.0 5800.0 6000.0 7000.0 7000.0 7000.0 7000.0 7000.0 7400.0 6800.0 7000.0 1400.0 6800.0 6400.0 1800.0 6800.0 6800.0 7000.0 6200.0 6400.0 6600.0 6800.0 7000.0 6600.0 7200.0 7000.0 7000.0 6600.0 6800.0 6400.0 6200.0 1400.0 600.0 6200.0 7000.0 6600.0 6400.0 2000.0 5600.0 6600.0 1600.0 6800.0 6400.0 6000.0 1400.0 7200.0 6800.0 7200.0 6800.0 6000.0 1800.0 6200.0 7200.0 1400.0
0.0 6600.0 1200.0 7400.0 6200.0 6400.0 6400.0 800.0 6000.0 7000.0 5800.0 6400.0 1600.0 6400.0 6600.0 6400.0 400.0 6600.0 6400.0 6000.0 6000.0 6000.0 6400.0 6400.0 1000.0 0.0 2000.0 6400.0 6200.0 6200.0 6400.0 6600.0 6200.0 6400.0 7000.0 7200.0 6400.0 7200.0 1000.0 6200.0 5800.0 800.0 6600.0 6800.0 6400.0 6200.0 6400.0 6200.0 6600.0 6400.0 6200.0 6200.0 5800.0 6600.0 6200.0 6400.0 6400.0 6600.0 1200.0 1600.0 7000.0 6400.0 6800.0 6400.0 2000.0 5800.0 7000.0 1000.0 6600.0 5400.0 6200.0 1400.0 7200.0 7000.0 6800.0 5600.0 6800.0 1400.0 6800.0 7200.0 1600.0
0.0 6200.0 1000.0 7600.0 6400.0 6400.0 6400.0 1400.0 6400.0 6800.0 6200.0 6600.0 1600.0 6600.0 5800.0 6800.0 1200.0 6400.0 6400.0 6600.0 6600.0 6400.0 5800.0 6400.0 1200.0 1000.0 0.0 5600.0 6200.0 6200.0 6800.0 6400.0 6600.0 6000.0 6800.0 6600.0 6600.0 6600.0 1400.0 6000.0 6400.0 1400.0 5200.0 6000.0 5400.0 6400.0 6000.0 6200.0 6200.0 6200.0 6000.0 6000.0 6000.0 6400.0 6200.0 5800.0 5800.0 6200.0 400.0 1400.0 6000.0 6200.0 6000.0 6800.0 1600.0 6800.0 6600.0 600.0 6200.0 6000.0 6600.0 800.0 7000.0 6400.0 6600.0 6400.0 6200.0 1600.0 5800.0 6600.0 1200.0
0.0 6200.0 6400.0 2200.0 6800.0 6200.0 6600.0 6600.0 1600.0 7200.0 5800.0 7000.0 7200.0 1200.0 6600.0 1600.0 6400.0 7000.0 6200.0 6800.0 1800.0 7000.0 5600.0 6600.0 6800.0 6400.0 7400.0 0.0 5800.0 6600.0 1800.0 7000.0 2000.0 1400.0 7000.0 7000.0 6600.0 1400.0 6600.0 1400.0 6600.0 7000.0 1000.0 1400.0 6400.0 6200.0 6800.0 6800.0 6200.0 6600.0 800.0 2000.0 6400.0 6800.0 6000.0 6400.0 5800.0 7000.0 6200.0 6400.0 7000.0 6800.0 6800.0 6600.0 7000.0 7000.0 6600.0 6600.0 6800.0 6400.0 6400.0 5800.0 6600.0 6200.0 7000.0 1200.0 7000.0 6400.0 5600.0 6600.0 6400.0
0.0 6600.0 6600.0 7800.0 6800.0 1800.0 1800.0 7000.0 6400.0 1600.0 6400.0 6800.0 7000.0 6000.0 6800.0 6800.0 6400.0 7000.0 6800.0 2000.0 6400.0 6600.0 7000.0 1600.0 6400.0 6600.0 7600.0 7000.0 0.0 6200.0 6800.0 7200.0 6600.0 7000.0 6400.0 2000.0 2000.0 7200.0 6600.0 6600.0 6400.0 7200.0 6800.0 6600.0 7000.0 5600.0 6600.0 6600.0 1800.0 2000.0 6800.0 7000.0 6600.0 1400.0 6600.0 6800.0 7000.0 6600.0 6600.0 7000.0 6600.0 7000.0 2000.0 800.0 7200.0 6800.0 6400.0 6400.0 6800.0 5800.0 1600.0 7000.0 1600.0 7000.0 7000.0 7000.0 6800.0 7200.0 2000.0 7600.0 7000.0
0.0 1800.0 7000.0 7800.0 6600.0 6600.0 7000.0 7200.0 7200.0 7600.0 2000.0 6600.0 7000.0 7200.0 7000.0 7200.0 6800.0 6800.0 1400.0 7200.0 6200.0 6800.0 1800.0 6600.0 6400.0 7000.0 7600.0 7000.0 6400.0 0.0 7600.0 1800.0 6400.0 7000.0 7600.0 6800.0 7200.0 7600.0 7400.0 6400.0 7000.0 7200.0 7200.0 7000.0 2200.0 6800.0 7200.0 1200.0 7000.0 7000.0 7000.0 7400.0 1400.0 6800.0 1400.0 6800.0 6800.0 7400.0 6600.0 7000.0 7400.0 1000.0 7000.0 7000.0 7600.0 6800.0 1200.0 6800.0 7000.0 600.0 6800.0 7000.0 7400.0 7400.0 2000.0 6800.0 1400.0 7000.0 7200.0 2000.0 7000.0
0.0 6400.0 6000.0 2600.0 5800.0 7200.0 6200.0 6400.0 1600.0 6800.0 6400.0 6200.0 6400.0 1400.0 6600.0 1000.0 6200.0 6800.0 7000.0 6400.0 1400.0 6600.0 6400.0 6800.0 5800.0 6000.0 6800.0 1200.0 6600.0 6600.0 0.0 7000.0 1600.0 1400.0 7600.0 6800.0 6400.0 1400.0 5800.0 1600.0 6600.0 6200.0 1400.0 1000.0 6600.0 6800.0 5800.0 6200.0 6800.0 7000.0 1400.0 1800.0 5600.0 6800.0 6800.0 6600.0 6400.0 5600.0 6400.0 6400.0 6800.0 6200.0 6800.0 7000.0 7000.0 6400.0 6600.0 6600.0 6200.0 6200.0 6600.0 6400.0 7200.0 7000.0 6800.0 200.0 6400.0 7200.0 6600.0 7200.0 6200.0
0.0 1600.0 7000.0 6600.0 7200.0 7600.0 7200.0 7200.0 6600.0 7200.0 1400.0 7400.0 6600.0 6200.0 6800.0 7000.0 7000.0 6600.0 2200.0 7400.0 7000.0 6800.0 1800.0 7200.0 7200.0 6800.0 7400.0 6800.0 7200.0 2000.0 7600.0 0.0 7600.0 6800.0 7400.0 7800.0 7200.0 6800.0 6800.0 7000.0 6400.0 7400.0 7200.0 7200.0 2000.0 6400.0 6600.0 1800.0 7200.0 7200.0 7000.0 7400.0 2200.0 7200.0 2000.0 7000.0 7000.0 6400.0 6600.0 7600.0 6800.0 2000.0 7200.0 6600.0 7200.0 7000.0 2400.0 6800.0 6600.0 1800.0 6800.0 7000.0 7400.0 7400.0 2000.0 7000.0 1600.0 7600.0 6800.0 2600.0 7200.0
0.0 6200.0 5800.0 2000.0 5600.0 6400.0 6000.0 6400.0 1400.0 6600.0 6200.0 6000.0 6400.0 1200.0 5800.0 1400.0 5600.0 6600.0 5800.0 6200.0 1200.0 6400.0 5800.0 6000.0 5800.0 5800.0 6600.0 1200.0 5600.0 6400.0 1400.0 5800.0 0.0 1200.0 6800.0 6600.0 6200.0 1400.0 6400.0 200.0 6400.0 6000.0 1000.0 800.0 6400.0 6000.0 6000.0 6000.0 6200.0 6400.0 800.0 1200.0 5400.0 5600.0 5600.0 5800.0 5800.0 6400.0 5600.0 6200.0 6600.0 6200.0 6000.0 6200.0 6800.0 6200.0 6400.0 5800.0 6000.0 6000.0 6400.0 5800.0 6400.0 6200.0 6400.0 600.0 6400.0 6800.0 6600.0 6600.0 6400.0
0.0 6200.0 6600.0 2600.0 6800.0 7000.0 6200.0 6600.0 1600.0 6800.0 6600.0 7000.0 6800.0 1600.0 6400.0 1400.0 6600.0 7000.0 7000.0 6200.0 1000.0 6800.0 6400.0 6600.0 6800.0 6400.0 7000.0 1400.0 6200.0 5600.0 1200.0 6800.0 1400.0 0.0 7200.0 7000.0 7200.0 1600.0 6200.0 1200.0 6800.0 7000.0 1200.0 1600.0 6400.0 6400.0 6800.0 5600.0 7000.0 6600.0 1400.0 1200.0 6600.0 6600.0 6800.0 6600.0 6400.0 6800.0 6200.0 7200.0 6200.0 6400.0 6800.0 6600.0 7000.0 7000.0 6600.0 6600.0 6200.0 6000.0 7000.0 6600.0 7400.0 7000.0 6800.0 1400.0 6400.0 7400.0 6200.0 7200.0 6400.0
0.0 5400.0 5800.0 7200.0 1400.0 6800.0 6200.0 6200.0 5800.0 6600.0 5800.0 1400.0 6800.0 6000.0 800.0 6800.0 5800.0 1400.0 5600.0 6400.0 6200.0 800.0 5800.0 6000.0 6400.0 5800.0 6800.0 5800.0 6200.0 6400.0 6400.0 6400.0 6600.0 6200.0 0.0 6400.0 6200.0 6600.0 6400.0 6000.0 600.0 6400.0 6200.0 6000.0 6400.0 400.0 800.0 6400.0 5800.0 6200.0 6000.0 6200.0 6400.0 6200.0 5800.0 600.0 800.0 1000.0 5400.0 6600.0 1400.0 6200.0 6000.0 5800.0 6800.0 1200.0 6600.0 5800.0 1000.0 6000.0 6200.0 5800.0 6800.0 1200.0 6400.0 6200.0 6800.0 7000.0 6000.0 6600.0 6400.0
0.0 6600.0 5600.0 7600.0 6400.0 1400.0 1400.0 6200.0 6200.0 1400.0 6200.0 6800.0 7000.0 6800.0 7000.0 6400.0 5800.0 7000.0 6200.0 1200.0 6200.0 6400.0 6600.0 800.0 6600.0 5600.0 7200.0 6400.0 1200.0 6400.0 6600.0 7000.0 6400.0 6400.0 7200.0 0.0 1600.0 6400.0 6400.0 6600.0 6200.0 6200.0 6600.0 7000.0 6400.0 6600.0 6800.0 6400.0 1600.0 1200.0 6400.0 6400.0 6200.0 1800.0 6600.0 6800.0 6600.0 7000.0 6600.0 6800.0 7200.0 6800.0 1600.0 1800.0 7200.0 6200.0 7000.0 6600.0 6600.0 5800.0 1400.0 6800.0 800.0 6200.0 6200.0 6000.0 7200.0 7000.0 1600.0 6800.0 6800.0
0.0 6400.0 6600.0 7000.0 6800.0 1600.0 2000.0 6800.0 5600.0 2200.0 5600.0 6800.0 7000.0 6200.0 6800.0 7000.0 6800.0 6400.0 6800.0 1400.0 6400.0 5800.0 6600.0 2000.0 6400.0 6600.0 7000.0 6200.0 1400.0 6400.0 6400.0 6400.0 6400.0 7000.0 7600.0 2000.0 0.0 7200.0 6800.0 6400.0 5600.0 7200.0 6400.0 6600.0 6200.0 6400.0 6200.0 6400.0 1200.0 1800.0 6000.0 7200.0 6600.0 1400.0 6600.0 6800.0 6600.0 6400.0 6400.0 6800.0 6800.0 7000.0 2000.0 1400.0 7200.0 7000.0 7200.0 6000.0 6800.0 5800.0 800.0 6600.0 2200.0 7000.0 7400.0 6400.0 7000.0 7000.0 1400.0 7200.0 6400.0
0.0 6000.0 6400.0 2000.0 7000.0 7600.0 6800.0 6600.0 1800.0 7000.0 6600.0 7200.0 7000.0 1800.0 6400.0 1600.0 6400.0 5800.0 6400.0 6800.0 1600.0 6800.0 5800.0 6800.0 6800.0 6400.0 6800.0 1800.0 6800.0 6600.0 1800.0 7000.0 1600.0 1600.0 7400.0 7000.0 7000.0 0.0 6400.0 1400.0 6800.0 6000.0 1600.0 1400.0 6800.0 6600.0 5800.0 6200.0 6800.0 6800.0 1200.0 1600.0 6600.0 6800.0 6200.0 6200.0 6400.0 6200.0 6000.0 6400.0 7000.0 6200.0 6200.0 6800.0 6600.0 6600.0 7000.0 5600.0 6400.0 6400.0 6600.0 6400.0 5800.0 6800.0 7000.0 1400.0 6800.0 7400.0 7000.0 7000.0 6800.0
0.0 5600.0 800.0 7400.0 6400.0 7000.0 5600.0 600.0 6200.0 6200.0 6200.0 6600.0 1000.0 6400.0 6200.0 5600.0 1000.0 6800.0 6400.0 5800.0 6600.0 6400.0 5800.0 6200.0 1200.0 600.0 1400.0 6400.0 6400.0 6200.0 6000.0 6800.0 6600.0 6000.0 6800.0 6800.0 6400.0 6400.0 0.0 6200.0 6200.0 1000.0 6200.0 6200.0 6400.0 6600.0 6400.0 5600.0 6200.0 6400.0 5800.0 6400.0 6400.0 6400.0 6200.0 6000.0 5800.0 6400.0 600.0 1600.0 6200.0 6200.0 6200.0 6800.0 1200.0 6400.0 6000.0 800.0 5600.0 6000.0 6400.0 600.0 7000.0 6200.0 6200.0 6200.0 6400.0 1800.0 6400.0 6600.0 1400.0
0.0 6200.0 6000.0 2000.0 6800.0 6400.0 6200.0 6400.0 1400.0 6600.0 6000.0 6600.0 6800.0 1200.0 5800.0 1400.0 5600.0 6400.0 6200.0 6200.0 1000.0 6400.0 5800.0 6400.0 6600.0 5800.0 6800.0 1200.0 5600.0 6400.0 1200.0 5800.0 1400.0 1200.0 6600.0 6400.0 6600.0 1200.0 6200.0 0.0 6400.0 6400.0 1000.0 800.0 6200.0 5800.0 6000.0 6000.0 6200.0 6200.0 800.0 1000.0 6600.0 5600.0 6000.0 5600.0 5600.0 6200.0 5400.0 6600.0 6600.0 6200.0 6000.0 6200.0 6800.0 6200.0 6400.0 5800.0 6200.0 6000.0 6400.0 5800.0 7000.0 6200.0 6600.0 1200.0 6800.0 6600.0 6600.0 6400.0 6400.0
0.0 6400.0 6400.0 6800.0 1400.0 6400.0 6800.0 6400.0 5400.0 7000.0 5200.0 1800.0 7000.0 5800.0 1400.0 6600.0 6400.0 1800.0 6800.0 6400.0 6800.0 400.0 6400.0 6800.0 6600.0 6400.0 7200.0 5800.0 6400.0 6600.0 6600.0 6000.0 6800.0 6600.0 2200.0 6800.0 6000.0 6800.0 6400.0 6600.0 0.0 6800.0 6000.0 6400.0 5800.0 1000.0 800.0 6400.0 6000.0 6600.0 5600.0 7000.0 6400.0 6800.0 6600.0 1600.0 1200.0 1000.0 6400.0 6400.0 1200.0 6800.0 7000.0 6400.0 7200.0 1400.0 7000.0 5600.0 1400.0 6400.0 5600.0 6200.0 7000.0 1400.0 7000.0 6600.0 6600.0 6600.0 6200.0 7000.0 6200.0
0.0 6600.0 1400.0 7800.0 7200.0 7200.0 6800.0 1800.0 7000.0 7200.0 6600.0 6800.0 2000.0 7000.0 6000.0 7200.0 1400.0 6600.0 6400.0 7000.0 7000.0 6400.0 6000.0 6800.0 2000.0 1200.0 1800.0 6600.0 6400.0 6800.0 7200.0 6600.0 7000.0 6400.0 7000.0 7000.0 6800.0 6800.0 1800.0 6200.0 6800.0 0.0 6400.0 6400.0 6600.0 6800.0 6400.0 6600.0 6400.0 6400.0 6200.0 7000.0 7000.0 6400.0 6400.0 5800.0 6000.0 6800.0 800.0 1800.0 7000.0 6600.0 6400.0 7000.0 1800.0 7000.0 6800.0 1000.0 6600.0 6600.0 6800.0 1000.0 7200.0 6600.0 7000.0 6600.0 7400.0 2200.0 7000.0 6800.0 1600.0
0.0 6400.0 6400.0 2400.0 6200.0 6400.0 6600.0 6800.0 1800.0 7200.0 6000.0 6600.0 6800.0 1400.0 6800.0 1600.0 6600.0 6400.0 6400.0 6800.0 1400.0 6800.0 5800.0 6600.0 6400.0 6400.0 6400.0 400.0 6000.0 6200.0 2000.0 7200.0 1400.0 800.0 7000.0 7200.0 6800.0 1600.0 6600.0 1400.0 6800.0 6600.0 0.0 1600.0 5400.0 6400.0 6000.0 6200.0 6400.0 6800.0 1000.0 2000.0 6000.0 7000.0 6200.0 6600.0 6000.0 6200.0 6400.0 6600.0 7000.0 6200.0 7000.0 6800.0 6800.0 6800.0 6800.0 5800.0 6600.0 5800.0 6600.0 6000.0 6800.0 6400.0 7000.0 1400.0 7000.0 6800.0 5800.0 6800.0 6600.0
0.0 5600.0 5400.0 2000.0 6200.0 6600.0 6400.0 6000.0 800.0 6000.0 6000.0 6600.0 6000.0 1000.0 5800.0 1400.0 5600.0 6600.0 6400.0 6200.0 800.0 6200.0 5800.0 6000.0 6200.0 5400.0 6400.0 600.0 6000.0 6000.0 1200.0 6400.0 1000.0 600.0 6800.0 5800.0 6600.0 1400.0 6200.0 800.0 5800.0 5800.0 400.0 0.0 5800.0 6400.0 6000.0 6000.0 6400.0 6200.0 800.0 1000.0 6000.0 6400.0 6200.0 5800.0 5800.0 6000.0 5600.0 6600.0 6600.0 6200.0 6000.0 6400.0 6200.0 6000.0 6600.0 5800.0 5400.0 5600.0 6200.0 6000.0 6600.0 6400.0 6000.0 600.0 6200.0 6200.0 6000.0 6400.0 5600.0
0.0 1200.0 6200.0 7400.0 6200.0 6200.0 6400.0 6600.0 6800.0 7000.0 800.0 6400.0 6800.0 6400.0 6600.0 7000.0 6600.0 6600.0 1200.0 6800.0 6400.0 7000.0 600.0 6400.0 6200.0 6200.0 6600.0 5400.0 6000.0 1200.0 7000.0 1800.0 6400.0 6000.0 7000.0 7000.0 6600.0 6600.0 6600.0 6400.0 6600.0 6400.0 5400.0 6600.0 0.0 6400.0 6200.0 1200.0 6200.0 6600.0 6000.0 7000.0 800.0 6800.0 1000.0 6600.0 5800.0 6400.0 6400.0 6400.0 7000.0 1400.0 6800.0 6600.0 7000.0 6600.0 1400.0 5800.0 6400.0 600.0 6400.0 5800.0 6800.0 6400.0 1600.0 6400.0 1600.0 6600.0 5600.0 1400.0 6400.0
0.0 6200.0 6600.0 7400.0 1600.0 7000.0 6400.0 6600.0 6000.0 6400.0 6000.0 1200.0 6600.0 5600.0 1200.0 6400.0 6600.0 1800.0 7000.0 6600.0 6600.0 1200.0 6600.0 7000.0 6200.0 6400.0 7400.0 6600.0 6600.0 6800.0 6400.0 6800.0 7000.0 6800.0 2400.0 7200.0 6600.0 7200.0 6200.0 6400.0 800.0 7000.0 6800.0 6800.0 6600.0 0.0 1000.0 6400.0 6800.0 6800.0 6400.0 7000.0 6800.0 6000.0 7000.0 1400.0 1400.0 1000.0 6200.0 6600.0 1000.0 6800.0 6800.0 5600.0 7200.0 1400.0 7000.0 6000.0 1400.0 6600.0 6200.0 6600.0 7600.0 2000.0 7000.0 6600.0 6400.0 7400.0 6600.0 7400.0 6800.0
0.0 5800.0 6200.0 7600.0 1400.0 7200.0 6800.0 6600.0 6400.0 6400.0 6400.0 1800.0 6400.0 6600.0 1200.0 7200.0 5800.0 1800.0 6600.0 6800.0 6400.0 1000.0 6200.0 6400.0 6600.0 6000.0 6800.0 6400.0 6400.0 6400.0 6800.0 6800.0 6200.0 6200.0 2000.0 7000.0 6400.0 7000.0 6800.0 6200.0 1200.0 6600.0 6600.0 6400.0 6800.0 1400.0 0.0 6400.0 6600.0 6600.0 6400.0 6400.0 6400.0 6200.0 6400.0 1000.0 1200.0 1600.0 5800.0 7000.0 2000.0 6600.0 6400.0 6800.0 6400.0 1200.0 7000.0 6200.0 800.0 6200.0 6600.0 6400.0 7400.0 1600.0 6400.0 6400.0 6400.0 6800.0 6800.0 7000.0 6800.0
0.0 800.0 6400.0 7800.0 6800.0 7200.0 5800.0 6800.0 6400.0 6400.0 1200.0 7000.0 6600.0 6600.0 6400.0 7000.0 6400.0 7000.0 1600.0 6600.0 6800.0 6800.0 1000.0 6600.0 6600.0 6200.0 6800.0 6400.0 6800.0 1400.0 6800.0 2000.0 7000.0 6200.0 7400.0 7000.0 7000.0 7000.0 6600.0 6600.0 6400.0 6600.0 6000.0 6600.0 1200.0 6400.0 6600.0 0.0 6600.0 6800.0 6400.0 6800.0 1600.0 6800.0 1400.0 6400.0 6200.0 6800.0 6000.0 7200.0 7200.0 1600.0 6600.0 6600.0 6600.0 6800.0 1200.0 6400.0 6000.0 1200.0 6800.0 6400.0 7400.0 6800.0 1400.0 6600.0 1400.0 7200.0 6000.0 1800.0 6800.0
0.0 6200.0 5600.0 7400.0 6400.0 1600.0 1000.0 5600.0 6000.0 1400.0 6000.0 6600.0 6600.0 6600.0 6600.0 6200.0 5800.0 6800.0 6600.0 600.0 6000.0 6200.0 6400.0 1400.0 6400.0 5600.0 7000.0 6600.0 1000.0 6000.0 6000.0 6600.0 6400.0 6400.0 7200.0 1800.0 400.0 6600.0 6000.0 6200.0 6000.0 6200.0 6400.0 6400.0 6600.0 6600.0 6600.0 6200.0 0.0 1400.0 5600.0 6400.0 6200.0 1400.0 6400.0 6400.0 6400.0 6400.0 6200.0 7000.0 6800.0 6600.0 1600.0 1600.0 6400.0 6200.0 6600.0 6400.0 6200.0 5600.0 1200.0 6000.0 2000.0 6400.0 6600.0 6000.0 6800.0 6800.0 1800.0 6800.0 6600.0
0.0 6400.0 6600.0 7000.0 7000.0 2000.0 1000.0 6600.0 6800.0 1600.0 6600.0 6600.0 6800.0 6800.0 6400.0 6600.0 6600.0 7000.0 6800.0 1000.0 6200.0 6800.0 6400.0 1600.0 6400.0 6400.0 7200.0 6600.0 1200.0 5600.0 6400.0 6800.0 6400.0 5200.0 6400.0 2000.0 2000.0 6800.0 6200.0 6200.0 6800.0 7000.0 6400.0 6800.0 6600.0 6400.0 7000.0 5600.0 1800.0 0.0 6600.0 6400.0 6600.0 1400.0 6800.0 6600.0 6400.0 6800.0 6400.0 6800.0 6400.0 6400.0 1800.0 1400.0 7000.0 6800.0 6600.0 6600.0 6200.0 6000.0 1600.0 6600.0 1400.0 7000.0 6800.0 6400.0 6600.0 7400.0 1200.0 7000.0 5800.0
0.0 6000.0 5800.0 2600.0 6800.0 6800.0 6400.0 6000.0 1200.0 6600.0 6400.0 7000.0 6600.0 1600.0 6400.0 1400.0 6200.0 7000.0 7000.0 6200.0 1200.0 6600.0 6400.0 6600.0 6600.0 5800.0 7000.0 1200.0 6400.0 6200.0 1200.0 7000.0 1400.0 1000.0 7200.0 6400.0 6000.0 1800.0 6200.0 1400.0 6200.0 6400.0 1000.0 800.0 6400.0 6800.0 6600.0 6400.0 5600.0 6200.0 0.0 1600.0 6400.0 6800.0 6800.0 6400.0 6400.0 6400.0 6200.0 7000.0 7200.0 6800.0 6600.0 6800.0 6800.0 6400.0 7000.0 6400.0 6000.0 6000.0 6600.0 6400.0 7200.0 6800.0 6600.0 1200.0 6400.0 6800.0 6600.0 7000.0 6200.0
0.0 6000.0 6200.0 2000.0 6200.0 7000.0 6400.0 6600.0 800.0 7000.0 6000.0 6800.0 7000.0 1400.0 6400.0 1400.0 6400.0 5800.0 6400.0 6400.0 1400.0 6200.0 6400.0 5600.0 6600.0 6200.0 6800.0 1400.0 6600.0 5800.0 1400.0 6600.0 1600.0 400.0 6000.0 7000.0 6600.0 1600.0 6400.0 1400.0 6000.0 6600.0 1400.0 1400.0 6600.0 6400.0 6600.0 5800.0 6600.0 5600.0 1200.0 0.0 6800.0 6800.0 6600.0 6200.0 6400.0 6800.0 6000.0 7000.0 6600.0 5800.0 6400.0 6600.0 6600.0 6800.0 7000.0 6200.0 6600.0 6200.0 6400.0 6400.0 6600.0 6800.0 6000.0 1400.0 6800.0 7400.0 6600.0 7000.0 6200.0
0.0 800.0 5600.0 7600.0 5600.0 7000.0 5800.0 6200.0 6400.0 6400.0 1200.0 5800.0 6200.0 6400.0 6400.0 6800.0 6000.0 6400.0 1800.0 6400.0 6000.0 6400.0 1200.0 6400.0 5600.0 5600.0 6400.0 6200.0 6200.0 1200.0 6800.0 1600.0 6600.0 6200.0 7200.0 7000.0 6200.0 7000.0 6600.0 6400.0 6200.0 5800.0 6400.0 6400.0 1400.0 6600.0 6200.0 800.0 6800.0 6800.0 6400.0 6600.0 0.0 6800.0 1600.0 6200.0 6400.0 6600.0 6000.0 6000.0 6400.0 1600.0 6400.0 6600.0 6600.0 6000.0 1200.0 6200.0 6000.0 800.0 6400.0 6400.0 7600.0 6800.0 1400.0 6000.0 1200.0 7000.0 6400.0 1800.0 6800.0
0.0 6400.0 6600.0 7400.0 6400.0 1600.0 1000.0 6200.0 6200.0 1800.0 5800.0 6800.0 6800.0 6400.0 6800.0 6200.0 5800.0 7000.0 6800.0 600.0 6400.0 6400.0 6400.0 1600.0 6400.0 5600.0 7200.0 6600.0 1200.0 6400.0 6000.0 6800.0 6400.0 6400.0 7200.0 2200.0 1600.0 7000.0 5800.0 6600.0 6200.0 6200.0 6400.0 6800.0 6600.0 6600.0 6600.0 5600.0 1400.0 1600.0 6200.0 6400.0 6200.0 0.0 6600.0 6600.0 6400.0 6400.0 6400.0 7000.0 6800.0 6800.0 1800.0 1600.0 7000.0 6200.0 6800.0 6600.0 6400.0 5800.0 1400.0 6400.0 2400.0 7000.0 6800.0 6000.0 7000.0 6800.0 1200.0 7200.0 7000.0
0.0 1400.0 5800.0 7600.0 6000.0 7200.0 6400.0 6400.0 6200.0 6800.0 1000.0 6400.0 6600.0 6800.0 6800.0 7000.0 6200.0 6400.0 400.0 6800.0 6400.0 6400.0 1400.0 5800.0 6000.0 5800.0 7000.0 6600.0 6000.0 1600.0 7000.0 1800.0 6600.0 6600.0 7000.0 6800.0 6600.0 6600.0 6800.0 6600.0 6200.0 6400.0 6600.0 6200.0 1600.0 6400.0 6600.0 1200.0 7000.0 6800.0 6600.0 6800.0 600.0 7000.0 0.0 6600.0 6600.0 6800.0 6400.0 6600.0 7000.0 1600.0 6800.0 6600.0 7000.0 6400.0 1600.0 6600.0 6400.0 1000.0 6600.0 6600.0 6200.0 7000.0 1000.0 5600.0 1600.0 7200.0 6800.0 2000.0 6600.0
0.0 6000.0 6200.0 7200.0 1400.0 6600.0 6400.0 6200.0 6400.0 7000.0 6200.0 1000.0 7000.0 6600.0 200.0 6600.0 5800.0 800.0 6000.0 6400.0 6400.0 800.0 5400.0 6200.0 6400.0 5800.0 6400.0 6000.0 5800.0 6200.0 6600.0 6000.0 6600.0 5800.0 1200.0 6800.0 6200.0 6200.0 6200.0 5600.0 1200.0 6400.0 5800.0 6200.0 6000.0 1000.0 1200.0 6000.0 5800.0 5800.0 5600.0 6400.0 6400.0 5800.0 5800.0 0.0 400.0 1400.0 5600.0 6800.0 1600.0 6400.0 6200.0 6400.0 6400.0 1200.0 6200.0 6000.0 1200.0 6000.0 6200.0 5600.0 6600.0 800.0 6600.0 6000.0 6800.0 6800.0 6400.0 6200.0 6400.0
0.0 5800.0 6000.0 7600.0 1200.0 6600.0 6200.0 6000.0 6400.0 6800.0 6400.0 1400.0 6800.0 7000.0 1000.0 6400.0 6200.0 1400.0 5800.0 6200.0 6400.0 1400.0 5200.0 6200.0 6200.0 6000.0 6800.0 5800.0 6200.0 6200.0 6400.0 6400.0 6800.0 6400.0 1200.0 6600.0 6000.0 6000.0 6000.0 6000.0 1200.0 6600.0 5600.0 6000.0 5800.0 1400.0 1200.0 6400.0 5600.0 6400.0 5400.0 6600.0 6000.0 6200.0 5600.0 800.0 0.0 1400.0 5800.0 6800.0 1800.0 6400.0 6400.0 6800.0 6800.0 1400.0 6000.0 6200.0 1000.0 6000.0 6000.0 5400.0 6400.0 600.0 6400.0 5800.0 6600.0 6800.0 6200.0 6000.0 6400.0
0.0 6000.0 6400.0 7800.0 1600.0 7200.0 5800.0 6000.0 6400.0 6600.0 6600.0 1800.0 6600.0 6800.0 1200.0 5800.0 6000.0 1800.0 6600.0 6200.0 6600.0 1200.0 6000.0 6600.0 6600.0 6200.0 6800.0 6600.0 6600.0 6200.0 6400.0 7000.0 6400.0 6200.0 2000.0 7000.0 6800.0 6800.0 5600.0 6400.0 1400.0 6400.0 6400.0 6600.0 6600.0 1600.0 400.0 5800.0 6400.0 6600.0 6200.0 6600.0 6600.0 6600.0 6400.0 1200.0 1000.0 0.0 6000.0 7200.0 1400.0 6000.0 6600.0 7000.0 6600.0 1400.0 6400.0 6400.0 800.0 6200.0 6800.0 6200.0 7200.0 1400.0 6600.0 6400.0 6000.0 7200.0 6600.0 6800.0 5800.0
0.0 6000.0 800.0 7400.0 6800.0 6800.0 6200.0 1200.0 6200.0 6400.0 5800.0 6400.0 1400.0 6400.0 5600.0 6600.0 1000.0 6400.0 6200.0 6400.0 6400.0 6200.0 5600.0 6400.0 1600.0 800.0 1400.0 6200.0 6000.0 6400.0 6400.0 6200.0 6600.0 6000.0 6600.0 6400.0 6400.0 6400.0 1200.0 5800.0 6200.0 1200.0 6000.0 5800.0 6200.0 6400.0 5800.0 6200.0 6000.0 6000.0 5800.0 6600.0 6400.0 6000.0 6000.0 5600.0 5600.0 6000.0 0.0 1200.0 6400.0 6000.0 5800.0 6600.0 1400.0 6400.0 6400.0 400.0 6000.0 6000.0 6400.0 600.0 6800.0 6200.0 6400.0 6200.0 6600.0 1600.0 6600.0 6400.0 1000.0
0.0 6400.0 1600.0 7800.0 6800.0 6400.0 7000.0 1400.0 6400.0 7400.0 6400.0 7000.0 2000.0 7000.0 6800.0 7000.0 1000.0 7200.0 7000.0 6600.0 6600.0 6600.0 6800.0 7000.0 1600.0 800.0 2400.0 7000.0 6600.0 6800.0 6800.0 7200.0 6800.0 6800.0 7600.0 7400.0 7000.0 7400.0 1600.0 6800.0 6400.0 1200.0 7200.0 7000.0 7000.0 6600.0 7000.0 6800.0 7000.0 6800.0 6800.0 6800.0 6400.0 7000.0 6800.0 6600.0 6800.0 7200.0 1200.0 0.0 7600.0 7000.0 7000.0 6800.0 2600.0 6400.0 7600.0 1600.0 7200.0 6000.0 6800.0 1800.0 7800.0 7200.0 6600.0 6200.0 7400.0 1600.0 7400.0 7600.0 2000.0
0.0 6600.0 6200.0 7800.0 1200.0 7200.0 6600.0 6200.0 7000.0 7000.0 6600.0 800.0 6400.0 6400.0 1800.0 6800.0 6600.0 1800.0 7200.0 6400.0 6200.0 1800.0 6800.0 7200.0 5800.0 6200.0 7200.0 6400.0 6400.0 6600.0 6600.0 7400.0 6800.0 7000.0 2200.0 7200.0 7000.0 7600.0 6600.0 7000.0 1600.0 6800.0 7000.0 6800.0 7200.0 1600.0 1800.0 6600.0 6800.0 7400.0 6600.0 7200.0 7000.0 7200.0 7000.0 1800.0 1800.0 1600.0 6600.0 6400.0 0.0 7400.0 7000.0 7000.0 7200.0 1000.0 7000.0 6800.0 1400.0 6400.0 6400.0 7000.0 7800.0 2200.0 7200.0 6600.0 5400.0 7400.0 6600.0 7400.0 6800.0
0.0 2000.0 7200.0 7800.0 7000.0 7000.0 7200.0 6600.0 6800.0 7600.0 1600.0 7000.0 7400.0 7200.0 7400.0 7200.0 7000.0 7200.0 1800.0 6800.0 6600.0 6000.0 1800.0 7000.0 6800.0 7200.0 7800.0 7400.0 6800.0 400.0 7000.0 2200.0 6600.0 7400.0 7800.0 7000.0 6400.0 7800.0 6800.0 6800.0 6600.0 7000.0 7400.0 7400.0 2200.0 7200.0 6600.0 1600.0 7400.0 7400.0 7200.0 7600.0 1600.0 7000.0 1600.0 7200.0 7200.0 7400.0 7000.0 7200.0 7000.0 0.0 7400.0 7400.0 7800.0 6600.0 1600.0 7000.0 7200.0 800.0 6600.0 7200.0 7800.0 7600.0 2200.0 7000.0 1800.0 7400.0 7000.0 2400.0 7000.0
0.0 6200.0 6600.0 7000.0 6600.0 2200.0 1800.0 6800.0 6600.0 1600.0 6600.0 6600.0 6800.0 7000.0 6600.0 7200.0 6000.0 7200.0 6600.0 2000.0 6600.0 6400.0 6200.0 1600.0 6400.0 6400.0 7000.0 6800.0 1400.0 6800.0 7200.0 6800.0 6200.0 6400.0 7200.0 2200.0 1000.0 6800.0 7000.0 6200.0 6600.0 6800.0 6400.0 6800.0 6600.0 6800.0 5600.0 6800.0 1400.0 1800.0 6200.0 6600.0 6400.0 1400.0 6400.0 6400.0 6200.0 6800.0 6200.0 7000.0 5800.0 7000.0 0.0 2000.0 6800.0 6600.0 6800.0 6200.0 6200.0 6600.0 1800.0 6200.0 2200.0 6600.0 6800.0 6800.0 6200.0 7200.0 1800.0 6800.0 7000.0
0.0 6600.0 6800.0 7600.0 6800.0 2200.0 1600.0 6800.0 6800.0 2000.0 6400.0 7000.0 7000.0 7000.0 7000.0 6800.0 6400.0 7600.0 6800.0 1200.0 6400.0 6800.0 6400.0 2000.0 6800.0 6200.0 7400.0 6800.0 1400.0 7000.0 6200.0 7400.0 6800.0 6800.0 7400.0 1800.0 2000.0 7000.0 6400.0 7000.0 6600.0 6600.0 6800.0 7000.0 6600.0 6600.0 6000.0 6200.0 1600.0 2000.0 6400.0 7000.0 6400.0 800.0 6600.0 6800.0 6400.0 6200.0 6600.0 6400.0 7000.0 6800.0 1400.0 0.0 7200.0 6400.0 7000.0 5600.0 6600.0 6400.0 1600.0 6400.0 2400.0 6800.0 7000.0 6200.0 6800.0 7400.0 1800.0 7000.0 6800.0
0.0 6000.0 1200.0 7000.0 7200.0 7200.0 6800.0 1800.0 5600.0 7200.0 6200.0 7200.0 2000.0 6800.0 6400.0 7000.0 1400.0 5800.0 7000.0 6600.0 6800.0 6400.0 6400.0 7000.0 1800.0 1200.0 1600.0 6600.0 6400.0 6800.0 6800.0 7000.0 7000.0 6400.0 7200.0 7000.0 6800.0 7000.0 1600.0 6400.0 6200.0 1600.0 6800.0 6400.0 6800.0 6800.0 6200.0 6600.0 6800.0 6400.0 6400.0 6800.0 7000.0 6800.0 6800.0 6200.0 6400.0 6400.0 800.0 1600.0 7200.0 6600.0 6600.0 7000.0 0.0 7000.0 7200.0 800.0 6800.0 6200.0 6600.0 1400.0 7200.0 6800.0 7200.0 6600.0 7000.0 2200.0 7000.0 7200.0 600.0
0.0 6400.0 6400.0 7600.0 2000.0 6400.0 6400.0 6400.0 6600.0 7000.0 6600.0 1800.0 6400.0 6200.0 1200.0 6200.0 6600.0 1800.0 7000.0 6600.0 5400.0 1600.0 6400.0 6800.0 6800.0 6400.0 7200.0 6400.0 5400.0 6400.0 6800.0 6800.0 6800.0 6600.0 1400.0 7000.0 6400.0 7200.0 6600.0 6400.0 1400.0 6800.0 6600.0 6400.0 6800.0 800.0 1200.0 6400.0 7000.0 6600.0 6600.0 7200.0 7000.0 6600.0 6800.0 1600.0 1400.0 1600.0 6400.0 6600.0 1600.0 7200.0 6000.0 6200.0 7000.0 0.0 6600.0 6400.0 1200.0 6000.0 5600.0 6600.0 7000.0 1800.0 7000.0 6800.0 6400.0 6600.0 6600.0 6800.0 6000.0
0.0 1400.0 6200.0 7200.0 6200.0 7000.0 6400.0 6600.0 6000.0 7000.0 800.0 5800.0 6000.0 6200.0 7000.0 6800.0 6400.0 6600.0 1600.0 7000.0 6000.0 6000.0 1400.0 5600.0 5600.0 6200.0 7000.0 6200.0 6200.0 1200.0 7200.0 1600.0 7000.0 6200.0 7200.0 6000.0 6400.0 6600.0 6800.0 7000.0 6000.0 6600.0 6600.0 7000.0 1400.0 6400.0 6600.0 1200.0 6600.0 6600.0 6400.0 7000.0 1600.0 7200.0 1800.0 6800.0 6600.0 6400.0 6600.0 6000.0 6400.0 1400.0 6400.0 6800.0 7200.0 6000.0 0.0 6400.0 6600.0 1200.0 6200.0 6800.0 6800.0 6800.0 800.0 6400.0 1000.0 6200.0 6400.0 2200.0 6600.0
0.0 6200.0 1400.0 7800.0 6800.0 7200.0 6400.0 1200.0 6800.0 6600.0 6600.0 7200.0 1600.0 6600.0 6600.0 6400.0 1000.0 7200.0 6400.0 6600.0 6400.0 6400.0 6000.0 6600.0 1800.0 1000.0 1800.0 6600.0 6400.0 6800.0 6800.0 7000.0 6400.0 6400.0 7000.0 7200.0 6800.0 6600.0 800.0 6400.0 6600.0 1600.0 6400.0 6600.0 6400.0 6200.0 5600.0 5800.0 6400.0 7000.0 6000.0 6600.0 6600.0 6600.0 6200.0 6400.0 6000.0 5800.0 1000.0 1000.0 7000.0 6400.0 6600.0 6400.0 1600.0 6200.0 6600.0 0.0 6200.0 6400.0 6600.0 800.0 7200.0 6400.0 6600.0 6400.0 6400.0 2000.0 6600.0 6800.0 1200.0
0.0 5200.0 5600.0 7000.0 800.0 6600.0 6200.0 6000.0 5800.0 5800.0 5800.0 1400.0 5800.0 6000.0 600.0 6600.0 5600.0 1200.0 6200.0 6200.0 6200.0 800.0 5600.0 5800.0 6400.0 5400.0 6200.0 5800.0 6000.0 5800.0 6200.0 6400.0 6200.0 5600.0 1400.0 6400.0 6400.0 6400.0 6200.0 5800.0 600.0 6000.0 6000.0 5800.0 6200.0 1000.0 800.0 5800.0 6000.0 6000.0 5800.0 6000.0 6000.0 6000.0 6000.0 400.0 600.0 1000.0 5200.0 6400.0 1400.0 6000.0 5800.0 6400.0 5800.0 800.0 6400.0 5600.0 0.0 5600.0 6200.0 5800.0 7000.0 1000.0 5800.0 5800.0 6000.0 6600.0 6200.0 6400.0 6200.0
0.0 1400.0 6600.0 7600.0 6200.0 6400.0 6600.0 6800.0 7000.0 7200.0 1600.0 6400.0 6600.0 6800.0 6600.0 6800.0 6400.0 6400.0 1200.0 6800.0 5800.0 7000.0 1400.0 6600.0 6000.0 6600.0 7200.0 6600.0 6000.0 800.0 7000.0 1400.0 6000.0 6600.0 7200.0 7200.0 7000.0 7200.0 7000.0 6000.0 7000.0 6800.0 6800.0 6800.0 1800.0 6400.0 6800.0 800.0 6600.0 6600.0 6600.0 7000.0 1000.0 6400.0 1000.0 6400.0 6400.0 7000.0 6200.0 6600.0 7000.0 1600.0 6800.0 6600.0 7200.0 6400.0 2000.0 6400.0 6600.0 0.0 6800.0 6600.0 7000.0 7000.0 1800.0 6400.0 1600.0 6600.0 6800.0 2000.0 6600.0
0.0 7000.0 6800.0 7400.0 7200.0 2200.0 1800.0 7000.0 7400.0 1600.0 7400.0 7400.0 7000.0 7200.0 7000.0 6800.0 7000.0 7400.0 7000.0 2000.0 7000.0 7400.0 7000.0 2200.0 7000.0 6800.0 7800.0 7200.0 1200.0 6800.0 7400.0 6600.0 7000.0 6400.0 7400.0 2000.0 2600.0 7800.0 7200.0 7000.0 7200.0 7200.0 7000.0 6600.0 7200.0 6800.0 7400.0 6600.0 2200.0 1200.0 7000.0 7600.0 7000.0 2200.0 7000.0 7200.0 7000.0 7400.0 7000.0 7600.0 7200.0 7600.0 2200.0 2000.0 7600.0 7400.0 7400.0 7200.0 6800.0 6200.0 0.0 7200.0 2400.0 7600.0 7400.0 6800.0 7200.0 7400.0 2000.0 7600.0 5600.0
0.0 6400.0 800.0 7600.0 6400.0 6600.0 6400.0 800.0 6400.0 6800.0 6400.0 6400.0 1600.0 7000.0 6000.0 6200.0 1000.0 6400.0 6600.0 6200.0 6400.0 6600.0 6200.0 6200.0 1000.0 800.0 2000.0 6000.0 6200.0 6200.0 6400.0 6400.0 6600.0 6400.0 7000.0 6600.0 6000.0 5800.0 800.0 5800.0 6400.0 1400.0 6000.0 6600.0 6000.0 6400.0 6600.0 6400.0 5600.0 6400.0 6000.0 6600.0 6000.0 6200.0 6400.0 5800.0 6200.0 6800.0 800.0 1600.0 7000.0 6800.0 6600.0 6800.0 1600.0 6600.0 6000.0 1200.0 6400.0 6000.0 6800.0 0.0 6400.0 5600.0 6600.0 6400.0 7000.0 1600.0 6200.0 6000.0 1800.0
0.0 6600.0 6800.0 7800.0 7200.0 2600.0 1200.0 6400.0 7000.0 2000.0 7000.0 7400.0 7000.0 7200.0 7000.0 6400.0 6600.0 7600.0 7200.0 1600.0 7200.0 6800.0 6600.0 2000.0 7200.0 6600.0 7400.0 7000.0 2000.0 7000.0 7000.0 7600.0 7000.0 6800.0 7600.0 2400.0 2000.0 7200.0 6000.0 7000.0 7000.0 7000.0 6800.0 7000.0 6800.0 7000.0 6000.0 5800.0 1800.0 2200.0 6800.0 7200.0 7000.0 1800.0 7000.0 6800.0 6600.0 7200.0 6600.0 7600.0 7000.0 7000.0 2000.0 1800.0 7200.0 7000.0 7000.0 6800.0 6600.0 6800.0 2200.0 6600.0 0.0 7000.0 7000.0 7000.0 7200.0 6800.0 1400.0 7400.0 7400.0
0.0 6000.0 6000.0 7200.0 800.0 6600.0 5800.0 6000.0 6400.0 6400.0 6200.0 1000.0 6400.0 6600.0 1200.0 5800.0 6200.0 1000.0 6600.0 6200.0 6400.0 1600.0 6000.0 6600.0 5800.0 6000.0 6800.0 5600.0 6200.0 6600.0 6400.0 7000.0 6600.0 6200.0 2000.0 7000.0 6400.0 5400.0 5600.0 6600.0 1400.0 6200.0 5600.0 6600.0 5600.0 1400.0 1000.0 5800.0 6400.0 6800.0 6200.0 6800.0 5600.0 6800.0 6400.0 1200.0 1000.0 1200.0 6000.0 6400.0 1400.0 6400.0 6400.0 6800.0 6600.0 1200.0 6400.0 5800.0 800.0 6000.0 6600.0 6200.0 6000.0 0.0 6400.0 6400.0 6600.0 6800.0 5800.0 6800.0 6600.0
0.0 800.0 6200.0 6800.0 5400.0 6400.0 5800.0 6400.0 5400.0 6400.0 200.0 6600.0 6400.0 5800.0 6200.0 6800.0 6200.0 7000.0 1600.0 6400.0 6600.0 5600.0 1200.0 6400.0 6200.0 6000.0 6400.0 6000.0 6400.0 800.0 6600.0 800.0 6800.0 6200.0 7200.0 6800.0 6000.0 6400.0 6400.0 6400.0 5200.0 6600.0 6000.0 6400.0 800.0 6000.0 6000.0 600.0 6000.0 6600.0 5600.0 6600.0 1200.0 6600.0 1400.0 6200.0 6200.0 6200.0 5800.0 6400.0 6400.0 800.0 6400.0 6400.0 6400.0 6600.0 1000.0 5600.0 5800.0 1000.0 5600.0 6200.0 6600.0 6600.0 0.0 6400.0 1400.0 6600.0 6200.0 1800.0 6200.0
0.0 6200.0 5800.0 2600.0 5800.0 7200.0 6000.0 6400.0 1400.0 6600.0 6200.0 6000.0 6400.0 1400.0 6600.0 2000.0 6200.0 6600.0 7000.0 6800.0 1200.0 6800.0 6400.0 6600.0 5800.0 5800.0 6600.0 1200.0 6400.0 6600.0 1800.0 7000.0 1600.0 1200.0 7400.0 7200.0 6400.0 2000.0 6800.0 1600.0 6400.0 6200.0 1400.0 1600.0 6800.0 6800.0 6400.0 6000.0 6800.0 7000.0 1400.0 1600.0 5400.0 7000.0 6800.0 6400.0 6400.0 6800.0 6200.0 6400.0 6800.0 6800.0 6600.0 6800.0 6800.0 6200.0 6600.0 6400.0 6200.0 6200.0 6600.0 6400.0 7600.0 6800.0 6600.0 0.0 6400.0 7200.0 6600.0 7000.0 7000.0
0.0 1600.0 6000.0 7800.0 7000.0 7000.0 6600.0 6000.0 6600.0 7000.0 1200.0 6800.0 7000.0 6800.0 6800.0 6600.0 6400.0 7400.0 1800.0 6200.0 6000.0 6800.0 1600.0 7200.0 6400.0 6000.0 7600.0 7000.0 6000.0 1800.0 6400.0 2000.0 6600.0 7000.0 7200.0 7600.0 6800.0 7400.0 6400.0 6600.0 6600.0 6400.0 7200.0 7000.0 2000.0 6400.0 7000.0 1400.0 7000.0 7200.0 6800.0 7000.0 1600.0 7000.0 1600.0 7000.0 6800.0 6800.0 6800.0 7000.0 7200.0 2000.0 6600.0 6800.0 7400.0 5800.0 2000.0 7000.0 6800.0 1200.0 6000.0 6800.0 7600.0 7200.0 2000.0 6400.0 0.0 7200.0 7200.0 2000.0 6600.0
0.0 6200.0 400.0 7600.0 6400.0 6800.0 6800.0 1000.0 6200.0 6600.0 6200.0 6400.0 1600.0 6400.0 6600.0 6800.0 800.0 7000.0 6800.0 6400.0 6000.0 6400.0 6600.0 6800.0 1000.0 400.0 1400.0 6600.0 6200.0 6400.0 6600.0 6800.0 6400.0 6400.0 7200.0 6600.0 6800.0 7200.0 1400.0 6600.0 6200.0 1000.0 6400.0 6000.0 6400.0 6000.0 6800.0 6600.0 7000.0 6600.0 6600.0 6400.0 6200.0 6800.0 6600.0 6400.0 6600.0 6600.0 1000.0 1600.0 7000.0 6800.0 6800.0 6200.0 1600.0 6200.0 7200.0 1400.0 6200.0 5800.0 6400.0 1600.0 7000.0 7000.0 6800.0 6000.0 6800.0 0.0 6800.0 6800.0 1200.0
0.0 6000.0 6200.0 7000.0 6600.0 1600.0 1200.0 6400.0 6400.0 1800.0 5600.0 6800.0 7000.0 6200.0 6400.0 6600.0 6200.0 6800.0 6000.0 1400.0 6800.0 6600.0 5400.0 1200.0 6400.0 6200.0 7000.0 6200.0 1200.0 6400.0 6600.0 6600.0 7000.0 6600.0 6600.0 1600.0 1200.0 6200.0 6200.0 6200.0 6400.0 6800.0 5800.0 6200.0 6000.0 6400.0 6600.0 6400.0 800.0 1400.0 5600.0 6800.0 6200.0 1400.0 5800.0 6200.0 5600.0 6800.0 6000.0 7000.0 6600.0 6600.0 1400.0 1400.0 6600.0 6800.0 6200.0 6400.0 6400.0 6400.0 1000.0 5600.0 1600.0 6000.0 6600.0 6000.0 6800.0 7000.0 0.0 6200.0 6000.0
0.0 1400.0 6600.0 7600.0 6800.0 6800.0 7000.0 7200.0 6600.0 7600.0 1400.0 6800.0 7200.0 7000.0 7000.0 7000.0 6800.0 6400.0 1200.0 7000.0 6400.0 6800.0 1800.0 6200.0 6600.0 6600.0 7200.0 7000.0 6600.0 200.0 7000.0 2000.0 6400.0 6200.0 6600.0 6800.0 7200.0 7200.0 7000.0 6600.0 6600.0 7200.0 7200.0 7000.0 2000.0 7000.0 7200.0 1200.0 7000.0 6000.0 7000.0 5800.0 1400.0 6800.0 1400.0 6800.0 7000.0 7400.0 6600.0 7000.0 7200.0 1200.0 7000.0 7200.0 7200.0 7000.0 1400.0 6800.0 7000.0 600.0 7000.0 7000.0 7200.0 7400.0 1400.0 6800.0 1600.0 7200.0 7000.0 0.0 6600.0
0.0 6400.0 1200.0 7800.0 6800.0 6800.0 6800.0 1800.0 7000.0 7000.0 6800.0 6800.0 1800.0 6800.0 6400.0 7200.0 1400.0 7000.0 6800.0 6800.0 6400.0 7000.0 6800.0 7000.0 1400.0 1200.0 2200.0 6800.0 5800.0 6200.0 7000.0 7000.0 6400.0 6000.0 7000.0 6800.0 7200.0 7400.0 1800.0 6600.0 6800.0 1600.0 6600.0 6200.0 6600.0 6400.0 7000.0 6200.0 6800.0 6000.0 6600.0 7000.0 6600.0 6800.0 6600.0 6600.0 6800.0 6800.0 1400.0 2000.0 7000.0 7200.0 7000.0 6600.0 2000.0 7000.0 7000.0 1600.0 6400.0 5800.0 7200.0 1800.0 7000.0 7400.0 7000.0 6400.0 6600.0 1800.0 7000.0 7400.0 0.0
