100 5
80 502 502 9 9
36 564 564 8 6
20 651 651 1 3
59 519 519 2 7
97 448 448 1 8
29 517 517 2 1
69 598 598 2 4
1 554 554 8 5
1 580 580 2 5
74 564 564 8 5
46 561 561 6 5
65 588 588 2 8
88 607 607 1 6
78 604 604 10 9
16 544 544 1 5
33 443 443 5 3
62 434 434 6 10
41 456 456 2 6
35 618 618 10 1
27 644 644 8 2
97 564 564 8 7
24 549 549 2 10
60 498 498 5 10
10 619 619 3 2
68 515 515 9 9
80 553 553 7 4
79 447 447 10 6
98 550 550 8 10
45 625 625 3 9
44 557 557 7 4
41 494 494 3 6
78 507 507 2 2
7 638 638 4 5
28 612 612 1 5
96 646 646 9 3
2 563 563 6 6
65 569 569 4 3
12 418 418 2 7
92 431 431 8 9
40 429 429 10 2
65 447 447 4 5
44 509 509 7 6
19 528 528 1 2
100 402 402 3 5
36 483 483 5 9
50 405 405 2 1
46 468 468 4 4
76 421 421 4 9
84 630 630 7 8
8 438 438 3 10
69 463 463 6 4
86 555 555 9 5
3 586 586 1 9
15 469 469 10 9
86 478 478 1 6
92 467 467 6 5
30 577 577 3 6
90 501 501 3 10
31 641 641 4 8
52 470 470 10 7
71 444 444 7 3
65 608 608 5 5
87 433 433 2 8
73 509 509 8 7
95 453 453 10 8
59 581 581 2 5
61 586 586 2 9
31 565 565 10 4
6 442 442 10 2
31 621 621 2 4
43 640 640 5 9
90 426 426 8 3
39 632 632 10 3
100 609 609 7 4
67 639 639 8 7
55 394 394 10 8
47 598 598 7 9
68 427 427 5 10
10 510 510 1 9
8 478 478 7 2
17 541 541 9 4
90 495 495 3 7
2 442 442 7 3
22 621 621 10 3
64 456 456 4 5
43 617 617 8 5
81 405 405 1 10
81 486 486 2 3
36 402 402 8 3
15 458 458 10 8
36 571 571 4 2
76 613 613 9 6
9 434 434 10 7
1 485 485 8 6
82 433 433 3 10
78 439 439 7 9
93 449 449 1 5
40 432 432 7 9
92 637 637 2 3
73 482 482 8 4
SETUP
0 5 7 4 3 7 2 3 6 6 2 10 2 8 5 4 3 4 4 2 7 6 3 3 4 8 4 3 5 5 6 7 5 2 4 4 3 4 3 2 5 4 3 4 4 5 3 2 7 7 6 1 7 6 4 4 7 7 6 5 7 7 4 4 6 4 6 9 6 4 7 7 6 5 2 6 7 6 6 6 4 6 3 5 5 3 8 6 5 5 8 4 5 7 3 3 1 4 6 8 3
0 0 31 31 30 7 33 29 31 28 29 32 29 33 6 30 5 7 6 33 33 8 30 34 4 34 32 6 32 6 28 34 31 4 30 33 30 30 8 31 31 4 32 32 31 6 31 29 6 34 32 32 8 8 30 29 29 34 32 32 34 8 31 6 32 31 33 36 32 32 32 33 34 27 31 7 9 35 30 8 32 33 28 35 6 30 9 9 31 34 31 30 34 34 30 31 32 32 31 34 32
0 33 0 33 32 33 33 31 31 31 32 9 31 35 31 30 33 32 32 33 33 33 7 34 27 35 31 30 8 32 33 31 28 32 7 6 31 32 34 30 32 32 8 6 31 30 33 31 30 31 32 7 33 35 7 7 33 9 31 31 33 35 8 30 30 31 35 36 31 5 34 30 7 8 32 31 33 33 35 30 33 35 32 32 31 7 35 33 29 7 9 5 32 9 7 6 9 8 35 33 31
0 27 32 0 28 32 6 30 6 29 30 33 30 8 30 5 31 33 32 33 33 34 28 33 31 8 7 32 31 32 4 34 32 30 28 31 3 3 33 3 30 28 33 30 32 29 31 4 29 9 8 31 34 33 31 30 30 34 5 7 6 34 31 32 7 31 8 6 32 32 8 9 34 28 32 32 33 33 3 34 5 33 29 35 30 31 33 36 30 32 32 29 32 32 31 31 32 31 32 9 31
0 34 32 33 0 33 30 6 30 4 5 34 5 34 31 29 32 31 33 5 6 32 28 6 31 33 32 32 32 30 30 9 5 31 26 29 27 29 32 27 6 26 31 29 7 30 7 31 31 34 34 30 35 32 32 32 6 35 31 33 33 35 32 33 34 7 35 35 5 32 32 33 33 32 6 30 33 9 30 35 29 9 6 8 30 33 33 34 4 30 32 30 5 30 32 32 34 29 7 33 8
0 9 34 33 31 0 33 30 30 34 32 34 33 37 5 31 8 7 6 30 33 9 31 34 7 32 34 6 34 4 29 35 33 9 31 33 30 32 6 32 32 6 33 33 33 7 33 31 7 35 33 33 8 7 31 29 35 35 34 32 34 2 34 7 32 31 34 37 30 33 32 34 34 28 31 8 10 36 32 8 30 34 29 35 8 36 9 11 33 35 32 32 34 29 33 35 34 32 31 34 32
0 34 36 8 31 32 0 31 7 35 33 36 33 12 31 5 33 32 32 32 33 35 31 34 33 9 9 29 34 32 5 36 34 34 31 31 6 7 27 6 31 31 34 34 31 31 34 6 34 11 9 32 35 31 32 29 36 36 7 8 9 34 35 31 5 33 9 13 33 33 9 10 30 29 32 34 34 36 9 35 9 35 30 35 32 36 34 36 33 35 33 34 32 33 34 35 36 32 33 10 33
0 33 31 32 1 34 29 0 31 5 5 35 6 35 32 30 31 32 31 6 7 33 27 5 31 34 31 32 31 31 31 5 6 32 27 30 26 28 31 28 7 27 30 29 7 30 5 30 31 34 33 29 35 32 27 32 7 31 32 32 33 35 33 30 29 2 33 35 4 31 31 32 33 32 5 29 32 8 30 30 30 9 6 6 31 32 34 33 4 31 31 30 6 31 33 33 32 28 8 32 7
0 31 32 5 32 30 6 33 0 30 33 30 33 9 32 5 31 32 33 33 32 32 32 33 33 6 8 30 35 32 6 37 34 31 32 32 7 7 28 6 29 32 33 33 32 34 35 3 33 6 8 31 33 35 34 30 32 37 9 9 9 30 35 30 5 34 9 9 26 33 3 5 33 31 32 35 34 36 7 32 8 35 32 32 34 33 33 35 33 35 35 33 33 32 34 31 30 31 34 9 32
0 35 29 34 2 32 32 7 32 0 7 36 7 31 33 31 29 33 35 7 8 34 30 8 30 35 30 33 32 32 32 9 5 33 28 31 29 31 34 29 5 28 33 30 8 31 6 32 32 34 32 32 34 33 34 30 2 37 33 31 34 33 32 32 32 8 34 36 7 30 34 33 35 34 7 32 33 8 31 33 31 10 8 9 31 32 35 33 6 32 34 31 6 32 31 34 30 31 9 35 8
0 29 32 28 4 31 30 6 31 6 0 35 4 36 30 30 27 32 28 7 7 30 30 6 33 34 33 33 33 31 32 10 8 30 30 33 31 30 32 31 4 30 31 32 8 31 6 26 31 35 33 30 33 30 32 29 7 34 32 33 33 33 28 30 35 7 31 33 6 33 33 34 33 31 6 33 32 9 30 34 30 9 6 8 32 33 34 34 6 34 34 28 8 34 31 32 34 30 9 33 8
0 32 6 31 30 32 32 29 31 33 31 0 32 37 31 30 32 32 31 32 32 34 4 33 32 34 33 29 8 31 28 34 32 32 5 5 29 31 29 31 31 30 6 7 30 32 33 31 32 32 32 6 33 33 5 3 35 8 34 31 35 31 5 30 31 31 34 36 31 7 29 30 7 1 28 32 35 35 34 33 33 32 28 32 33 7 34 36 32 8 5 5 32 7 7 4 5 6 30 33 31
0 30 32 29 5 31 31 6 32 6 1 35 0 35 30 29 27 31 28 7 6 30 30 6 32 34 33 30 29 32 32 8 7 27 30 32 31 31 32 31 4 30 32 33 6 30 2 26 31 35 33 30 33 31 33 28 7 33 31 33 33 33 29 29 34 5 30 34 6 33 32 34 33 31 4 34 32 9 30 35 31 9 6 8 31 33 33 34 6 34 35 29 7 34 27 28 34 30 5 34 8
0 31 34 5 32 33 7 33 8 32 28 37 28 0 32 6 29 33 30 31 31 32 32 33 34 8 9 32 32 31 8 34 35 29 32 31 7 6 34 7 31 32 30 34 34 32 30 3 33 10 9 32 35 32 32 30 34 35 8 9 8 35 30 31 10 33 7 8 34 35 9 10 35 33 32 35 34 30 6 34 7 35 32 34 33 35 33 36 33 29 34 30 32 36 30 31 35 31 33 10 35
0 4 32 28 30 6 33 33 28 31 31 32 31 36 0 32 3 8 7 33 34 5 30 34 7 33 33 4 29 7 32 34 34 6 30 31 31 31 4 31 31 5 32 33 31 6 33 26 6 33 35 33 9 10 34 30 33 36 33 34 33 6 34 6 32 33 34 34 28 34 30 32 34 31 29 9 7 35 31 8 32 31 32 34 7 33 9 11 32 34 35 31 32 33 32 33 32 32 34 36 33
0 35 36 9 32 32 9 34 6 33 34 34 34 12 32 0 35 28 33 33 37 36 32 35 32 10 10 31 35 33 9 38 33 34 32 32 8 6 33 7 33 32 35 35 32 35 35 7 35 7 8 34 32 34 35 34 35 38 10 11 9 34 33 35 9 35 10 13 31 35 8 9 34 34 34 36 33 37 9 36 10 34 33 31 31 34 36 38 33 36 33 33 33 35 35 36 35 35 37 12 36
0 10 34 35 31 4 32 33 33 35 34 36 35 37 8 29 0 5 8 31 32 10 31 33 9 33 35 7 35 5 32 37 35 9 31 34 32 32 8 32 28 6 33 34 33 7 35 34 7 34 36 31 6 10 33 27 36 37 34 35 36 6 35 4 36 34 34 37 33 34 36 33 32 31 31 9 7 36 35 8 29 37 32 34 8 36 7 10 33 33 35 34 35 33 35 35 37 35 33 37 34
0 8 35 33 32 5 33 32 29 34 33 33 32 37 5 33 8 0 6 31 35 9 32 34 9 34 35 3 33 5 33 36 35 8 33 30 32 32 6 33 31 7 35 35 30 7 34 30 8 31 32 33 9 10 33 33 35 36 34 36 36 7 35 7 34 33 34 37 30 35 32 33 32 32 32 9 10 35 35 9 34 32 33 29 8 32 11 12 33 36 34 34 31 33 34 34 34 33 35 36 35
0 10 34 34 30 9 28 29 33 34 32 37 33 35 8 33 8 9 0 31 32 7 30 29 7 35 32 6 34 8 33 34 33 9 30 33 29 30 4 31 33 5 29 33 33 5 34 32 9 33 31 28 10 8 30 31 35 32 31 33 33 10 35 7 33 31 29 38 33 33 32 33 32 32 32 7 8 33 33 7 33 34 31 32 6 35 10 7 31 34 34 33 34 34 35 36 33 28 35 31 35
0 31 35 30 5 31 32 5 30 7 5 34 5 36 29 29 32 31 30 0 7 33 31 8 33 33 32 27 32 29 32 7 7 31 31 29 30 32 33 29 4 31 33 30 3 31 7 29 32 35 34 31 32 34 31 28 9 35 33 33 34 31 32 33 33 6 33 35 5 31 32 33 33 31 1 33 34 9 32 34 31 6 2 8 32 35 33 36 8 32 32 29 4 32 32 32 34 31 8 32 5
0 36 35 35 6 31 34 5 32 9 7 36 9 38 33 32 34 34 32 9 0 37 31 9 33 31 34 32 35 34 29 9 8 35 32 34 31 33 35 32 4 32 33 34 8 34 9 33 34 35 34 33 33 36 32 30 11 35 35 33 37 33 34 33 33 7 33 39 7 34 35 34 35 29 7 34 34 11 35 34 35 6 4 10 35 36 35 37 8 35 32 33 9 34 34 35 37 33 6 35 8
0 7 34 31 32 5 32 32 30 34 29 31 28 33 3 32 4 8 5 35 34 0 33 33 3 31 29 6 32 9 33 35 30 2 32 32 32 29 6 33 29 7 33 35 33 5 30 29 7 32 30 31 7 7 31 30 32 35 32 30 28 7 30 6 32 33 29 36 30 32 32 31 32 32 31 7 2 34 32 7 33 33 32 33 2 33 5 10 30 33 35 28 33 32 30 31 34 31 32 35 33
0 33 7 32 26 33 30 31 30 30 29 9 30 34 31 29 30 31 31 31 32 32 0 31 31 33 31 31 4 30 30 34 31 31 1 4 27 27 32 27 31 26 6 3 32 30 32 29 31 34 32 4 35 33 7 6 31 10 31 32 33 35 6 33 34 32 34 35 31 5 32 33 8 6 30 30 31 35 30 35 29 35 32 34 30 7 33 34 28 5 6 4 30 5 6 7 8 4 33 33 34
0 35 34 34 2 34 32 7 31 5 7 35 6 35 32 30 33 32 34 7 8 34 29 0 33 34 34 33 33 32 31 10 6 33 28 30 28 30 33 28 7 28 33 30 7 31 8 32 32 30 32 31 36 34 33 34 7 36 32 35 34 36 34 35 35 8 36 36 6 33 34 33 31 33 7 32 34 10 31 34 31 6 7 3 32 31 34 35 6 31 33 31 6 32 33 34 35 31 8 35 9
0 9 35 34 32 9 32 33 34 34 33 35 34 35 8 30 9 6 6 34 32 10 32 33 0 36 32 6 34 7 35 36 27 9 31 33 32 34 7 33 33 6 33 35 33 7 35 32 9 31 31 31 6 9 34 32 36 36 34 31 35 11 33 4 29 33 34 37 30 31 36 29 32 34 31 5 9 34 35 8 36 34 31 31 7 32 11 10 34 36 36 33 34 34 35 36 34 34 34 32 30
0 34 36 10 32 35 9 31 7 35 34 36 35 12 34 7 35 35 36 34 32 38 32 35 32 0 8 35 35 34 10 36 32 35 33 35 6 6 35 8 34 33 36 35 36 30 35 9 35 9 9 34 35 37 32 31 37 36 6 9 7 36 36 32 8 33 3 13 33 35 6 7 35 35 35 33 33 38 9 35 7 35 31 34 31 35 35 38 33 35 36 34 34 36 35 37 33 34 37 9 34
0 32 31 6 31 35 6 30 6 34 32 35 32 4 33 7 33 35 33 34 34 36 31 33 30 8 0 34 35 34 8 33 31 33 30 33 5 5 33 6 34 30 34 32 35 29 34 6 34 9 2 32 36 31 31 33 35 33 4 2 6 35 34 34 8 30 9 10 32 33 8 8 35 33 33 31 32 32 8 30 7 37 33 34 29 34 34 36 31 33 35 32 33 35 34 35 35 32 36 8 35
0 5 33 30 30 8 31 29 29 32 30 33 30 35 2 32 5 8 3 29 34 6 30 32 7 34 34 0 30 3 31 33 33 5 30 27 29 31 6 31 32 5 32 32 27 5 31 28 5 35 34 30 9 9 30 31 34 34 32 34 34 8 32 7 32 30 31 35 29 34 32 33 35 30 29 7 8 33 32 7 33 32 30 34 6 34 10 9 32 34 31 32 28 31 31 32 33 30 33 34 33
0 31 9 29 31 29 30 30 30 32 30 9 30 36 28 30 31 32 29 30 32 33 5 31 33 34 33 27 0 29 32 32 34 30 5 3 30 32 32 31 31 31 6 7 28 32 32 29 32 32 33 4 34 32 5 6 34 9 33 34 35 31 6 30 31 31 32 35 30 7 29 30 7 5 26 33 34 34 32 33 33 33 31 32 33 7 33 34 33 9 6 3 29 7 6 6 5 4 34 33 32
0 6 35 30 32 7 33 31 31 33 31 35 31 36 4 30 7 6 5 27 33 8 32 34 8 34 33 2 32 0 33 33 33 6 32 29 31 33 8 29 31 6 34 31 29 6 33 30 7 35 34 32 7 8 32 28 35 35 33 34 34 6 33 8 34 32 33 34 31 32 32 34 33 32 27 9 9 34 33 9 32 32 28 34 7 35 8 8 34 33 33 30 30 33 32 32 34 32 34 33 31
0 34 33 7 31 33 6 30 6 35 31 36 31 10 31 5 32 32 29 33 31 35 31 32 33 9 6 30 34 32 0 35 33 31 31 31 5 7 33 6 31 31 32 34 31 31 31 5 35 10 5 31 34 33 31 29 36 35 7 4 9 35 32 30 4 32 6 12 32 33 9 10 34 33 29 34 34 35 9 33 9 33 29 34 32 36 35 35 33 35 29 30 32 35 30 33 36 30 29 9 32
0 30 33 29 5 32 31 7 32 7 1 32 5 37 31 30 28 32 29 7 8 31 31 7 33 34 34 34 34 32 32 0 6 31 31 30 32 31 33 28 5 31 32 30 9 31 7 27 32 35 33 31 34 31 33 30 8 35 32 34 34 34 29 31 35 8 32 34 7 34 34 34 34 32 7 34 33 10 31 35 31 10 7 9 32 34 34 35 7 32 32 29 6 34 32 33 35 30 9 34 9
0 35 35 35 7 36 33 8 34 8 10 35 10 36 32 35 35 34 31 9 7 36 32 7 34 35 35 33 35 33 35 11 0 36 31 34 31 33 35 33 9 31 35 35 7 32 9 32 35 30 31 33 31 37 33 36 9 37 34 36 35 36 37 35 37 8 34 39 9 35 36 28 31 35 9 35 35 12 34 34 35 8 9 5 33 31 37 37 9 36 37 34 9 34 34 36 37 33 12 32 9
0 10 36 34 32 9 33 32 34 36 32 38 32 39 7 35 8 11 5 35 36 10 32 34 11 39 36 9 35 11 36 36 37 0 33 35 32 34 9 33 33 7 34 35 36 9 34 32 11 37 35 32 11 10 33 34 37 36 35 37 37 11 34 9 35 33 33 39 34 36 36 37 36 36 35 9 12 37 36 10 35 37 35 36 10 37 13 11 35 35 36 31 36 36 33 34 37 32 30 35 38
0 34 7 33 28 33 30 31 30 29 31 8 31 34 31 31 32 33 33 33 33 32 2 31 32 35 32 32 6 32 32 35 32 32 0 5 27 29 31 28 32 26 6 5 34 30 32 31 30 35 34 4 35 32 6 7 31 9 32 33 33 34 7 33 34 32 35 36 30 6 33 34 8 8 31 30 33 34 29 34 31 34 33 33 31 7 34 34 30 6 8 4 32 6 7 7 8 4 34 33 33
0 32 9 31 32 33 33 31 32 34 29 8 28 37 32 31 30 33 31 33 33 33 6 34 31 33 33 32 6 34 30 34 32 29 6 0 31 31 34 32 32 32 8 8 34 30 30 29 29 35 34 7 33 33 6 5 35 9 31 33 33 33 5 31 33 31 33 36 32 8 34 34 9 3 32 34 33 36 33 34 33 34 30 33 30 10 35 36 32 10 4 6 27 9 4 5 10 7 32 34 33
0 33 33 7 27 33 4 30 5 30 30 35 31 9 31 4 31 32 32 32 33 33 27 30 32 8 6 31 31 31 5 35 31 32 27 30 0 2 31 2 32 27 30 29 33 30 33 5 31 9 8 29 35 31 31 32 32 35 6 7 8 35 32 34 8 32 9 10 29 31 8 8 33 32 31 29 32 33 5 34 5 35 32 32 31 32 34 33 29 31 32 30 31 31 33 33 33 28 33 7 32
0 31 34 5 32 32 7 32 6 33 28 34 29 8 29 7 29 34 30 32 32 32 32 34 31 10 4 32 31 32 7 35 32 30 32 29 6 0 33 7 30 32 34 32 31 30 31 3 30 10 6 32 34 32 33 31 35 35 6 5 8 34 31 32 8 32 8 9 32 29 8 9 35 31 32 35 32 35 4 34 7 34 32 35 30 35 35 36 27 30 32 28 30 35 31 32 35 32 34 7 35
0 7 35 32 32 6 33 31 31 33 32 35 32 37 4 29 7 5 5 31 34 8 32 34 9 33 35 2 32 5 31 35 35 7 30 29 31 33 0 32 30 5 34 34 29 7 33 30 7 35 35 32 8 9 32 27 35 35 34 35 36 8 34 9 34 32 33 37 31 35 34 35 32 30 31 9 9 34 33 9 35 34 31 34 8 36 7 11 33 33 33 34 30 33 33 34 35 32 33 36 35
0 33 35 7 30 32 7 30 6 32 30 35 30 11 30 3 31 30 32 30 31 34 30 34 30 7 7 31 33 29 6 34 30 30 29 28 4 5 34 0 30 29 34 28 33 29 32 5 32 8 9 32 34 33 31 32 34 35 5 8 6 34 32 32 8 32 8 8 32 33 6 7 34 31 31 33 32 37 7 34 3 35 31 33 30 35 32 36 32 29 32 29 29 35 31 32 33 32 34 8 35
0 36 36 35 7 27 35 6 31 8 8 34 9 35 32 32 32 34 33 6 9 36 32 10 34 33 35 33 35 31 30 10 9 33 33 34 31 33 33 33 0 33 34 35 9 33 8 33 34 32 34 34 30 34 32 31 9 36 35 34 35 29 35 33 34 7 35 39 6 35 34 31 33 29 7 35 31 12 33 35 32 9 5 7 34 36 36 38 9 36 33 34 10 31 33 36 35 34 7 35 8
0 9 34 33 28 8 30 31 30 31 31 34 31 36 6 31 7 7 7 33 33 6 28 31 7 35 32 7 31 6 32 35 32 6 28 31 27 29 6 28 32 0 31 30 34 5 32 31 5 35 34 29 9 7 32 33 33 35 32 33 33 9 33 8 34 32 35 36 30 32 33 34 34 33 31 5 7 34 29 9 31 34 33 33 6 33 9 8 30 32 33 30 32 32 32 32 34 29 34 33 33
0 33 9 32 31 33 29 30 32 34 30 10 31 35 31 33 31 35 32 32 32 34 6 30 33 33 31 33 7 33 33 35 33 31 6 5 30 27 31 32 31 31 0 8 33 31 33 30 31 34 32 3 35 34 6 7 35 9 30 32 34 35 6 33 34 32 35 36 33 5 35 35 8 7 33 34 34 32 30 34 34 31 34 33 32 10 35 33 28 6 8 4 31 9 7 8 10 3 35 32 36
0 31 9 30 29 30 32 32 30 32 28 8 28 36 28 26 29 28 30 28 33 32 3 33 32 34 32 30 6 28 33 32 28 29 3 5 30 30 32 29 29 29 7 0 31 30 30 28 30 32 33 6 32 32 7 4 34 8 32 33 33 32 4 31 34 32 32 35 30 6 33 30 7 7 29 33 33 35 32 35 27 33 30 31 31 8 35 35 31 7 8 1 32 7 4 5 9 6 33 33 33
0 30 32 29 5 32 30 5 28 6 6 32 6 34 26 31 29 33 27 2 7 31 30 5 32 33 33 29 29 27 32 8 8 32 31 30 30 31 30 30 5 31 31 32 0 31 7 26 30 33 32 29 34 34 31 29 8 33 32 34 33 32 34 32 32 6 30 34 3 33 31 32 33 31 2 34 32 8 31 33 32 5 3 7 31 33 35 33 7 33 34 31 6 33 32 32 32 29 9 32 7
0 8 32 32 28 7 31 28 29 32 30 33 31 34 6 31 6 8 7 33 31 9 28 32 2 31 30 6 32 7 33 32 29 6 29 31 28 28 5 29 31 3 32 31 33 0 32 30 6 32 31 30 8 8 29 32 34 32 27 31 29 7 32 5 31 29 34 36 29 31 31 31 33 33 32 5 4 35 31 6 32 36 33 33 1 34 6 9 29 32 33 30 31 33 31 34 33 30 35 31 32
0 33 31 32 5 33 30 4 31 8 6 35 8 35 33 27 32 29 32 9 4 34 30 5 30 33 32 32 34 34 33 9 5 34 31 33 30 30 31 31 7 31 31 33 8 28 0 31 32 34 33 29 34 34 31 31 10 33 29 33 31 35 34 27 33 6 28 37 6 32 31 33 33 32 8 33 31 7 33 33 33 9 5 7 29 35 33 32 6 34 35 32 5 35 33 34 33 32 6 33 6
0 29 32 3 30 32 9 33 8 31 31 35 31 10 32 6 29 33 33 34 34 30 30 35 33 9 7 33 34 33 6 36 33 31 30 33 5 5 35 5 31 30 35 32 34 32 33 0 32 11 9 33 34 35 34 30 33 36 7 8 7 34 33 32 9 33 8 8 34 34 10 9 35 31 32 34 32 35 5 35 6 35 32 36 32 33 35 38 32 34 34 31 34 34 32 33 34 33 34 10 33
0 8 32 32 29 7 31 28 29 32 30 31 31 34 6 30 6 7 6 32 31 9 29 30 2 31 30 6 32 6 32 31 29 7 29 31 28 28 5 29 32 3 32 30 33 1 32 30 0 32 31 30 8 8 29 32 34 31 27 31 29 7 33 6 31 28 34 37 29 31 31 31 33 32 32 6 4 35 31 6 31 36 33 33 1 34 6 9 29 32 33 30 31 33 31 28 33 30 35 31 32
0 34 31 9 31 34 6 30 5 35 33 31 33 10 33 7 34 35 34 34 34 35 31 35 30 9 7 34 35 33 7 33 31 34 31 33 5 5 32 6 33 31 34 32 35 29 33 7 33 0 2 33 36 35 29 32 34 33 5 8 6 33 33 34 8 30 9 9 31 33 7 8 27 32 34 34 32 36 7 30 7 36 31 34 30 35 34 36 31 34 35 32 33 30 34 35 34 33 34 8 33
0 32 29 7 29 34 4 29 4 33 31 34 31 9 31 5 32 33 32 33 32 35 29 33 29 7 5 33 33 32 6 31 29 32 30 32 3 3 31 5 32 30 33 30 33 27 33 5 33 8 0 31 34 34 30 31 35 31 3 6 4 34 33 32 6 28 9 11 30 31 7 6 34 32 33 32 30 35 6 28 6 35 31 33 28 34 32 35 29 32 34 30 32 34 32 34 34 31 34 6 33
0 34 6 33 28 33 27 27 32 32 31 10 32 34 31 31 32 33 32 33 34 31 3 28 33 34 30 30 7 32 31 32 33 33 3 6 28 29 28 29 32 29 2 5 31 32 32 31 33 32 32 0 35 31 3 4 33 7 32 31 33 35 8 31 31 29 34 37 31 6 32 34 5 4 32 31 33 31 32 31 32 32 31 30 33 7 35 30 30 7 7 6 32 7 8 9 8 4 33 33 33
0 10 33 35 34 9 33 33 34 37 35 38 37 37 11 31 5 7 10 34 33 11 34 34 8 35 35 10 37 9 36 38 31 12 34 36 33 34 9 35 33 9 34 36 37 6 30 33 10 34 36 33 0 12 34 32 39 37 33 36 32 10 37 5 34 35 32 39 35 36 33 33 35 35 35 11 9 36 36 11 34 38 34 35 7 36 9 10 35 38 37 36 34 35 29 37 35 33 35 36 35
0 7 33 32 26 8 28 29 30 30 30 35 31 34 5 29 5 6 3 31 32 7 26 29 5 33 30 6 30 5 30 34 31 6 27 29 27 27 4 27 32 1 29 29 32 4 31 30 5 33 31 28 9 0 30 31 31 34 30 31 32 9 32 7 32 31 31 35 29 29 33 33 32 31 30 4 6 32 30 7 30 34 32 31 4 32 8 7 28 30 32 30 30 31 32 33 33 27 33 31 34
0 32 4 33 34 34 33 33 30 34 30 9 34 38 34 31 31 33 30 31 33 34 8 33 30 35 34 33 11 35 32 33 31 34 8 8 33 33 32 34 33 34 8 10 34 32 29 30 33 35 34 6 36 35 0 6 35 10 33 35 35 34 7 30 33 34 32 37 31 9 33 34 10 7 32 34 32 36 34 29 35 35 31 33 32 10 36 35 32 10 9 7 34 10 9 9 9 6 34 35 34
0 36 9 35 33 30 35 34 32 35 34 10 34 37 34 27 34 29 32 32 33 34 8 35 33 32 37 32 10 31 32 37 34 35 8 8 34 33 35 34 28 34 10 10 33 34 35 34 36 34 35 9 32 35 6 0 36 12 35 36 36 32 8 35 36 35 33 36 32 10 35 33 5 6 32 35 33 37 35 34 34 35 33 32 32 9 31 37 34 6 9 8 34 7 9 11 11 8 32 37 36
0 34 31 33 1 33 30 6 30 4 6 34 5 34 31 29 32 31 33 6 7 33 28 6 32 33 30 32 32 31 30 9 5 31 27 29 27 29 32 27 6 27 32 29 8 30 4 31 31 34 32 30 35 33 32 33 0 35 31 31 33 31 33 31 34 7 32 35 5 32 33 33 33 32 6 31 33 7 30 34 30 9 6 8 31 33 33 32 5 30 32 30 5 31 29 33 34 30 7 33 8
0 32 9 31 31 30 29 30 32 34 29 9 30 34 30 29 30 31 27 32 32 33 6 30 32 36 30 33 6 32 33 35 32 30 6 4 30 26 31 32 31 31 5 7 32 30 32 29 30 35 32 3 34 33 6 6 35 0 32 31 34 31 5 29 34 32 30 35 32 4 33 34 8 6 32 34 30 34 29 34 33 34 32 33 31 10 35 33 27 5 7 3 30 7 6 7 9 3 34 32 34
0 35 36 8 33 34 9 32 8 36 32 33 31 12 32 8 33 35 32 35 36 36 33 35 33 10 8 32 35 34 9 35 33 32 33 33 7 5 30 8 32 32 35 33 34 31 33 6 31 11 8 34 35 35 33 32 38 31 0 7 8 35 33 34 10 32 9 13 34 33 10 10 36 34 35 34 34 38 4 35 8 35 35 37 32 36 36 38 31 35 36 30 34 37 33 33 37 33 34 10 36
0 33 30 8 30 34 5 29 5 33 32 34 32 9 32 6 33 34 32 33 33 35 30 33 29 7 6 33 34 33 7 32 30 33 29 32 4 4 32 5 33 29 33 31 34 28 33 6 34 8 1 31 35 30 30 32 34 32 3 0 5 34 34 33 7 29 8 12 31 32 7 7 34 33 33 30 31 35 7 29 6 36 32 33 28 33 33 35 30 33 34 31 32 34 33 34 34 31 35 7 33
0 33 32 7 31 35 4 30 7 35 33 36 32 11 31 8 34 35 32 32 33 34 31 31 32 3 7 29 34 32 8 35 33 33 31 31 5 6 31 7 33 32 31 34 31 32 32 6 34 7 9 29 37 34 28 32 36 35 8 8 0 35 34 33 8 32 5 11 32 35 8 9 30 33 29 32 35 34 9 31 9 34 33 31 33 34 28 33 33 35 34 31 32 33 34 34 35 29 35 7 36
0 7 34 31 31 6 32 32 28 32 32 32 31 37 3 31 6 8 6 28 34 7 31 33 7 33 34 4 32 2 34 34 33 7 31 31 32 30 4 31 31 5 33 32 31 5 31 29 5 33 33 32 9 5 33 30 34 35 32 35 34 0 33 6 32 32 33 35 28 33 30 32 34 33 29 6 8 35 30 8 30 34 29 34 6 34 9 9 31 34 33 30 32 27 33 33 32 32 36 34 33
0 31 8 30 28 29 28 29 29 32 27 7 27 35 27 30 28 32 29 33 32 32 3 29 33 34 31 31 5 33 32 33 33 28 3 6 29 29 29 29 28 29 4 5 32 31 29 27 32 33 31 2 31 28 4 4 33 8 32 30 34 31 0 30 32 30 31 35 29 6 32 33 6 6 30 31 33 32 31 33 31 32 32 31 32 8 34 32 30 7 8 1 32 7 3 4 8 4 32 33 35
0 8 34 33 29 7 29 29 31 33 30 34 33 36 7 26 6 3 5 34 29 8 29 30 7 33 32 6 33 8 32 34 33 8 30 32 30 30 5 30 32 4 30 32 32 6 34 30 6 33 34 28 7 8 31 32 35 34 33 33 34 9 33 0 33 31 34 37 31 31 34 35 32 31 33 7 8 33 33 8 33 34 32 31 6 34 10 7 31 33 34 32 33 34 34 33 36 32 31 35 31
0 33 34 6 30 32 4 30 6 33 31 32 32 11 30 1 32 29 31 32 29 33 30 30 33 8 7 29 33 31 7 34 33 33 30 30 4 5 30 5 32 30 30 32 30 32 34 5 31 8 9 28 33 34 31 32 35 35 7 8 9 34 33 26 0 31 9 9 31 32 8 9 33 31 28 33 34 33 8 34 8 35 33 31 32 35 36 33 32 34 34 31 31 34 33 33 35 32 31 10 31
0 33 36 32 5 32 33 8 32 9 5 35 5 37 30 29 31 31 30 5 9 34 31 8 34 36 33 32 33 30 35 4 5 31 31 32 32 30 34 31 5 31 34 28 8 32 7 30 32 34 35 32 35 34 34 32 10 29 34 34 35 34 32 32 35 0 33 37 7 32 35 33 35 34 6 35 33 11 33 37 29 9 6 8 33 35 37 36 5 34 35 29 8 35 32 33 36 32 9 35 9
0 35 33 8 30 33 7 29 4 33 31 34 32 9 31 5 33 32 33 32 32 35 30 33 29 7 5 33 34 31 8 34 30 33 30 32 4 4 32 5 31 30 33 32 34 27 33 6 33 6 7 32 33 34 30 29 35 33 3 6 5 34 34 30 5 30 0 11 30 32 3 5 33 34 32 31 30 36 7 33 5 33 28 32 28 32 32 36 30 32 34 31 32 34 33 35 30 31 34 6 32
0 30 32 4 29 32 4 31 6 31 27 35 27 10 30 4 28 30 29 29 32 31 29 31 32 3 7 28 30 28 7 33 31 27 29 29 4 5 31 2 30 30 31 30 29 30 28 1 31 7 8 29 34 31 29 29 33 34 6 8 1 33 29 29 8 31 5 0 32 32 7 8 30 31 27 32 33 34 5 31 2 32 30 31 31 29 28 34 31 31 33 29 31 33 28 29 27 29 31 7 34
0 37 36 36 8 30 31 7 34 10 10 35 11 37 34 35 35 37 35 9 9 35 33 7 35 33 35 33 37 34 33 11 10 35 33 34 32 34 33 34 3 33 32 35 8 33 10 34 33 35 36 31 32 36 33 33 12 37 34 35 36 32 38 35 35 8 35 39 0 36 36 34 35 32 9 35 33 10 36 36 34 11 7 8 34 37 38 35 9 35 35 36 9 33 35 35 38 30 10 34 11
0 33 6 32 32 32 32 31 29 34 31 8 32 31 31 31 32 33 32 32 34 35 6 33 28 33 27 30 3 32 34 33 29 33 5 5 31 29 31 32 32 31 9 5 31 29 34 31 32 33 28 7 32 31 6 7 35 8 31 28 31 33 8 32 31 30 35 36 30 0 31 32 8 8 29 32 30 32 32 31 32 35 33 33 27 9 33 37 30 7 9 5 32 8 8 8 7 7 36 34 32
0 35 34 8 30 33 4 31 7 32 31 34 31 9 31 2 32 29 32 33 30 34 30 31 32 5 5 31 33 32 8 35 32 32 31 31 4 6 31 3 33 31 31 30 31 31 33 6 32 3 5 29 34 34 31 33 34 35 7 6 8 34 34 27 2 32 8 9 32 30 0 2 30 32 30 33 34 34 8 33 5 33 33 29 32 30 31 34 32 32 34 31 32 33 32 32 28 31 32 9 29
0 33 32 7 32 36 6 32 6 33 34 33 34 9 30 8 33 36 33 34 35 34 32 32 32 7 8 34 33 33 8 34 33 35 32 34 5 6 32 7 34 32 32 33 32 30 34 5 34 2 4 30 37 36 31 33 35 34 6 9 8 34 34 35 9 31 10 11 32 34 9 0 28 34 33 34 33 35 8 32 8 31 33 28 31 31 35 35 32 35 36 33 35 31 35 35 35 33 35 9 35
0 34 10 33 33 33 33 33 29 33 33 8 33 38 33 32 34 34 33 33 35 34 7 34 34 35 35 33 10 32 35 32 35 33 8 9 33 32 31 34 32 33 8 9 35 32 35 31 32 35 36 6 35 36 9 5 35 11 34 36 35 32 9 33 34 34 36 38 29 9 32 33 0 9 33 33 35 35 31 35 31 35 30 35 33 10 36 36 33 10 12 6 35 3 9 8 8 6 33 35 34
0 34 7 32 29 31 31 28 30 33 30 9 31 36 30 29 31 31 30 33 31 34 3 32 31 33 32 30 7 32 27 33 31 32 4 6 28 30 32 30 30 29 5 6 31 31 32 30 31 35 31 5 32 34 4 2 34 7 33 30 34 33 7 31 31 30 33 37 30 6 33 34 7 0 30 31 34 35 33 32 32 32 27 34 32 8 33 35 31 8 4 5 32 8 6 7 9 5 29 32 30
0 30 34 29 5 32 32 4 30 7 4 34 4 36 28 33 31 35 29 4 9 33 31 7 33 35 35 27 31 29 32 6 9 30 31 28 30 32 32 31 5 31 33 33 3 32 6 29 32 34 34 31 34 33 31 31 8 34 33 35 35 34 32 32 33 6 32 34 5 35 31 33 32 31 0 33 34 8 32 33 34 8 5 9 32 34 36 35 7 35 32 29 4 32 31 31 33 31 8 35 9
0 8 33 33 30 5 32 32 32 31 33 35 33 35 5 32 7 7 5 31 34 9 30 31 8 33 34 7 33 5 33 32 33 8 30 32 29 31 7 29 29 4 33 31 30 7 35 30 8 35 36 31 7 9 33 33 33 32 33 35 35 7 35 9 34 29 34 35 26 34 34 34 35 32 32 0 8 36 33 7 32 32 33 34 7 29 10 10 32 33 35 32 33 34 34 32 30 31 32 35 35
0 8 33 33 31 4 33 30 30 33 33 34 34 36 7 34 8 10 7 34 34 10 31 33 5 34 32 9 35 7 33 35 31 9 31 33 30 31 7 32 33 6 35 34 32 3 33 32 8 31 32 33 10 10 30 33 35 35 30 33 32 6 35 8 33 32 35 38 31 33 33 29 32 32 34 8 0 37 32 7 32 34 33 31 4 31 8 12 32 35 35 33 33 30 34 35 35 33 35 33 34
0 34 35 33 6 35 31 5 32 10 5 36 8 37 34 33 32 35 28 8 9 35 32 6 31 33 33 34 34 34 35 4 6 34 32 33 31 31 32 30 8 32 32 32 10 29 9 31 35 35 33 30 37 34 32 33 11 34 31 34 32 36 33 34 34 7 31 38 7 34 34 34 34 34 9 34 32 0 34 35 33 6 8 8 30 35 34 35 7 34 36 33 8 36 35 36 33 30 11 34 9
0 31 33 5 29 30 6 29 4 33 28 31 28 8 28 4 29 31 30 31 32 32 29 31 29 7 4 32 31 31 7 32 30 28 30 29 3 1 32 5 28 30 33 29 32 27 29 2 27 8 6 31 32 31 30 30 34 32 3 5 5 32 29 30 6 29 6 9 30 29 7 6 33 32 31 32 30 35 0 32 4 31 32 33 28 35 32 35 27 31 33 27 30 33 29 29 34 31 32 6 33
0 4 27 32 33 6 33 32 27 31 32 32 32 35 6 30 7 7 6 34 33 8 33 34 2 33 32 5 34 7 29 32 28 7 33 32 32 30 4 31 30 8 34 33 32 5 34 29 5 32 33 33 8 10 33 29 33 35 32 32 34 6 34 5 30 32 35 36 28 32 30 31 33 30 32 6 8 34 33 0 33 33 28 30 6 33 9 8 30 33 32 31 33 33 33 32 32 32 32 34 32
0 33 34 6 28 33 7 31 6 31 31 34 32 10 30 5 32 33 31 28 34 34 28 33 31 8 6 29 32 27 6 34 32 33 28 30 3 4 34 3 32 28 33 30 30 30 34 5 29 8 8 32 34 34 32 29 33 34 5 7 7 32 34 35 9 31 9 9 32 31 8 9 34 33 28 32 33 35 6 35 0 33 29 32 30 35 35 34 30 32 34 31 31 32 33 31 35 31 34 9 32
0 34 37 33 8 33 34 8 34 10 7 38 8 37 32 34 33 36 33 8 9 36 34 9 34 28 33 31 30 33 35 9 9 34 34 32 33 34 35 35 9 34 35 36 6 32 10 32 35 35 35 34 37 36 34 33 12 38 33 34 35 35 35 34 34 9 30 38 7 36 33 34 35 35 4 35 35 9 36 37 35 0 7 10 33 36 37 38 9 37 35 33 8 36 35 35 34 33 12 36 10
0 33 35 32 5 30 33 9 31 9 8 35 8 35 29 28 32 30 33 7 6 34 31 9 32 32 31 32 32 32 33 12 7 34 31 34 30 32 33 31 3 31 34 33 8 33 9 29 35 35 33 33 31 34 32 27 10 35 35 32 35 32 33 34 34 9 34 36 6 30 33 34 31 32 7 33 33 8 34 35 32 5 0 7 32 36 32 37 8 32 35 33 9 33 34 36 34 32 7 31 4
0 34 33 33 5 35 32 7 32 6 7 33 7 36 31 33 34 35 32 6 10 35 30 8 32 31 34 33 33 31 34 9 8 33 30 33 29 31 34 31 8 30 33 33 5 30 9 31 34 28 30 32 37 35 31 34 8 35 32 35 34 34 34 35 35 6 34 37 7 34 35 33 29 34 7 33 34 11 33 32 33 4 8 0 31 29 35 36 7 34 35 32 9 32 34 35 35 32 10 35 9
0 7 34 32 33 7 33 32 28 32 29 32 30 34 5 30 5 7 6 33 33 8 33 34 1 32 30 6 33 7 33 35 28 6 32 30 32 27 4 33 31 7 34 33 32 5 32 29 6 31 32 32 7 8 32 31 34 36 32 31 30 7 32 5 30 33 34 36 28 30 30 30 32 32 32 5 3 35 30 8 34 35 32 32 0 33 6 11 28 31 33 29 31 32 32 33 32 32 35 33 31
0 31 6 30 27 33 29 30 29 28 30 8 31 33 28 30 30 32 28 29 33 32 1 30 32 31 32 30 5 28 31 35 31 32 2 5 26 28 31 28 32 27 5 4 27 31 33 28 31 33 33 3 35 32 6 5 30 9 32 33 34 33 7 33 34 32 31 35 30 5 32 32 8 7 29 29 32 34 31 34 30 29 30 33 31 0 34 33 29 6 7 5 31 6 7 8 7 3 34 32 33
0 7 30 33 33 8 33 32 30 34 31 35 34 37 8 31 6 8 5 32 33 8 33 34 5 26 34 7 35 8 32 33 31 9 32 34 32 32 7 33 32 7 34 35 33 5 30 31 8 30 32 32 10 9 26 32 35 36 31 35 33 9 33 5 33 33 29 38 30 35 31 33 31 33 32 4 7 36 35 3 33 32 31 29 5 32 0 10 33 35 33 33 34 34 34 35 33 32 33 35 35
0 7 36 31 30 5 31 31 32 33 31 35 31 37 4 32 7 8 3 30 34 9 30 32 6 34 33 3 28 4 33 30 32 7 31 30 31 31 7 31 32 5 32 33 30 4 33 30 6 33 34 30 10 8 32 32 35 35 31 34 33 7 33 6 32 33 32 36 32 33 30 32 34 32 28 9 7 26 34 9 28 32 31 34 5 34 9 0 32 34 33 30 31 34 33 33 32 30 35 34 34
0 31 33 30 6 31 32 7 30 7 3 34 3 32 29 31 30 33 31 6 5 32 31 8 30 35 28 31 30 31 33 10 6 29 32 31 32 30 32 32 4 32 33 33 5 31 5 28 33 35 30 32 33 32 34 30 9 35 32 29 33 33 30 31 33 7 33 34 5 28 33 33 35 32 5 34 31 9 32 33 33 8 7 9 29 35 35 36 0 29 34 27 6 34 30 31 35 32 7 35 9
0 31 10 30 31 32 34 32 32 32 30 10 30 37 31 31 31 33 32 28 28 34 6 35 33 32 34 29 7 27 31 34 33 30 6 2 32 32 35 31 31 31 9 7 31 31 31 30 31 36 35 8 34 34 7 4 34 10 32 34 31 32 7 32 34 32 34 30 33 8 34 35 9 4 29 35 34 35 32 35 32 33 29 34 32 8 33 35 33 0 5 6 28 8 6 7 6 8 33 34 33
0 33 7 32 31 30 31 32 31 34 33 9 34 35 29 28 32 30 33 30 31 34 5 32 32 32 31 31 7 32 33 36 33 34 5 7 30 32 33 31 29 31 7 8 32 30 28 29 34 35 33 5 31 35 7 1 36 9 31 32 33 32 7 29 34 33 30 36 31 5 33 34 6 7 30 33 33 34 34 35 32 31 26 33 31 9 32 33 33 7 0 7 32 8 2 10 9 7 33 31 30
0 31 8 29 31 29 31 32 29 32 27 7 27 36 27 30 28 32 29 33 32 31 6 32 33 34 34 31 5 33 32 34 33 28 6 7 32 32 31 32 28 31 6 8 32 31 29 27 32 34 34 5 31 31 7 3 34 9 32 33 34 31 3 30 33 31 31 35 29 8 32 33 8 6 30 34 32 35 31 34 32 32 32 34 32 9 34 35 33 9 9 0 33 7 3 4 8 5 32 35 34
0 35 34 34 7 35 33 7 32 11 7 36 7 39 33 35 34 37 31 9 7 37 33 9 35 32 36 35 35 34 35 11 9 33 33 36 32 33 35 34 8 33 32 35 7 35 9 33 37 38 36 33 37 36 31 35 12 36 35 37 38 32 34 35 35 8 34 38 7 36 35 36 36 35 9 35 37 12 36 33 35 9 10 11 36 38 39 37 9 37 37 32 0 33 34 35 36 32 5 36 13
0 31 7 30 30 31 32 31 26 31 30 5 30 35 30 30 31 32 31 30 33 31 5 33 31 32 32 31 8 29 32 34 32 31 5 6 31 29 29 31 29 30 8 6 32 29 32 28 29 32 34 6 33 34 7 5 32 9 31 33 33 31 6 30 31 31 34 35 27 6 29 31 7 6 30 30 33 36 28 32 28 33 31 32 30 7 34 36 30 8 9 4 33 0 6 6 5 6 35 34 32
0 33 6 32 31 33 30 30 31 34 32 9 34 34 34 28 33 30 32 35 30 34 5 31 30 34 32 32 9 34 33 35 31 34 5 8 30 30 31 32 33 31 6 8 34 29 26 32 32 34 34 4 34 35 6 6 36 8 30 33 32 35 8 27 33 32 29 37 31 7 31 33 8 7 34 33 32 33 33 34 33 35 31 32 29 8 34 33 31 9 9 7 31 9 0 9 7 7 32 33 32
0 33 10 32 33 35 34 35 35 35 30 10 30 36 34 33 31 35 32 33 35 34 7 35 35 37 32 34 7 32 35 37 36 30 8 9 34 34 36 34 33 33 9 10 35 34 32 30 35 34 33 8 35 34 10 6 36 11 35 33 36 36 7 32 37 34 34 37 35 10 35 37 9 9 33 37 36 35 34 36 31 38 34 35 34 11 37 37 35 11 13 7 36 12 6 0 12 8 34 37 37
0 33 8 32 29 33 30 31 31 30 31 10 31 35 30 29 32 29 31 31 32 34 4 31 31 33 33 32 7 30 32 35 31 31 4 4 28 30 31 27 31 29 6 3 29 30 31 30 32 33 35 4 35 34 6 7 32 10 31 34 32 32 7 32 34 32 33 35 32 8 32 33 8 6 31 32 33 34 33 34 29 31 32 32 30 3 33 34 31 5 7 4 30 8 5 7 0 4 34 33 35
0 34 7 33 29 33 27 28 33 32 32 11 33 34 32 31 33 33 33 30 30 31 3 28 33 35 30 30 7 32 31 32 33 33 3 6 28 29 28 29 32 29 2 6 32 32 32 31 33 32 32 1 35 32 3 4 34 7 32 31 34 34 8 31 31 29 34 37 31 7 33 34 5 5 30 31 33 31 32 31 32 33 31 30 33 8 35 31 30 7 7 6 33 7 8 9 9 0 33 30 34
0 32 32 31 3 30 29 2 30 7 3 34 3 36 28 31 29 33 26 6 7 33 28 4 32 35 32 31 31 33 33 7 8 29 29 32 28 30 30 29 3 29 30 31 7 31 4 28 33 34 31 28 32 32 29 30 8 32 31 33 34 32 30 31 31 4 29 35 5 33 32 33 33 32 6 31 34 7 32 31 32 8 6 6 31 34 35 33 5 33 33 27 7 33 30 31 34 28 0 32 9
0 32 35 6 31 31 6 30 5 33 31 34 31 10 29 7 31 34 30 30 26 33 31 33 33 6 9 27 32 29 4 35 33 32 31 28 5 7 33 6 30 31 33 33 28 32 33 3 32 5 7 31 33 35 31 31 35 33 8 8 9 33 33 34 8 32 7 10 31 34 7 9 32 29 30 33 34 34 8 34 9 32 30 35 33 35 36 36 33 35 32 33 30 33 32 33 34 31 32 0 34
0 33 32 32 7 32 33 6 30 9 6 34 7 31 30 32 33 34 32 8 9 35 32 9 29 34 27 30 29 33 35 8 4 33 32 32 32 29 32 29 7 32 35 31 6 30 9 30 33 33 29 33 33 32 33 33 10 34 31 28 32 34 34 32 31 6 35 37 5 27 32 32 29 34 4 33 30 5 32 32 32 9 7 8 28 35 34 37 5 33 35 32 7 31 34 35 34 33 10 35 0
SETUP_COST
0.0 100.0 140.0 80.0 60.0 140.0 40.0 60.0 120.0 120.0 40.0 200.0 40.0 160.0 100.0 80.0 60.0 80.0 80.0 40.0 140.0 120.0 60.0 60.0 80.0 160.0 80.0 60.0 100.0 100.0 120.0 140.0 100.0 40.0 80.0 80.0 60.0 80.0 60.0 40.0 100.0 80.0 60.0 80.0 80.0 100.0 60.0 40.0 140.0 140.0 120.0 20.0 140.0 120.0 80.0 80.0 140.0 140.0 120.0 100.0 140.0 140.0 80.0 80.0 120.0 80.0 120.0 180.0 120.0 80.0 140.0 140.0 120.0 100.0 40.0 120.0 140.0 120.0 120.0 120.0 80.0 120.0 60.0 100.0 100.0 60.0 160.0 120.0 100.0 100.0 160.0 80.0 100.0 140.0 60.0 60.0 20.0 80.0 120.0 160.0 60.0
0.0 0.0 620.0 620.0 600.0 140.0 660.0 580.0 620.0 560.0 580.0 640.0 580.0 660.0 120.0 600.0 100.0 140.0 120.0 660.0 660.0 160.0 600.0 680.0 80.0 680.0 640.0 120.0 640.0 120.0 560.0 680.0 620.0 80.0 600.0 660.0 600.0 600.0 160.0 620.0 620.0 80.0 640.0 640.0 620.0 120.0 620.0 580.0 120.0 680.0 640.0 640.0 160.0 160.0 600.0 580.0 580.0 680.0 640.0 640.0 680.0 160.0 620.0 120.0 640.0 620.0 660.0 720.0 640.0 640.0 640.0 660.0 680.0 540.0 620.0 140.0 180.0 700.0 600.0 160.0 640.0 660.0 560.0 700.0 120.0 600.0 180.0 180.0 620.0 680.0 620.0 600.0 680.0 680.0 600.0 620.0 640.0 640.0 620.0 680.0 640.0
0.0 660.0 0.0 660.0 640.0 660.0 660.0 620.0 620.0 620.0 640.0 180.0 620.0 700.0 620.0 600.0 660.0 640.0 640.0 660.0 660.0 660.0 140.0 680.0 540.0 700.0 620.0 600.0 160.0 640.0 660.0 620.0 560.0 640.0 140.0 120.0 620.0 640.0 680.0 600.0 640.0 640.0 160.0 120.0 620.0 600.0 660.0 620.0 600.0 620.0 640.0 140.0 660.0 700.0 140.0 140.0 660.0 180.0 620.0 620.0 660.0 700.0 160.0 600.0 600.0 620.0 700.0 720.0 620.0 100.0 680.0 600.0 140.0 160.0 640.0 620.0 660.0 660.0 700.0 600.0 660.0 700.0 640.0 640.0 620.0 140.0 700.0 660.0 580.0 140.0 180.0 100.0 640.0 180.0 140.0 120.0 180.0 160.0 700.0 660.0 620.0
0.0 540.0 640.0 0.0 560.0 640.0 120.0 600.0 120.0 580.0 600.0 660.0 600.0 160.0 600.0 100.0 620.0 660.0 640.0 660.0 660.0 680.0 560.0 660.0 620.0 160.0 140.0 640.0 620.0 640.0 80.0 680.0 640.0 600.0 560.0 620.0 60.0 60.0 660.0 60.0 600.0 560.0 660.0 600.0 640.0 580.0 620.0 80.0 580.0 180.0 160.0 620.0 680.0 660.0 620.0 600.0 600.0 680.0 100.0 140.0 120.0 680.0 620.0 640.0 140.0 620.0 160.0 120.0 640.0 640.0 160.0 180.0 680.0 560.0 640.0 640.0 660.0 660.0 60.0 680.0 100.0 660.0 580.0 700.0 600.0 620.0 660.0 720.0 600.0 640.0 640.0 580.0 640.0 640.0 620.0 620.0 640.0 620.0 640.0 180.0 620.0
0.0 680.0 640.0 660.0 0.0 660.0 600.0 120.0 600.0 80.0 100.0 680.0 100.0 680.0 620.0 580.0 640.0 620.0 660.0 100.0 120.0 640.0 560.0 120.0 620.0 660.0 640.0 640.0 640.0 600.0 600.0 180.0 100.0 620.0 520.0 580.0 540.0 580.0 640.0 540.0 120.0 520.0 620.0 580.0 140.0 600.0 140.0 620.0 620.0 680.0 680.0 600.0 700.0 640.0 640.0 640.0 120.0 700.0 620.0 660.0 660.0 700.0 640.0 660.0 680.0 140.0 700.0 700.0 100.0 640.0 640.0 660.0 660.0 640.0 120.0 600.0 660.0 180.0 600.0 700.0 580.0 180.0 120.0 160.0 600.0 660.0 660.0 680.0 80.0 600.0 640.0 600.0 100.0 600.0 640.0 640.0 680.0 580.0 140.0 660.0 160.0
0.0 180.0 680.0 660.0 620.0 0.0 660.0 600.0 600.0 680.0 640.0 680.0 660.0 740.0 100.0 620.0 160.0 140.0 120.0 600.0 660.0 180.0 620.0 680.0 140.0 640.0 680.0 120.0 680.0 80.0 580.0 700.0 660.0 180.0 620.0 660.0 600.0 640.0 120.0 640.0 640.0 120.0 660.0 660.0 660.0 140.0 660.0 620.0 140.0 700.0 660.0 660.0 160.0 140.0 620.0 580.0 700.0 700.0 680.0 640.0 680.0 40.0 680.0 140.0 640.0 620.0 680.0 740.0 600.0 660.0 640.0 680.0 680.0 560.0 620.0 160.0 200.0 720.0 640.0 160.0 600.0 680.0 580.0 700.0 160.0 720.0 180.0 220.0 660.0 700.0 640.0 640.0 680.0 580.0 660.0 700.0 680.0 640.0 620.0 680.0 640.0
0.0 680.0 720.0 160.0 620.0 640.0 0.0 620.0 140.0 700.0 660.0 720.0 660.0 240.0 620.0 100.0 660.0 640.0 640.0 640.0 660.0 700.0 620.0 680.0 660.0 180.0 180.0 580.0 680.0 640.0 100.0 720.0 680.0 680.0 620.0 620.0 120.0 140.0 540.0 120.0 620.0 620.0 680.0 680.0 620.0 620.0 680.0 120.0 680.0 220.0 180.0 640.0 700.0 620.0 640.0 580.0 720.0 720.0 140.0 160.0 180.0 680.0 700.0 620.0 100.0 660.0 180.0 260.0 660.0 660.0 180.0 200.0 600.0 580.0 640.0 680.0 680.0 720.0 180.0 700.0 180.0 700.0 600.0 700.0 640.0 720.0 680.0 720.0 660.0 700.0 660.0 680.0 640.0 660.0 680.0 700.0 720.0 640.0 660.0 200.0 660.0
0.0 660.0 620.0 640.0 20.0 680.0 580.0 0.0 620.0 100.0 100.0 700.0 120.0 700.0 640.0 600.0 620.0 640.0 620.0 120.0 140.0 660.0 540.0 100.0 620.0 680.0 620.0 640.0 620.0 620.0 620.0 100.0 120.0 640.0 540.0 600.0 520.0 560.0 620.0 560.0 140.0 540.0 600.0 580.0 140.0 600.0 100.0 600.0 620.0 680.0 660.0 580.0 700.0 640.0 540.0 640.0 140.0 620.0 640.0 640.0 660.0 700.0 660.0 600.0 580.0 40.0 660.0 700.0 80.0 620.0 620.0 640.0 660.0 640.0 100.0 580.0 640.0 160.0 600.0 600.0 600.0 180.0 120.0 120.0 620.0 640.0 680.0 660.0 80.0 620.0 620.0 600.0 120.0 620.0 660.0 660.0 640.0 560.0 160.0 640.0 140.0
0.0 620.0 640.0 100.0 640.0 600.0 120.0 660.0 0.0 600.0 660.0 600.0 660.0 180.0 640.0 100.0 620.0 640.0 660.0 660.0 640.0 640.0 640.0 660.0 660.0 120.0 160.0 600.0 700.0 640.0 120.0 740.0 680.0 620.0 640.0 640.0 140.0 140.0 560.0 120.0 580.0 640.0 660.0 660.0 640.0 680.0 700.0 60.0 660.0 120.0 160.0 620.0 660.0 700.0 680.0 600.0 640.0 740.0 180.0 180.0 180.0 600.0 700.0 600.0 100.0 680.0 180.0 180.0 520.0 660.0 60.0 100.0 660.0 620.0 640.0 700.0 680.0 720.0 140.0 640.0 160.0 700.0 640.0 640.0 680.0 660.0 660.0 700.0 660.0 700.0 700.0 660.0 660.0 640.0 680.0 620.0 600.0 620.0 680.0 180.0 640.0
0.0 700.0 580.0 680.0 40.0 640.0 640.0 140.0 640.0 0.0 140.0 720.0 140.0 620.0 660.0 620.0 580.0 660.0 700.0 140.0 160.0 680.0 600.0 160.0 600.0 700.0 600.0 660.0 640.0 640.0 640.0 180.0 100.0 660.0 560.0 620.0 580.0 620.0 680.0 580.0 100.0 560.0 660.0 600.0 160.0 620.0 120.0 640.0 640.0 680.0 640.0 640.0 680.0 660.0 680.0 600.0 40.0 740.0 660.0 620.0 680.0 660.0 640.0 640.0 640.0 160.0 680.0 720.0 140.0 600.0 680.0 660.0 700.0 680.0 140.0 640.0 660.0 160.0 620.0 660.0 620.0 200.0 160.0 180.0 620.0 640.0 700.0 660.0 120.0 640.0 680.0 620.0 120.0 640.0 620.0 680.0 600.0 620.0 180.0 700.0 160.0
0.0 580.0 640.0 560.0 80.0 620.0 600.0 120.0 620.0 120.0 0.0 700.0 80.0 720.0 600.0 600.0 540.0 640.0 560.0 140.0 140.0 600.0 600.0 120.0 660.0 680.0 660.0 660.0 660.0 620.0 640.0 200.0 160.0 600.0 600.0 660.0 620.0 600.0 640.0 620.0 80.0 600.0 620.0 640.0 160.0 620.0 120.0 520.0 620.0 700.0 660.0 600.0 660.0 600.0 640.0 580.0 140.0 680.0 640.0 660.0 660.0 660.0 560.0 600.0 700.0 140.0 620.0 660.0 120.0 660.0 660.0 680.0 660.0 620.0 120.0 660.0 640.0 180.0 600.0 680.0 600.0 180.0 120.0 160.0 640.0 660.0 680.0 680.0 120.0 680.0 680.0 560.0 160.0 680.0 620.0 640.0 680.0 600.0 180.0 660.0 160.0
0.0 640.0 120.0 620.0 600.0 640.0 640.0 580.0 620.0 660.0 620.0 0.0 640.0 740.0 620.0 600.0 640.0 640.0 620.0 640.0 640.0 680.0 80.0 660.0 640.0 680.0 660.0 580.0 160.0 620.0 560.0 680.0 640.0 640.0 100.0 100.0 580.0 620.0 580.0 620.0 620.0 600.0 120.0 140.0 600.0 640.0 660.0 620.0 640.0 640.0 640.0 120.0 660.0 660.0 100.0 60.0 700.0 160.0 680.0 620.0 700.0 620.0 100.0 600.0 620.0 620.0 680.0 720.0 620.0 140.0 580.0 600.0 140.0 20.0 560.0 640.0 700.0 700.0 680.0 660.0 660.0 640.0 560.0 640.0 660.0 140.0 680.0 720.0 640.0 160.0 100.0 100.0 640.0 140.0 140.0 80.0 100.0 120.0 600.0 660.0 620.0
0.0 600.0 640.0 580.0 100.0 620.0 620.0 120.0 640.0 120.0 20.0 700.0 0.0 700.0 600.0 580.0 540.0 620.0 560.0 140.0 120.0 600.0 600.0 120.0 640.0 680.0 660.0 600.0 580.0 640.0 640.0 160.0 140.0 540.0 600.0 640.0 620.0 620.0 640.0 620.0 80.0 600.0 640.0 660.0 120.0 600.0 40.0 520.0 620.0 700.0 660.0 600.0 660.0 620.0 660.0 560.0 140.0 660.0 620.0 660.0 660.0 660.0 580.0 580.0 680.0 100.0 600.0 680.0 120.0 660.0 640.0 680.0 660.0 620.0 80.0 680.0 640.0 180.0 600.0 700.0 620.0 180.0 120.0 160.0 620.0 660.0 660.0 680.0 120.0 680.0 700.0 580.0 140.0 680.0 540.0 560.0 680.0 600.0 100.0 680.0 160.0
0.0 620.0 680.0 100.0 640.0 660.0 140.0 660.0 160.0 640.0 560.0 740.0 560.0 0.0 640.0 120.0 580.0 660.0 600.0 620.0 620.0 640.0 640.0 660.0 680.0 160.0 180.0 640.0 640.0 620.0 160.0 680.0 700.0 580.0 640.0 620.0 140.0 120.0 680.0 140.0 620.0 640.0 600.0 680.0 680.0 640.0 600.0 60.0 660.0 200.0 180.0 640.0 700.0 640.0 640.0 600.0 680.0 700.0 160.0 180.0 160.0 700.0 600.0 620.0 200.0 660.0 140.0 160.0 680.0 700.0 180.0 200.0 700.0 660.0 640.0 700.0 680.0 600.0 120.0 680.0 140.0 700.0 640.0 680.0 660.0 700.0 660.0 720.0 660.0 580.0 680.0 600.0 640.0 720.0 600.0 620.0 700.0 620.0 660.0 200.0 700.0
0.0 80.0 640.0 560.0 600.0 120.0 660.0 660.0 560.0 620.0 620.0 640.0 620.0 720.0 0.0 640.0 60.0 160.0 140.0 660.0 680.0 100.0 600.0 680.0 140.0 660.0 660.0 80.0 580.0 140.0 640.0 680.0 680.0 120.0 600.0 620.0 620.0 620.0 80.0 620.0 620.0 100.0 640.0 660.0 620.0 120.0 660.0 520.0 120.0 660.0 700.0 660.0 180.0 200.0 680.0 600.0 660.0 720.0 660.0 680.0 660.0 120.0 680.0 120.0 640.0 660.0 680.0 680.0 560.0 680.0 600.0 640.0 680.0 620.0 580.0 180.0 140.0 700.0 620.0 160.0 640.0 620.0 640.0 680.0 140.0 660.0 180.0 220.0 640.0 680.0 700.0 620.0 640.0 660.0 640.0 660.0 640.0 640.0 680.0 720.0 660.0
0.0 700.0 720.0 180.0 640.0 640.0 180.0 680.0 120.0 660.0 680.0 680.0 680.0 240.0 640.0 0.0 700.0 560.0 660.0 660.0 740.0 720.0 640.0 700.0 640.0 200.0 200.0 620.0 700.0 660.0 180.0 760.0 660.0 680.0 640.0 640.0 160.0 120.0 660.0 140.0 660.0 640.0 700.0 700.0 640.0 700.0 700.0 140.0 700.0 140.0 160.0 680.0 640.0 680.0 700.0 680.0 700.0 760.0 200.0 220.0 180.0 680.0 660.0 700.0 180.0 700.0 200.0 260.0 620.0 700.0 160.0 180.0 680.0 680.0 680.0 720.0 660.0 740.0 180.0 720.0 200.0 680.0 660.0 620.0 620.0 680.0 720.0 760.0 660.0 720.0 660.0 660.0 660.0 700.0 700.0 720.0 700.0 700.0 740.0 240.0 720.0
0.0 200.0 680.0 700.0 620.0 80.0 640.0 660.0 660.0 700.0 680.0 720.0 700.0 740.0 160.0 580.0 0.0 100.0 160.0 620.0 640.0 200.0 620.0 660.0 180.0 660.0 700.0 140.0 700.0 100.0 640.0 740.0 700.0 180.0 620.0 680.0 640.0 640.0 160.0 640.0 560.0 120.0 660.0 680.0 660.0 140.0 700.0 680.0 140.0 680.0 720.0 620.0 120.0 200.0 660.0 540.0 720.0 740.0 680.0 700.0 720.0 120.0 700.0 80.0 720.0 680.0 680.0 740.0 660.0 680.0 720.0 660.0 640.0 620.0 620.0 180.0 140.0 720.0 700.0 160.0 580.0 740.0 640.0 680.0 160.0 720.0 140.0 200.0 660.0 660.0 700.0 680.0 700.0 660.0 700.0 700.0 740.0 700.0 660.0 740.0 680.0
0.0 160.0 700.0 660.0 640.0 100.0 660.0 640.0 580.0 680.0 660.0 660.0 640.0 740.0 100.0 660.0 160.0 0.0 120.0 620.0 700.0 180.0 640.0 680.0 180.0 680.0 700.0 60.0 660.0 100.0 660.0 720.0 700.0 160.0 660.0 600.0 640.0 640.0 120.0 660.0 620.0 140.0 700.0 700.0 600.0 140.0 680.0 600.0 160.0 620.0 640.0 660.0 180.0 200.0 660.0 660.0 700.0 720.0 680.0 720.0 720.0 140.0 700.0 140.0 680.0 660.0 680.0 740.0 600.0 700.0 640.0 660.0 640.0 640.0 640.0 180.0 200.0 700.0 700.0 180.0 680.0 640.0 660.0 580.0 160.0 640.0 220.0 240.0 660.0 720.0 680.0 680.0 620.0 660.0 680.0 680.0 680.0 660.0 700.0 720.0 700.0
0.0 200.0 680.0 680.0 600.0 180.0 560.0 580.0 660.0 680.0 640.0 740.0 660.0 700.0 160.0 660.0 160.0 180.0 0.0 620.0 640.0 140.0 600.0 580.0 140.0 700.0 640.0 120.0 680.0 160.0 660.0 680.0 660.0 180.0 600.0 660.0 580.0 600.0 80.0 620.0 660.0 100.0 580.0 660.0 660.0 100.0 680.0 640.0 180.0 660.0 620.0 560.0 200.0 160.0 600.0 620.0 700.0 640.0 620.0 660.0 660.0 200.0 700.0 140.0 660.0 620.0 580.0 760.0 660.0 660.0 640.0 660.0 640.0 640.0 640.0 140.0 160.0 660.0 660.0 140.0 660.0 680.0 620.0 640.0 120.0 700.0 200.0 140.0 620.0 680.0 680.0 660.0 680.0 680.0 700.0 720.0 660.0 560.0 700.0 620.0 700.0
0.0 620.0 700.0 600.0 100.0 620.0 640.0 100.0 600.0 140.0 100.0 680.0 100.0 720.0 580.0 580.0 640.0 620.0 600.0 0.0 140.0 660.0 620.0 160.0 660.0 660.0 640.0 540.0 640.0 580.0 640.0 140.0 140.0 620.0 620.0 580.0 600.0 640.0 660.0 580.0 80.0 620.0 660.0 600.0 60.0 620.0 140.0 580.0 640.0 700.0 680.0 620.0 640.0 680.0 620.0 560.0 180.0 700.0 660.0 660.0 680.0 620.0 640.0 660.0 660.0 120.0 660.0 700.0 100.0 620.0 640.0 660.0 660.0 620.0 20.0 660.0 680.0 180.0 640.0 680.0 620.0 120.0 40.0 160.0 640.0 700.0 660.0 720.0 160.0 640.0 640.0 580.0 80.0 640.0 640.0 640.0 680.0 620.0 160.0 640.0 100.0
0.0 720.0 700.0 700.0 120.0 620.0 680.0 100.0 640.0 180.0 140.0 720.0 180.0 760.0 660.0 640.0 680.0 680.0 640.0 180.0 0.0 740.0 620.0 180.0 660.0 620.0 680.0 640.0 700.0 680.0 580.0 180.0 160.0 700.0 640.0 680.0 620.0 660.0 700.0 640.0 80.0 640.0 660.0 680.0 160.0 680.0 180.0 660.0 680.0 700.0 680.0 660.0 660.0 720.0 640.0 600.0 220.0 700.0 700.0 660.0 740.0 660.0 680.0 660.0 660.0 140.0 660.0 780.0 140.0 680.0 700.0 680.0 700.0 580.0 140.0 680.0 680.0 220.0 700.0 680.0 700.0 120.0 80.0 200.0 700.0 720.0 700.0 740.0 160.0 700.0 640.0 660.0 180.0 680.0 680.0 700.0 740.0 660.0 120.0 700.0 160.0
0.0 140.0 680.0 620.0 640.0 100.0 640.0 640.0 600.0 680.0 580.0 620.0 560.0 660.0 60.0 640.0 80.0 160.0 100.0 700.0 680.0 0.0 660.0 660.0 60.0 620.0 580.0 120.0 640.0 180.0 660.0 700.0 600.0 40.0 640.0 640.0 640.0 580.0 120.0 660.0 580.0 140.0 660.0 700.0 660.0 100.0 600.0 580.0 140.0 640.0 600.0 620.0 140.0 140.0 620.0 600.0 640.0 700.0 640.0 600.0 560.0 140.0 600.0 120.0 640.0 660.0 580.0 720.0 600.0 640.0 640.0 620.0 640.0 640.0 620.0 140.0 40.0 680.0 640.0 140.0 660.0 660.0 640.0 660.0 40.0 660.0 100.0 200.0 600.0 660.0 700.0 560.0 660.0 640.0 600.0 620.0 680.0 620.0 640.0 700.0 660.0
0.0 660.0 140.0 640.0 520.0 660.0 600.0 620.0 600.0 600.0 580.0 180.0 600.0 680.0 620.0 580.0 600.0 620.0 620.0 620.0 640.0 640.0 0.0 620.0 620.0 660.0 620.0 620.0 80.0 600.0 600.0 680.0 620.0 620.0 20.0 80.0 540.0 540.0 640.0 540.0 620.0 520.0 120.0 60.0 640.0 600.0 640.0 580.0 620.0 680.0 640.0 80.0 700.0 660.0 140.0 120.0 620.0 200.0 620.0 640.0 660.0 700.0 120.0 660.0 680.0 640.0 680.0 700.0 620.0 100.0 640.0 660.0 160.0 120.0 600.0 600.0 620.0 700.0 600.0 700.0 580.0 700.0 640.0 680.0 600.0 140.0 660.0 680.0 560.0 100.0 120.0 80.0 600.0 100.0 120.0 140.0 160.0 80.0 660.0 660.0 680.0
0.0 700.0 680.0 680.0 40.0 680.0 640.0 140.0 620.0 100.0 140.0 700.0 120.0 700.0 640.0 600.0 660.0 640.0 680.0 140.0 160.0 680.0 580.0 0.0 660.0 680.0 680.0 660.0 660.0 640.0 620.0 200.0 120.0 660.0 560.0 600.0 560.0 600.0 660.0 560.0 140.0 560.0 660.0 600.0 140.0 620.0 160.0 640.0 640.0 600.0 640.0 620.0 720.0 680.0 660.0 680.0 140.0 720.0 640.0 700.0 680.0 720.0 680.0 700.0 700.0 160.0 720.0 720.0 120.0 660.0 680.0 660.0 620.0 660.0 140.0 640.0 680.0 200.0 620.0 680.0 620.0 120.0 140.0 60.0 640.0 620.0 680.0 700.0 120.0 620.0 660.0 620.0 120.0 640.0 660.0 680.0 700.0 620.0 160.0 700.0 180.0
0.0 180.0 700.0 680.0 640.0 180.0 640.0 660.0 680.0 680.0 660.0 700.0 680.0 700.0 160.0 600.0 180.0 120.0 120.0 680.0 640.0 200.0 640.0 660.0 0.0 720.0 640.0 120.0 680.0 140.0 700.0 720.0 540.0 180.0 620.0 660.0 640.0 680.0 140.0 660.0 660.0 120.0 660.0 700.0 660.0 140.0 700.0 640.0 180.0 620.0 620.0 620.0 120.0 180.0 680.0 640.0 720.0 720.0 680.0 620.0 700.0 220.0 660.0 80.0 580.0 660.0 680.0 740.0 600.0 620.0 720.0 580.0 640.0 680.0 620.0 100.0 180.0 680.0 700.0 160.0 720.0 680.0 620.0 620.0 140.0 640.0 220.0 200.0 680.0 720.0 720.0 660.0 680.0 680.0 700.0 720.0 680.0 680.0 680.0 640.0 600.0
0.0 680.0 720.0 200.0 640.0 700.0 180.0 620.0 140.0 700.0 680.0 720.0 700.0 240.0 680.0 140.0 700.0 700.0 720.0 680.0 640.0 760.0 640.0 700.0 640.0 0.0 160.0 700.0 700.0 680.0 200.0 720.0 640.0 700.0 660.0 700.0 120.0 120.0 700.0 160.0 680.0 660.0 720.0 700.0 720.0 600.0 700.0 180.0 700.0 180.0 180.0 680.0 700.0 740.0 640.0 620.0 740.0 720.0 120.0 180.0 140.0 720.0 720.0 640.0 160.0 660.0 60.0 260.0 660.0 700.0 120.0 140.0 700.0 700.0 700.0 660.0 660.0 760.0 180.0 700.0 140.0 700.0 620.0 680.0 620.0 700.0 700.0 760.0 660.0 700.0 720.0 680.0 680.0 720.0 700.0 740.0 660.0 680.0 740.0 180.0 680.0
0.0 640.0 620.0 120.0 620.0 700.0 120.0 600.0 120.0 680.0 640.0 700.0 640.0 80.0 660.0 140.0 660.0 700.0 660.0 680.0 680.0 720.0 620.0 660.0 600.0 160.0 0.0 680.0 700.0 680.0 160.0 660.0 620.0 660.0 600.0 660.0 100.0 100.0 660.0 120.0 680.0 600.0 680.0 640.0 700.0 580.0 680.0 120.0 680.0 180.0 40.0 640.0 720.0 620.0 620.0 660.0 700.0 660.0 80.0 40.0 120.0 700.0 680.0 680.0 160.0 600.0 180.0 200.0 640.0 660.0 160.0 160.0 700.0 660.0 660.0 620.0 640.0 640.0 160.0 600.0 140.0 740.0 660.0 680.0 580.0 680.0 680.0 720.0 620.0 660.0 700.0 640.0 660.0 700.0 680.0 700.0 700.0 640.0 720.0 160.0 700.0
0.0 100.0 660.0 600.0 600.0 160.0 620.0 580.0 580.0 640.0 600.0 660.0 600.0 700.0 40.0 640.0 100.0 160.0 60.0 580.0 680.0 120.0 600.0 640.0 140.0 680.0 680.0 0.0 600.0 60.0 620.0 660.0 660.0 100.0 600.0 540.0 580.0 620.0 120.0 620.0 640.0 100.0 640.0 640.0 540.0 100.0 620.0 560.0 100.0 700.0 680.0 600.0 180.0 180.0 600.0 620.0 680.0 680.0 640.0 680.0 680.0 160.0 640.0 140.0 640.0 600.0 620.0 700.0 580.0 680.0 640.0 660.0 700.0 600.0 580.0 140.0 160.0 660.0 640.0 140.0 660.0 640.0 600.0 680.0 120.0 680.0 200.0 180.0 640.0 680.0 620.0 640.0 560.0 620.0 620.0 640.0 660.0 600.0 660.0 680.0 660.0
0.0 620.0 180.0 580.0 620.0 580.0 600.0 600.0 600.0 640.0 600.0 180.0 600.0 720.0 560.0 600.0 620.0 640.0 580.0 600.0 640.0 660.0 100.0 620.0 660.0 680.0 660.0 540.0 0.0 580.0 640.0 640.0 680.0 600.0 100.0 60.0 600.0 640.0 640.0 620.0 620.0 620.0 120.0 140.0 560.0 640.0 640.0 580.0 640.0 640.0 660.0 80.0 680.0 640.0 100.0 120.0 680.0 180.0 660.0 680.0 700.0 620.0 120.0 600.0 620.0 620.0 640.0 700.0 600.0 140.0 580.0 600.0 140.0 100.0 520.0 660.0 680.0 680.0 640.0 660.0 660.0 660.0 620.0 640.0 660.0 140.0 660.0 680.0 660.0 180.0 120.0 60.0 580.0 140.0 120.0 120.0 100.0 80.0 680.0 660.0 640.0
0.0 120.0 700.0 600.0 640.0 140.0 660.0 620.0 620.0 660.0 620.0 700.0 620.0 720.0 80.0 600.0 140.0 120.0 100.0 540.0 660.0 160.0 640.0 680.0 160.0 680.0 660.0 40.0 640.0 0.0 660.0 660.0 660.0 120.0 640.0 580.0 620.0 660.0 160.0 580.0 620.0 120.0 680.0 620.0 580.0 120.0 660.0 600.0 140.0 700.0 680.0 640.0 140.0 160.0 640.0 560.0 700.0 700.0 660.0 680.0 680.0 120.0 660.0 160.0 680.0 640.0 660.0 680.0 620.0 640.0 640.0 680.0 660.0 640.0 540.0 180.0 180.0 680.0 660.0 180.0 640.0 640.0 560.0 680.0 140.0 700.0 160.0 160.0 680.0 660.0 660.0 600.0 600.0 660.0 640.0 640.0 680.0 640.0 680.0 660.0 620.0
0.0 680.0 660.0 140.0 620.0 660.0 120.0 600.0 120.0 700.0 620.0 720.0 620.0 200.0 620.0 100.0 640.0 640.0 580.0 660.0 620.0 700.0 620.0 640.0 660.0 180.0 120.0 600.0 680.0 640.0 0.0 700.0 660.0 620.0 620.0 620.0 100.0 140.0 660.0 120.0 620.0 620.0 640.0 680.0 620.0 620.0 620.0 100.0 700.0 200.0 100.0 620.0 680.0 660.0 620.0 580.0 720.0 700.0 140.0 80.0 180.0 700.0 640.0 600.0 80.0 640.0 120.0 240.0 640.0 660.0 180.0 200.0 680.0 660.0 580.0 680.0 680.0 700.0 180.0 660.0 180.0 660.0 580.0 680.0 640.0 720.0 700.0 700.0 660.0 700.0 580.0 600.0 640.0 700.0 600.0 660.0 720.0 600.0 580.0 180.0 640.0
0.0 600.0 660.0 580.0 100.0 640.0 620.0 140.0 640.0 140.0 20.0 640.0 100.0 740.0 620.0 600.0 560.0 640.0 580.0 140.0 160.0 620.0 620.0 140.0 660.0 680.0 680.0 680.0 680.0 640.0 640.0 0.0 120.0 620.0 620.0 600.0 640.0 620.0 660.0 560.0 100.0 620.0 640.0 600.0 180.0 620.0 140.0 540.0 640.0 700.0 660.0 620.0 680.0 620.0 660.0 600.0 160.0 700.0 640.0 680.0 680.0 680.0 580.0 620.0 700.0 160.0 640.0 680.0 140.0 680.0 680.0 680.0 680.0 640.0 140.0 680.0 660.0 200.0 620.0 700.0 620.0 200.0 140.0 180.0 640.0 680.0 680.0 700.0 140.0 640.0 640.0 580.0 120.0 680.0 640.0 660.0 700.0 600.0 180.0 680.0 180.0
0.0 700.0 700.0 700.0 140.0 720.0 660.0 160.0 680.0 160.0 200.0 700.0 200.0 720.0 640.0 700.0 700.0 680.0 620.0 180.0 140.0 720.0 640.0 140.0 680.0 700.0 700.0 660.0 700.0 660.0 700.0 220.0 0.0 720.0 620.0 680.0 620.0 660.0 700.0 660.0 180.0 620.0 700.0 700.0 140.0 640.0 180.0 640.0 700.0 600.0 620.0 660.0 620.0 740.0 660.0 720.0 180.0 740.0 680.0 720.0 700.0 720.0 740.0 700.0 740.0 160.0 680.0 780.0 180.0 700.0 720.0 560.0 620.0 700.0 180.0 700.0 700.0 240.0 680.0 680.0 700.0 160.0 180.0 100.0 660.0 620.0 740.0 740.0 180.0 720.0 740.0 680.0 180.0 680.0 680.0 720.0 740.0 660.0 240.0 640.0 180.0
0.0 200.0 720.0 680.0 640.0 180.0 660.0 640.0 680.0 720.0 640.0 760.0 640.0 780.0 140.0 700.0 160.0 220.0 100.0 700.0 720.0 200.0 640.0 680.0 220.0 780.0 720.0 180.0 700.0 220.0 720.0 720.0 740.0 0.0 660.0 700.0 640.0 680.0 180.0 660.0 660.0 140.0 680.0 700.0 720.0 180.0 680.0 640.0 220.0 740.0 700.0 640.0 220.0 200.0 660.0 680.0 740.0 720.0 700.0 740.0 740.0 220.0 680.0 180.0 700.0 660.0 660.0 780.0 680.0 720.0 720.0 740.0 720.0 720.0 700.0 180.0 240.0 740.0 720.0 200.0 700.0 740.0 700.0 720.0 200.0 740.0 260.0 220.0 700.0 700.0 720.0 620.0 720.0 720.0 660.0 680.0 740.0 640.0 600.0 700.0 760.0
0.0 680.0 140.0 660.0 560.0 660.0 600.0 620.0 600.0 580.0 620.0 160.0 620.0 680.0 620.0 620.0 640.0 660.0 660.0 660.0 660.0 640.0 40.0 620.0 640.0 700.0 640.0 640.0 120.0 640.0 640.0 700.0 640.0 640.0 0.0 100.0 540.0 580.0 620.0 560.0 640.0 520.0 120.0 100.0 680.0 600.0 640.0 620.0 600.0 700.0 680.0 80.0 700.0 640.0 120.0 140.0 620.0 180.0 640.0 660.0 660.0 680.0 140.0 660.0 680.0 640.0 700.0 720.0 600.0 120.0 660.0 680.0 160.0 160.0 620.0 600.0 660.0 680.0 580.0 680.0 620.0 680.0 660.0 660.0 620.0 140.0 680.0 680.0 600.0 120.0 160.0 80.0 640.0 120.0 140.0 140.0 160.0 80.0 680.0 660.0 660.0
0.0 640.0 180.0 620.0 640.0 660.0 660.0 620.0 640.0 680.0 580.0 160.0 560.0 740.0 640.0 620.0 600.0 660.0 620.0 660.0 660.0 660.0 120.0 680.0 620.0 660.0 660.0 640.0 120.0 680.0 600.0 680.0 640.0 580.0 120.0 0.0 620.0 620.0 680.0 640.0 640.0 640.0 160.0 160.0 680.0 600.0 600.0 580.0 580.0 700.0 680.0 140.0 660.0 660.0 120.0 100.0 700.0 180.0 620.0 660.0 660.0 660.0 100.0 620.0 660.0 620.0 660.0 720.0 640.0 160.0 680.0 680.0 180.0 60.0 640.0 680.0 660.0 720.0 660.0 680.0 660.0 680.0 600.0 660.0 600.0 200.0 700.0 720.0 640.0 200.0 80.0 120.0 540.0 180.0 80.0 100.0 200.0 140.0 640.0 680.0 660.0
0.0 660.0 660.0 140.0 540.0 660.0 80.0 600.0 100.0 600.0 600.0 700.0 620.0 180.0 620.0 80.0 620.0 640.0 640.0 640.0 660.0 660.0 540.0 600.0 640.0 160.0 120.0 620.0 620.0 620.0 100.0 700.0 620.0 640.0 540.0 600.0 0.0 40.0 620.0 40.0 640.0 540.0 600.0 580.0 660.0 600.0 660.0 100.0 620.0 180.0 160.0 580.0 700.0 620.0 620.0 640.0 640.0 700.0 120.0 140.0 160.0 700.0 640.0 680.0 160.0 640.0 180.0 200.0 580.0 620.0 160.0 160.0 660.0 640.0 620.0 580.0 640.0 660.0 100.0 680.0 100.0 700.0 640.0 640.0 620.0 640.0 680.0 660.0 580.0 620.0 640.0 600.0 620.0 620.0 660.0 660.0 660.0 560.0 660.0 140.0 640.0
0.0 620.0 680.0 100.0 640.0 640.0 140.0 640.0 120.0 660.0 560.0 680.0 580.0 160.0 580.0 140.0 580.0 680.0 600.0 640.0 640.0 640.0 640.0 680.0 620.0 200.0 80.0 640.0 620.0 640.0 140.0 700.0 640.0 600.0 640.0 580.0 120.0 0.0 660.0 140.0 600.0 640.0 680.0 640.0 620.0 600.0 620.0 60.0 600.0 200.0 120.0 640.0 680.0 640.0 660.0 620.0 700.0 700.0 120.0 100.0 160.0 680.0 620.0 640.0 160.0 640.0 160.0 180.0 640.0 580.0 160.0 180.0 700.0 620.0 640.0 700.0 640.0 700.0 80.0 680.0 140.0 680.0 640.0 700.0 600.0 700.0 700.0 720.0 540.0 600.0 640.0 560.0 600.0 700.0 620.0 640.0 700.0 640.0 680.0 140.0 700.0
0.0 140.0 700.0 640.0 640.0 120.0 660.0 620.0 620.0 660.0 640.0 700.0 640.0 740.0 80.0 580.0 140.0 100.0 100.0 620.0 680.0 160.0 640.0 680.0 180.0 660.0 700.0 40.0 640.0 100.0 620.0 700.0 700.0 140.0 600.0 580.0 620.0 660.0 0.0 640.0 600.0 100.0 680.0 680.0 580.0 140.0 660.0 600.0 140.0 700.0 700.0 640.0 160.0 180.0 640.0 540.0 700.0 700.0 680.0 700.0 720.0 160.0 680.0 180.0 680.0 640.0 660.0 740.0 620.0 700.0 680.0 700.0 640.0 600.0 620.0 180.0 180.0 680.0 660.0 180.0 700.0 680.0 620.0 680.0 160.0 720.0 140.0 220.0 660.0 660.0 660.0 680.0 600.0 660.0 660.0 680.0 700.0 640.0 660.0 720.0 700.0
0.0 660.0 700.0 140.0 600.0 640.0 140.0 600.0 120.0 640.0 600.0 700.0 600.0 220.0 600.0 60.0 620.0 600.0 640.0 600.0 620.0 680.0 600.0 680.0 600.0 140.0 140.0 620.0 660.0 580.0 120.0 680.0 600.0 600.0 580.0 560.0 80.0 100.0 680.0 0.0 600.0 580.0 680.0 560.0 660.0 580.0 640.0 100.0 640.0 160.0 180.0 640.0 680.0 660.0 620.0 640.0 680.0 700.0 100.0 160.0 120.0 680.0 640.0 640.0 160.0 640.0 160.0 160.0 640.0 660.0 120.0 140.0 680.0 620.0 620.0 660.0 640.0 740.0 140.0 680.0 60.0 700.0 620.0 660.0 600.0 700.0 640.0 720.0 640.0 580.0 640.0 580.0 580.0 700.0 620.0 640.0 660.0 640.0 680.0 160.0 700.0
0.0 720.0 720.0 700.0 140.0 540.0 700.0 120.0 620.0 160.0 160.0 680.0 180.0 700.0 640.0 640.0 640.0 680.0 660.0 120.0 180.0 720.0 640.0 200.0 680.0 660.0 700.0 660.0 700.0 620.0 600.0 200.0 180.0 660.0 660.0 680.0 620.0 660.0 660.0 660.0 0.0 660.0 680.0 700.0 180.0 660.0 160.0 660.0 680.0 640.0 680.0 680.0 600.0 680.0 640.0 620.0 180.0 720.0 700.0 680.0 700.0 580.0 700.0 660.0 680.0 140.0 700.0 780.0 120.0 700.0 680.0 620.0 660.0 580.0 140.0 700.0 620.0 240.0 660.0 700.0 640.0 180.0 100.0 140.0 680.0 720.0 720.0 760.0 180.0 720.0 660.0 680.0 200.0 620.0 660.0 720.0 700.0 680.0 140.0 700.0 160.0
0.0 180.0 680.0 660.0 560.0 160.0 600.0 620.0 600.0 620.0 620.0 680.0 620.0 720.0 120.0 620.0 140.0 140.0 140.0 660.0 660.0 120.0 560.0 620.0 140.0 700.0 640.0 140.0 620.0 120.0 640.0 700.0 640.0 120.0 560.0 620.0 540.0 580.0 120.0 560.0 640.0 0.0 620.0 600.0 680.0 100.0 640.0 620.0 100.0 700.0 680.0 580.0 180.0 140.0 640.0 660.0 660.0 700.0 640.0 660.0 660.0 180.0 660.0 160.0 680.0 640.0 700.0 720.0 600.0 640.0 660.0 680.0 680.0 660.0 620.0 100.0 140.0 680.0 580.0 180.0 620.0 680.0 660.0 660.0 120.0 660.0 180.0 160.0 600.0 640.0 660.0 600.0 640.0 640.0 640.0 640.0 680.0 580.0 680.0 660.0 660.0
0.0 660.0 180.0 640.0 620.0 660.0 580.0 600.0 640.0 680.0 600.0 200.0 620.0 700.0 620.0 660.0 620.0 700.0 640.0 640.0 640.0 680.0 120.0 600.0 660.0 660.0 620.0 660.0 140.0 660.0 660.0 700.0 660.0 620.0 120.0 100.0 600.0 540.0 620.0 640.0 620.0 620.0 0.0 160.0 660.0 620.0 660.0 600.0 620.0 680.0 640.0 60.0 700.0 680.0 120.0 140.0 700.0 180.0 600.0 640.0 680.0 700.0 120.0 660.0 680.0 640.0 700.0 720.0 660.0 100.0 700.0 700.0 160.0 140.0 660.0 680.0 680.0 640.0 600.0 680.0 680.0 620.0 680.0 660.0 640.0 200.0 700.0 660.0 560.0 120.0 160.0 80.0 620.0 180.0 140.0 160.0 200.0 60.0 700.0 640.0 720.0
0.0 620.0 180.0 600.0 580.0 600.0 640.0 640.0 600.0 640.0 560.0 160.0 560.0 720.0 560.0 520.0 580.0 560.0 600.0 560.0 660.0 640.0 60.0 660.0 640.0 680.0 640.0 600.0 120.0 560.0 660.0 640.0 560.0 580.0 60.0 100.0 600.0 600.0 640.0 580.0 580.0 580.0 140.0 0.0 620.0 600.0 600.0 560.0 600.0 640.0 660.0 120.0 640.0 640.0 140.0 80.0 680.0 160.0 640.0 660.0 660.0 640.0 80.0 620.0 680.0 640.0 640.0 700.0 600.0 120.0 660.0 600.0 140.0 140.0 580.0 660.0 660.0 700.0 640.0 700.0 540.0 660.0 600.0 620.0 620.0 160.0 700.0 700.0 620.0 140.0 160.0 20.0 640.0 140.0 80.0 100.0 180.0 120.0 660.0 660.0 660.0
0.0 600.0 640.0 580.0 100.0 640.0 600.0 100.0 560.0 120.0 120.0 640.0 120.0 680.0 520.0 620.0 580.0 660.0 540.0 40.0 140.0 620.0 600.0 100.0 640.0 660.0 660.0 580.0 580.0 540.0 640.0 160.0 160.0 640.0 620.0 600.0 600.0 620.0 600.0 600.0 100.0 620.0 620.0 640.0 0.0 620.0 140.0 520.0 600.0 660.0 640.0 580.0 680.0 680.0 620.0 580.0 160.0 660.0 640.0 680.0 660.0 640.0 680.0 640.0 640.0 120.0 600.0 680.0 60.0 660.0 620.0 640.0 660.0 620.0 40.0 680.0 640.0 160.0 620.0 660.0 640.0 100.0 60.0 140.0 620.0 660.0 700.0 660.0 140.0 660.0 680.0 620.0 120.0 660.0 640.0 640.0 640.0 580.0 180.0 640.0 140.0
0.0 160.0 640.0 640.0 560.0 140.0 620.0 560.0 580.0 640.0 600.0 660.0 620.0 680.0 120.0 620.0 120.0 160.0 140.0 660.0 620.0 180.0 560.0 640.0 40.0 620.0 600.0 120.0 640.0 140.0 660.0 640.0 580.0 120.0 580.0 620.0 560.0 560.0 100.0 580.0 620.0 60.0 640.0 620.0 660.0 0.0 640.0 600.0 120.0 640.0 620.0 600.0 160.0 160.0 580.0 640.0 680.0 640.0 540.0 620.0 580.0 140.0 640.0 100.0 620.0 580.0 680.0 720.0 580.0 620.0 620.0 620.0 660.0 660.0 640.0 100.0 80.0 700.0 620.0 120.0 640.0 720.0 660.0 660.0 20.0 680.0 120.0 180.0 580.0 640.0 660.0 600.0 620.0 660.0 620.0 680.0 660.0 600.0 700.0 620.0 640.0
0.0 660.0 620.0 640.0 100.0 660.0 600.0 80.0 620.0 160.0 120.0 700.0 160.0 700.0 660.0 540.0 640.0 580.0 640.0 180.0 80.0 680.0 600.0 100.0 600.0 660.0 640.0 640.0 680.0 680.0 660.0 180.0 100.0 680.0 620.0 660.0 600.0 600.0 620.0 620.0 140.0 620.0 620.0 660.0 160.0 560.0 0.0 620.0 640.0 680.0 660.0 580.0 680.0 680.0 620.0 620.0 200.0 660.0 580.0 660.0 620.0 700.0 680.0 540.0 660.0 120.0 560.0 740.0 120.0 640.0 620.0 660.0 660.0 640.0 160.0 660.0 620.0 140.0 660.0 660.0 660.0 180.0 100.0 140.0 580.0 700.0 660.0 640.0 120.0 680.0 700.0 640.0 100.0 700.0 660.0 680.0 660.0 640.0 120.0 660.0 120.0
0.0 580.0 640.0 60.0 600.0 640.0 180.0 660.0 160.0 620.0 620.0 700.0 620.0 200.0 640.0 120.0 580.0 660.0 660.0 680.0 680.0 600.0 600.0 700.0 660.0 180.0 140.0 660.0 680.0 660.0 120.0 720.0 660.0 620.0 600.0 660.0 100.0 100.0 700.0 100.0 620.0 600.0 700.0 640.0 680.0 640.0 660.0 0.0 640.0 220.0 180.0 660.0 680.0 700.0 680.0 600.0 660.0 720.0 140.0 160.0 140.0 680.0 660.0 640.0 180.0 660.0 160.0 160.0 680.0 680.0 200.0 180.0 700.0 620.0 640.0 680.0 640.0 700.0 100.0 700.0 120.0 700.0 640.0 720.0 640.0 660.0 700.0 760.0 640.0 680.0 680.0 620.0 680.0 680.0 640.0 660.0 680.0 660.0 680.0 200.0 660.0
0.0 160.0 640.0 640.0 580.0 140.0 620.0 560.0 580.0 640.0 600.0 620.0 620.0 680.0 120.0 600.0 120.0 140.0 120.0 640.0 620.0 180.0 580.0 600.0 40.0 620.0 600.0 120.0 640.0 120.0 640.0 620.0 580.0 140.0 580.0 620.0 560.0 560.0 100.0 580.0 640.0 60.0 640.0 600.0 660.0 20.0 640.0 600.0 0.0 640.0 620.0 600.0 160.0 160.0 580.0 640.0 680.0 620.0 540.0 620.0 580.0 140.0 660.0 120.0 620.0 560.0 680.0 740.0 580.0 620.0 620.0 620.0 660.0 640.0 640.0 120.0 80.0 700.0 620.0 120.0 620.0 720.0 660.0 660.0 20.0 680.0 120.0 180.0 580.0 640.0 660.0 600.0 620.0 660.0 620.0 560.0 660.0 600.0 700.0 620.0 640.0
0.0 680.0 620.0 180.0 620.0 680.0 120.0 600.0 100.0 700.0 660.0 620.0 660.0 200.0 660.0 140.0 680.0 700.0 680.0 680.0 680.0 700.0 620.0 700.0 600.0 180.0 140.0 680.0 700.0 660.0 140.0 660.0 620.0 680.0 620.0 660.0 100.0 100.0 640.0 120.0 660.0 620.0 680.0 640.0 700.0 580.0 660.0 140.0 660.0 0.0 40.0 660.0 720.0 700.0 580.0 640.0 680.0 660.0 100.0 160.0 120.0 660.0 660.0 680.0 160.0 600.0 180.0 180.0 620.0 660.0 140.0 160.0 540.0 640.0 680.0 680.0 640.0 720.0 140.0 600.0 140.0 720.0 620.0 680.0 600.0 700.0 680.0 720.0 620.0 680.0 700.0 640.0 660.0 600.0 680.0 700.0 680.0 660.0 680.0 160.0 660.0
0.0 640.0 580.0 140.0 580.0 680.0 80.0 580.0 80.0 660.0 620.0 680.0 620.0 180.0 620.0 100.0 640.0 660.0 640.0 660.0 640.0 700.0 580.0 660.0 580.0 140.0 100.0 660.0 660.0 640.0 120.0 620.0 580.0 640.0 600.0 640.0 60.0 60.0 620.0 100.0 640.0 600.0 660.0 600.0 660.0 540.0 660.0 100.0 660.0 160.0 0.0 620.0 680.0 680.0 600.0 620.0 700.0 620.0 60.0 120.0 80.0 680.0 660.0 640.0 120.0 560.0 180.0 220.0 600.0 620.0 140.0 120.0 680.0 640.0 660.0 640.0 600.0 700.0 120.0 560.0 120.0 700.0 620.0 660.0 560.0 680.0 640.0 700.0 580.0 640.0 680.0 600.0 640.0 680.0 640.0 680.0 680.0 620.0 680.0 120.0 660.0
0.0 680.0 120.0 660.0 560.0 660.0 540.0 540.0 640.0 640.0 620.0 200.0 640.0 680.0 620.0 620.0 640.0 660.0 640.0 660.0 680.0 620.0 60.0 560.0 660.0 680.0 600.0 600.0 140.0 640.0 620.0 640.0 660.0 660.0 60.0 120.0 560.0 580.0 560.0 580.0 640.0 580.0 40.0 100.0 620.0 640.0 640.0 620.0 660.0 640.0 640.0 0.0 700.0 620.0 60.0 80.0 660.0 140.0 640.0 620.0 660.0 700.0 160.0 620.0 620.0 580.0 680.0 740.0 620.0 120.0 640.0 680.0 100.0 80.0 640.0 620.0 660.0 620.0 640.0 620.0 640.0 640.0 620.0 600.0 660.0 140.0 700.0 600.0 600.0 140.0 140.0 120.0 640.0 140.0 160.0 180.0 160.0 80.0 660.0 660.0 660.0
0.0 200.0 660.0 700.0 680.0 180.0 660.0 660.0 680.0 740.0 700.0 760.0 740.0 740.0 220.0 620.0 100.0 140.0 200.0 680.0 660.0 220.0 680.0 680.0 160.0 700.0 700.0 200.0 740.0 180.0 720.0 760.0 620.0 240.0 680.0 720.0 660.0 680.0 180.0 700.0 660.0 180.0 680.0 720.0 740.0 120.0 600.0 660.0 200.0 680.0 720.0 660.0 0.0 240.0 680.0 640.0 780.0 740.0 660.0 720.0 640.0 200.0 740.0 100.0 680.0 700.0 640.0 780.0 700.0 720.0 660.0 660.0 700.0 700.0 700.0 220.0 180.0 720.0 720.0 220.0 680.0 760.0 680.0 700.0 140.0 720.0 180.0 200.0 700.0 760.0 740.0 720.0 680.0 700.0 580.0 740.0 700.0 660.0 700.0 720.0 700.0
0.0 140.0 660.0 640.0 520.0 160.0 560.0 580.0 600.0 600.0 600.0 700.0 620.0 680.0 100.0 580.0 100.0 120.0 60.0 620.0 640.0 140.0 520.0 580.0 100.0 660.0 600.0 120.0 600.0 100.0 600.0 680.0 620.0 120.0 540.0 580.0 540.0 540.0 80.0 540.0 640.0 20.0 580.0 580.0 640.0 80.0 620.0 600.0 100.0 660.0 620.0 560.0 180.0 0.0 600.0 620.0 620.0 680.0 600.0 620.0 640.0 180.0 640.0 140.0 640.0 620.0 620.0 700.0 580.0 580.0 660.0 660.0 640.0 620.0 600.0 80.0 120.0 640.0 600.0 140.0 600.0 680.0 640.0 620.0 80.0 640.0 160.0 140.0 560.0 600.0 640.0 600.0 600.0 620.0 640.0 660.0 660.0 540.0 660.0 620.0 680.0
0.0 640.0 80.0 660.0 680.0 680.0 660.0 660.0 600.0 680.0 600.0 180.0 680.0 760.0 680.0 620.0 620.0 660.0 600.0 620.0 660.0 680.0 160.0 660.0 600.0 700.0 680.0 660.0 220.0 700.0 640.0 660.0 620.0 680.0 160.0 160.0 660.0 660.0 640.0 680.0 660.0 680.0 160.0 200.0 680.0 640.0 580.0 600.0 660.0 700.0 680.0 120.0 720.0 700.0 0.0 120.0 700.0 200.0 660.0 700.0 700.0 680.0 140.0 600.0 660.0 680.0 640.0 740.0 620.0 180.0 660.0 680.0 200.0 140.0 640.0 680.0 640.0 720.0 680.0 580.0 700.0 700.0 620.0 660.0 640.0 200.0 720.0 700.0 640.0 200.0 180.0 140.0 680.0 200.0 180.0 180.0 180.0 120.0 680.0 700.0 680.0
0.0 720.0 180.0 700.0 660.0 600.0 700.0 680.0 640.0 700.0 680.0 200.0 680.0 740.0 680.0 540.0 680.0 580.0 640.0 640.0 660.0 680.0 160.0 700.0 660.0 640.0 740.0 640.0 200.0 620.0 640.0 740.0 680.0 700.0 160.0 160.0 680.0 660.0 700.0 680.0 560.0 680.0 200.0 200.0 660.0 680.0 700.0 680.0 720.0 680.0 700.0 180.0 640.0 700.0 120.0 0.0 720.0 240.0 700.0 720.0 720.0 640.0 160.0 700.0 720.0 700.0 660.0 720.0 640.0 200.0 700.0 660.0 100.0 120.0 640.0 700.0 660.0 740.0 700.0 680.0 680.0 700.0 660.0 640.0 640.0 180.0 620.0 740.0 680.0 120.0 180.0 160.0 680.0 140.0 180.0 220.0 220.0 160.0 640.0 740.0 720.0
0.0 680.0 620.0 660.0 20.0 660.0 600.0 120.0 600.0 80.0 120.0 680.0 100.0 680.0 620.0 580.0 640.0 620.0 660.0 120.0 140.0 660.0 560.0 120.0 640.0 660.0 600.0 640.0 640.0 620.0 600.0 180.0 100.0 620.0 540.0 580.0 540.0 580.0 640.0 540.0 120.0 540.0 640.0 580.0 160.0 600.0 80.0 620.0 620.0 680.0 640.0 600.0 700.0 660.0 640.0 660.0 0.0 700.0 620.0 620.0 660.0 620.0 660.0 620.0 680.0 140.0 640.0 700.0 100.0 640.0 660.0 660.0 660.0 640.0 120.0 620.0 660.0 140.0 600.0 680.0 600.0 180.0 120.0 160.0 620.0 660.0 660.0 640.0 100.0 600.0 640.0 600.0 100.0 620.0 580.0 660.0 680.0 600.0 140.0 660.0 160.0
0.0 640.0 180.0 620.0 620.0 600.0 580.0 600.0 640.0 680.0 580.0 180.0 600.0 680.0 600.0 580.0 600.0 620.0 540.0 640.0 640.0 660.0 120.0 600.0 640.0 720.0 600.0 660.0 120.0 640.0 660.0 700.0 640.0 600.0 120.0 80.0 600.0 520.0 620.0 640.0 620.0 620.0 100.0 140.0 640.0 600.0 640.0 580.0 600.0 700.0 640.0 60.0 680.0 660.0 120.0 120.0 700.0 0.0 640.0 620.0 680.0 620.0 100.0 580.0 680.0 640.0 600.0 700.0 640.0 80.0 660.0 680.0 160.0 120.0 640.0 680.0 600.0 680.0 580.0 680.0 660.0 680.0 640.0 660.0 620.0 200.0 700.0 660.0 540.0 100.0 140.0 60.0 600.0 140.0 120.0 140.0 180.0 60.0 680.0 640.0 680.0
0.0 700.0 720.0 160.0 660.0 680.0 180.0 640.0 160.0 720.0 640.0 660.0 620.0 240.0 640.0 160.0 660.0 700.0 640.0 700.0 720.0 720.0 660.0 700.0 660.0 200.0 160.0 640.0 700.0 680.0 180.0 700.0 660.0 640.0 660.0 660.0 140.0 100.0 600.0 160.0 640.0 640.0 700.0 660.0 680.0 620.0 660.0 120.0 620.0 220.0 160.0 680.0 700.0 700.0 660.0 640.0 760.0 620.0 0.0 140.0 160.0 700.0 660.0 680.0 200.0 640.0 180.0 260.0 680.0 660.0 200.0 200.0 720.0 680.0 700.0 680.0 680.0 760.0 80.0 700.0 160.0 700.0 700.0 740.0 640.0 720.0 720.0 760.0 620.0 700.0 720.0 600.0 680.0 740.0 660.0 660.0 740.0 660.0 680.0 200.0 720.0
0.0 660.0 600.0 160.0 600.0 680.0 100.0 580.0 100.0 660.0 640.0 680.0 640.0 180.0 640.0 120.0 660.0 680.0 640.0 660.0 660.0 700.0 600.0 660.0 580.0 140.0 120.0 660.0 680.0 660.0 140.0 640.0 600.0 660.0 580.0 640.0 80.0 80.0 640.0 100.0 660.0 580.0 660.0 620.0 680.0 560.0 660.0 120.0 680.0 160.0 20.0 620.0 700.0 600.0 600.0 640.0 680.0 640.0 60.0 0.0 100.0 680.0 680.0 660.0 140.0 580.0 160.0 240.0 620.0 640.0 140.0 140.0 680.0 660.0 660.0 600.0 620.0 700.0 140.0 580.0 120.0 720.0 640.0 660.0 560.0 660.0 660.0 700.0 600.0 660.0 680.0 620.0 640.0 680.0 660.0 680.0 680.0 620.0 700.0 140.0 660.0
0.0 660.0 640.0 140.0 620.0 700.0 80.0 600.0 140.0 700.0 660.0 720.0 640.0 220.0 620.0 160.0 680.0 700.0 640.0 640.0 660.0 680.0 620.0 620.0 640.0 60.0 140.0 580.0 680.0 640.0 160.0 700.0 660.0 660.0 620.0 620.0 100.0 120.0 620.0 140.0 660.0 640.0 620.0 680.0 620.0 640.0 640.0 120.0 680.0 140.0 180.0 580.0 740.0 680.0 560.0 640.0 720.0 700.0 160.0 160.0 0.0 700.0 680.0 660.0 160.0 640.0 100.0 220.0 640.0 700.0 160.0 180.0 600.0 660.0 580.0 640.0 700.0 680.0 180.0 620.0 180.0 680.0 660.0 620.0 660.0 680.0 560.0 660.0 660.0 700.0 680.0 620.0 640.0 660.0 680.0 680.0 700.0 580.0 700.0 140.0 720.0
0.0 140.0 680.0 620.0 620.0 120.0 640.0 640.0 560.0 640.0 640.0 640.0 620.0 740.0 60.0 620.0 120.0 160.0 120.0 560.0 680.0 140.0 620.0 660.0 140.0 660.0 680.0 80.0 640.0 40.0 680.0 680.0 660.0 140.0 620.0 620.0 640.0 600.0 80.0 620.0 620.0 100.0 660.0 640.0 620.0 100.0 620.0 580.0 100.0 660.0 660.0 640.0 180.0 100.0 660.0 600.0 680.0 700.0 640.0 700.0 680.0 0.0 660.0 120.0 640.0 640.0 660.0 700.0 560.0 660.0 600.0 640.0 680.0 660.0 580.0 120.0 160.0 700.0 600.0 160.0 600.0 680.0 580.0 680.0 120.0 680.0 180.0 180.0 620.0 680.0 660.0 600.0 640.0 540.0 660.0 660.0 640.0 640.0 720.0 680.0 660.0
0.0 620.0 160.0 600.0 560.0 580.0 560.0 580.0 580.0 640.0 540.0 140.0 540.0 700.0 540.0 600.0 560.0 640.0 580.0 660.0 640.0 640.0 60.0 580.0 660.0 680.0 620.0 620.0 100.0 660.0 640.0 660.0 660.0 560.0 60.0 120.0 580.0 580.0 580.0 580.0 560.0 580.0 80.0 100.0 640.0 620.0 580.0 540.0 640.0 660.0 620.0 40.0 620.0 560.0 80.0 80.0 660.0 160.0 640.0 600.0 680.0 620.0 0.0 600.0 640.0 600.0 620.0 700.0 580.0 120.0 640.0 660.0 120.0 120.0 600.0 620.0 660.0 640.0 620.0 660.0 620.0 640.0 640.0 620.0 640.0 160.0 680.0 640.0 600.0 140.0 160.0 20.0 640.0 140.0 60.0 80.0 160.0 80.0 640.0 660.0 700.0
0.0 160.0 680.0 660.0 580.0 140.0 580.0 580.0 620.0 660.0 600.0 680.0 660.0 720.0 140.0 520.0 120.0 60.0 100.0 680.0 580.0 160.0 580.0 600.0 140.0 660.0 640.0 120.0 660.0 160.0 640.0 680.0 660.0 160.0 600.0 640.0 600.0 600.0 100.0 600.0 640.0 80.0 600.0 640.0 640.0 120.0 680.0 600.0 120.0 660.0 680.0 560.0 140.0 160.0 620.0 640.0 700.0 680.0 660.0 660.0 680.0 180.0 660.0 0.0 660.0 620.0 680.0 740.0 620.0 620.0 680.0 700.0 640.0 620.0 660.0 140.0 160.0 660.0 660.0 160.0 660.0 680.0 640.0 620.0 120.0 680.0 200.0 140.0 620.0 660.0 680.0 640.0 660.0 680.0 680.0 660.0 720.0 640.0 620.0 700.0 620.0
0.0 660.0 680.0 120.0 600.0 640.0 80.0 600.0 120.0 660.0 620.0 640.0 640.0 220.0 600.0 20.0 640.0 580.0 620.0 640.0 580.0 660.0 600.0 600.0 660.0 160.0 140.0 580.0 660.0 620.0 140.0 680.0 660.0 660.0 600.0 600.0 80.0 100.0 600.0 100.0 640.0 600.0 600.0 640.0 600.0 640.0 680.0 100.0 620.0 160.0 180.0 560.0 660.0 680.0 620.0 640.0 700.0 700.0 140.0 160.0 180.0 680.0 660.0 520.0 0.0 620.0 180.0 180.0 620.0 640.0 160.0 180.0 660.0 620.0 560.0 660.0 680.0 660.0 160.0 680.0 160.0 700.0 660.0 620.0 640.0 700.0 720.0 660.0 640.0 680.0 680.0 620.0 620.0 680.0 660.0 660.0 700.0 640.0 620.0 200.0 620.0
0.0 660.0 720.0 640.0 100.0 640.0 660.0 160.0 640.0 180.0 100.0 700.0 100.0 740.0 600.0 580.0 620.0 620.0 600.0 100.0 180.0 680.0 620.0 160.0 680.0 720.0 660.0 640.0 660.0 600.0 700.0 80.0 100.0 620.0 620.0 640.0 640.0 600.0 680.0 620.0 100.0 620.0 680.0 560.0 160.0 640.0 140.0 600.0 640.0 680.0 700.0 640.0 700.0 680.0 680.0 640.0 200.0 580.0 680.0 680.0 700.0 680.0 640.0 640.0 700.0 0.0 660.0 740.0 140.0 640.0 700.0 660.0 700.0 680.0 120.0 700.0 660.0 220.0 660.0 740.0 580.0 180.0 120.0 160.0 660.0 700.0 740.0 720.0 100.0 680.0 700.0 580.0 160.0 700.0 640.0 660.0 720.0 640.0 180.0 700.0 180.0
0.0 700.0 660.0 160.0 600.0 660.0 140.0 580.0 80.0 660.0 620.0 680.0 640.0 180.0 620.0 100.0 660.0 640.0 660.0 640.0 640.0 700.0 600.0 660.0 580.0 140.0 100.0 660.0 680.0 620.0 160.0 680.0 600.0 660.0 600.0 640.0 80.0 80.0 640.0 100.0 620.0 600.0 660.0 640.0 680.0 540.0 660.0 120.0 660.0 120.0 140.0 640.0 660.0 680.0 600.0 580.0 700.0 660.0 60.0 120.0 100.0 680.0 680.0 600.0 100.0 600.0 0.0 220.0 600.0 640.0 60.0 100.0 660.0 680.0 640.0 620.0 600.0 720.0 140.0 660.0 100.0 660.0 560.0 640.0 560.0 640.0 640.0 720.0 600.0 640.0 680.0 620.0 640.0 680.0 660.0 700.0 600.0 620.0 680.0 120.0 640.0
0.0 600.0 640.0 80.0 580.0 640.0 80.0 620.0 120.0 620.0 540.0 700.0 540.0 200.0 600.0 80.0 560.0 600.0 580.0 580.0 640.0 620.0 580.0 620.0 640.0 60.0 140.0 560.0 600.0 560.0 140.0 660.0 620.0 540.0 580.0 580.0 80.0 100.0 620.0 40.0 600.0 600.0 620.0 600.0 580.0 600.0 560.0 20.0 620.0 140.0 160.0 580.0 680.0 620.0 580.0 580.0 660.0 680.0 120.0 160.0 20.0 660.0 580.0 580.0 160.0 620.0 100.0 0.0 640.0 640.0 140.0 160.0 600.0 620.0 540.0 640.0 660.0 680.0 100.0 620.0 40.0 640.0 600.0 620.0 620.0 580.0 560.0 680.0 620.0 620.0 660.0 580.0 620.0 660.0 560.0 580.0 540.0 580.0 620.0 140.0 680.0
0.0 740.0 720.0 720.0 160.0 600.0 620.0 140.0 680.0 200.0 200.0 700.0 220.0 740.0 680.0 700.0 700.0 740.0 700.0 180.0 180.0 700.0 660.0 140.0 700.0 660.0 700.0 660.0 740.0 680.0 660.0 220.0 200.0 700.0 660.0 680.0 640.0 680.0 660.0 680.0 60.0 660.0 640.0 700.0 160.0 660.0 200.0 680.0 660.0 700.0 720.0 620.0 640.0 720.0 660.0 660.0 240.0 740.0 680.0 700.0 720.0 640.0 760.0 700.0 700.0 160.0 700.0 780.0 0.0 720.0 720.0 680.0 700.0 640.0 180.0 700.0 660.0 200.0 720.0 720.0 680.0 220.0 140.0 160.0 680.0 740.0 760.0 700.0 180.0 700.0 700.0 720.0 180.0 660.0 700.0 700.0 760.0 600.0 200.0 680.0 220.0
0.0 660.0 120.0 640.0 640.0 640.0 640.0 620.0 580.0 680.0 620.0 160.0 640.0 620.0 620.0 620.0 640.0 660.0 640.0 640.0 680.0 700.0 120.0 660.0 560.0 660.0 540.0 600.0 60.0 640.0 680.0 660.0 580.0 660.0 100.0 100.0 620.0 580.0 620.0 640.0 640.0 620.0 180.0 100.0 620.0 580.0 680.0 620.0 640.0 660.0 560.0 140.0 640.0 620.0 120.0 140.0 700.0 160.0 620.0 560.0 620.0 660.0 160.0 640.0 620.0 600.0 700.0 720.0 600.0 0.0 620.0 640.0 160.0 160.0 580.0 640.0 600.0 640.0 640.0 620.0 640.0 700.0 660.0 660.0 540.0 180.0 660.0 740.0 600.0 140.0 180.0 100.0 640.0 160.0 160.0 160.0 140.0 140.0 720.0 680.0 640.0
0.0 700.0 680.0 160.0 600.0 660.0 80.0 620.0 140.0 640.0 620.0 680.0 620.0 180.0 620.0 40.0 640.0 580.0 640.0 660.0 600.0 680.0 600.0 620.0 640.0 100.0 100.0 620.0 660.0 640.0 160.0 700.0 640.0 640.0 620.0 620.0 80.0 120.0 620.0 60.0 660.0 620.0 620.0 600.0 620.0 620.0 660.0 120.0 640.0 60.0 100.0 580.0 680.0 680.0 620.0 660.0 680.0 700.0 140.0 120.0 160.0 680.0 680.0 540.0 40.0 640.0 160.0 180.0 640.0 600.0 0.0 40.0 600.0 640.0 600.0 660.0 680.0 680.0 160.0 660.0 100.0 660.0 660.0 580.0 640.0 600.0 620.0 680.0 640.0 640.0 680.0 620.0 640.0 660.0 640.0 640.0 560.0 620.0 640.0 180.0 580.0
0.0 660.0 640.0 140.0 640.0 720.0 120.0 640.0 120.0 660.0 680.0 660.0 680.0 180.0 600.0 160.0 660.0 720.0 660.0 680.0 700.0 680.0 640.0 640.0 640.0 140.0 160.0 680.0 660.0 660.0 160.0 680.0 660.0 700.0 640.0 680.0 100.0 120.0 640.0 140.0 680.0 640.0 640.0 660.0 640.0 600.0 680.0 100.0 680.0 40.0 80.0 600.0 740.0 720.0 620.0 660.0 700.0 680.0 120.0 180.0 160.0 680.0 680.0 700.0 180.0 620.0 200.0 220.0 640.0 680.0 180.0 0.0 560.0 680.0 660.0 680.0 660.0 700.0 160.0 640.0 160.0 620.0 660.0 560.0 620.0 620.0 700.0 700.0 640.0 700.0 720.0 660.0 700.0 620.0 700.0 700.0 700.0 660.0 700.0 180.0 700.0
0.0 680.0 200.0 660.0 660.0 660.0 660.0 660.0 580.0 660.0 660.0 160.0 660.0 760.0 660.0 640.0 680.0 680.0 660.0 660.0 700.0 680.0 140.0 680.0 680.0 700.0 700.0 660.0 200.0 640.0 700.0 640.0 700.0 660.0 160.0 180.0 660.0 640.0 620.0 680.0 640.0 660.0 160.0 180.0 700.0 640.0 700.0 620.0 640.0 700.0 720.0 120.0 700.0 720.0 180.0 100.0 700.0 220.0 680.0 720.0 700.0 640.0 180.0 660.0 680.0 680.0 720.0 760.0 580.0 180.0 640.0 660.0 0.0 180.0 660.0 660.0 700.0 700.0 620.0 700.0 620.0 700.0 600.0 700.0 660.0 200.0 720.0 720.0 660.0 200.0 240.0 120.0 700.0 60.0 180.0 160.0 160.0 120.0 660.0 700.0 680.0
0.0 680.0 140.0 640.0 580.0 620.0 620.0 560.0 600.0 660.0 600.0 180.0 620.0 720.0 600.0 580.0 620.0 620.0 600.0 660.0 620.0 680.0 60.0 640.0 620.0 660.0 640.0 600.0 140.0 640.0 540.0 660.0 620.0 640.0 80.0 120.0 560.0 600.0 640.0 600.0 600.0 580.0 100.0 120.0 620.0 620.0 640.0 600.0 620.0 700.0 620.0 100.0 640.0 680.0 80.0 40.0 680.0 140.0 660.0 600.0 680.0 660.0 140.0 620.0 620.0 600.0 660.0 740.0 600.0 120.0 660.0 680.0 140.0 0.0 600.0 620.0 680.0 700.0 660.0 640.0 640.0 640.0 540.0 680.0 640.0 160.0 660.0 700.0 620.0 160.0 80.0 100.0 640.0 160.0 120.0 140.0 180.0 100.0 580.0 640.0 600.0
0.0 600.0 680.0 580.0 100.0 640.0 640.0 80.0 600.0 140.0 80.0 680.0 80.0 720.0 560.0 660.0 620.0 700.0 580.0 80.0 180.0 660.0 620.0 140.0 660.0 700.0 700.0 540.0 620.0 580.0 640.0 120.0 180.0 600.0 620.0 560.0 600.0 640.0 640.0 620.0 100.0 620.0 660.0 660.0 60.0 640.0 120.0 580.0 640.0 680.0 680.0 620.0 680.0 660.0 620.0 620.0 160.0 680.0 660.0 700.0 700.0 680.0 640.0 640.0 660.0 120.0 640.0 680.0 100.0 700.0 620.0 660.0 640.0 620.0 0.0 660.0 680.0 160.0 640.0 660.0 680.0 160.0 100.0 180.0 640.0 680.0 720.0 700.0 140.0 700.0 640.0 580.0 80.0 640.0 620.0 620.0 660.0 620.0 160.0 700.0 180.0
0.0 160.0 660.0 660.0 600.0 100.0 640.0 640.0 640.0 620.0 660.0 700.0 660.0 700.0 100.0 640.0 140.0 140.0 100.0 620.0 680.0 180.0 600.0 620.0 160.0 660.0 680.0 140.0 660.0 100.0 660.0 640.0 660.0 160.0 600.0 640.0 580.0 620.0 140.0 580.0 580.0 80.0 660.0 620.0 600.0 140.0 700.0 600.0 160.0 700.0 720.0 620.0 140.0 180.0 660.0 660.0 660.0 640.0 660.0 700.0 700.0 140.0 700.0 180.0 680.0 580.0 680.0 700.0 520.0 680.0 680.0 680.0 700.0 640.0 640.0 0.0 160.0 720.0 660.0 140.0 640.0 640.0 660.0 680.0 140.0 580.0 200.0 200.0 640.0 660.0 700.0 640.0 660.0 680.0 680.0 640.0 600.0 620.0 640.0 700.0 700.0
0.0 160.0 660.0 660.0 620.0 80.0 660.0 600.0 600.0 660.0 660.0 680.0 680.0 720.0 140.0 680.0 160.0 200.0 140.0 680.0 680.0 200.0 620.0 660.0 100.0 680.0 640.0 180.0 700.0 140.0 660.0 700.0 620.0 180.0 620.0 660.0 600.0 620.0 140.0 640.0 660.0 120.0 700.0 680.0 640.0 60.0 660.0 640.0 160.0 620.0 640.0 660.0 200.0 200.0 600.0 660.0 700.0 700.0 600.0 660.0 640.0 120.0 700.0 160.0 660.0 640.0 700.0 760.0 620.0 660.0 660.0 580.0 640.0 640.0 680.0 160.0 0.0 740.0 640.0 140.0 640.0 680.0 660.0 620.0 80.0 620.0 160.0 240.0 640.0 700.0 700.0 660.0 660.0 600.0 680.0 700.0 700.0 660.0 700.0 660.0 680.0
0.0 680.0 700.0 660.0 120.0 700.0 620.0 100.0 640.0 200.0 100.0 720.0 160.0 740.0 680.0 660.0 640.0 700.0 560.0 160.0 180.0 700.0 640.0 120.0 620.0 660.0 660.0 680.0 680.0 680.0 700.0 80.0 120.0 680.0 640.0 660.0 620.0 620.0 640.0 600.0 160.0 640.0 640.0 640.0 200.0 580.0 180.0 620.0 700.0 700.0 660.0 600.0 740.0 680.0 640.0 660.0 220.0 680.0 620.0 680.0 640.0 720.0 660.0 680.0 680.0 140.0 620.0 760.0 140.0 680.0 680.0 680.0 680.0 680.0 180.0 680.0 640.0 0.0 680.0 700.0 660.0 120.0 160.0 160.0 600.0 700.0 680.0 700.0 140.0 680.0 720.0 660.0 160.0 720.0 700.0 720.0 660.0 600.0 220.0 680.0 180.0
0.0 620.0 660.0 100.0 580.0 600.0 120.0 580.0 80.0 660.0 560.0 620.0 560.0 160.0 560.0 80.0 580.0 620.0 600.0 620.0 640.0 640.0 580.0 620.0 580.0 140.0 80.0 640.0 620.0 620.0 140.0 640.0 600.0 560.0 600.0 580.0 60.0 20.0 640.0 100.0 560.0 600.0 660.0 580.0 640.0 540.0 580.0 40.0 540.0 160.0 120.0 620.0 640.0 620.0 600.0 600.0 680.0 640.0 60.0 100.0 100.0 640.0 580.0 600.0 120.0 580.0 120.0 180.0 600.0 580.0 140.0 120.0 660.0 640.0 620.0 640.0 600.0 700.0 0.0 640.0 80.0 620.0 640.0 660.0 560.0 700.0 640.0 700.0 540.0 620.0 660.0 540.0 600.0 660.0 580.0 580.0 680.0 620.0 640.0 120.0 660.0
0.0 80.0 540.0 640.0 660.0 120.0 660.0 640.0 540.0 620.0 640.0 640.0 640.0 700.0 120.0 600.0 140.0 140.0 120.0 680.0 660.0 160.0 660.0 680.0 40.0 660.0 640.0 100.0 680.0 140.0 580.0 640.0 560.0 140.0 660.0 640.0 640.0 600.0 80.0 620.0 600.0 160.0 680.0 660.0 640.0 100.0 680.0 580.0 100.0 640.0 660.0 660.0 160.0 200.0 660.0 580.0 660.0 700.0 640.0 640.0 680.0 120.0 680.0 100.0 600.0 640.0 700.0 720.0 560.0 640.0 600.0 620.0 660.0 600.0 640.0 120.0 160.0 680.0 660.0 0.0 660.0 660.0 560.0 600.0 120.0 660.0 180.0 160.0 600.0 660.0 640.0 620.0 660.0 660.0 660.0 640.0 640.0 640.0 640.0 680.0 640.0
0.0 660.0 680.0 120.0 560.0 660.0 140.0 620.0 120.0 620.0 620.0 680.0 640.0 200.0 600.0 100.0 640.0 660.0 620.0 560.0 680.0 680.0 560.0 660.0 620.0 160.0 120.0 580.0 640.0 540.0 120.0 680.0 640.0 660.0 560.0 600.0 60.0 80.0 680.0 60.0 640.0 560.0 660.0 600.0 600.0 600.0 680.0 100.0 580.0 160.0 160.0 640.0 680.0 680.0 640.0 580.0 660.0 680.0 100.0 140.0 140.0 640.0 680.0 700.0 180.0 620.0 180.0 180.0 640.0 620.0 160.0 180.0 680.0 660.0 560.0 640.0 660.0 700.0 120.0 700.0 0.0 660.0 580.0 640.0 600.0 700.0 700.0 680.0 600.0 640.0 680.0 620.0 620.0 640.0 660.0 620.0 700.0 620.0 680.0 180.0 640.0
0.0 680.0 740.0 660.0 160.0 660.0 680.0 160.0 680.0 200.0 140.0 760.0 160.0 740.0 640.0 680.0 660.0 720.0 660.0 160.0 180.0 720.0 680.0 180.0 680.0 560.0 660.0 620.0 600.0 660.0 700.0 180.0 180.0 680.0 680.0 640.0 660.0 680.0 700.0 700.0 180.0 680.0 700.0 720.0 120.0 640.0 200.0 640.0 700.0 700.0 700.0 680.0 740.0 720.0 680.0 660.0 240.0 760.0 660.0 680.0 700.0 700.0 700.0 680.0 680.0 180.0 600.0 760.0 140.0 720.0 660.0 680.0 700.0 700.0 80.0 700.0 700.0 180.0 720.0 740.0 700.0 0.0 140.0 200.0 660.0 720.0 740.0 760.0 180.0 740.0 700.0 660.0 160.0 720.0 700.0 700.0 680.0 660.0 240.0 720.0 200.0
0.0 660.0 700.0 640.0 100.0 600.0 660.0 180.0 620.0 180.0 160.0 700.0 160.0 700.0 580.0 560.0 640.0 600.0 660.0 140.0 120.0 680.0 620.0 180.0 640.0 640.0 620.0 640.0 640.0 640.0 660.0 240.0 140.0 680.0 620.0 680.0 600.0 640.0 660.0 620.0 60.0 620.0 680.0 660.0 160.0 660.0 180.0 580.0 700.0 700.0 660.0 660.0 620.0 680.0 640.0 540.0 200.0 700.0 700.0 640.0 700.0 640.0 660.0 680.0 680.0 180.0 680.0 720.0 120.0 600.0 660.0 680.0 620.0 640.0 140.0 660.0 660.0 160.0 680.0 700.0 640.0 100.0 0.0 140.0 640.0 720.0 640.0 740.0 160.0 640.0 700.0 660.0 180.0 660.0 680.0 720.0 680.0 640.0 140.0 620.0 80.0
0.0 680.0 660.0 660.0 100.0 700.0 640.0 140.0 640.0 120.0 140.0 660.0 140.0 720.0 620.0 660.0 680.0 700.0 640.0 120.0 200.0 700.0 600.0 160.0 640.0 620.0 680.0 660.0 660.0 620.0 680.0 180.0 160.0 660.0 600.0 660.0 580.0 620.0 680.0 620.0 160.0 600.0 660.0 660.0 100.0 600.0 180.0 620.0 680.0 560.0 600.0 640.0 740.0 700.0 620.0 680.0 160.0 700.0 640.0 700.0 680.0 680.0 680.0 700.0 700.0 120.0 680.0 740.0 140.0 680.0 700.0 660.0 580.0 680.0 140.0 660.0 680.0 220.0 660.0 640.0 660.0 80.0 160.0 0.0 620.0 580.0 700.0 720.0 140.0 680.0 700.0 640.0 180.0 640.0 680.0 700.0 700.0 640.0 200.0 700.0 180.0
0.0 140.0 680.0 640.0 660.0 140.0 660.0 640.0 560.0 640.0 580.0 640.0 600.0 680.0 100.0 600.0 100.0 140.0 120.0 660.0 660.0 160.0 660.0 680.0 20.0 640.0 600.0 120.0 660.0 140.0 660.0 700.0 560.0 120.0 640.0 600.0 640.0 540.0 80.0 660.0 620.0 140.0 680.0 660.0 640.0 100.0 640.0 580.0 120.0 620.0 640.0 640.0 140.0 160.0 640.0 620.0 680.0 720.0 640.0 620.0 600.0 140.0 640.0 100.0 600.0 660.0 680.0 720.0 560.0 600.0 600.0 600.0 640.0 640.0 640.0 100.0 60.0 700.0 600.0 160.0 680.0 700.0 640.0 640.0 0.0 660.0 120.0 220.0 560.0 620.0 660.0 580.0 620.0 640.0 640.0 660.0 640.0 640.0 700.0 660.0 620.0
0.0 620.0 120.0 600.0 540.0 660.0 580.0 600.0 580.0 560.0 600.0 160.0 620.0 660.0 560.0 600.0 600.0 640.0 560.0 580.0 660.0 640.0 20.0 600.0 640.0 620.0 640.0 600.0 100.0 560.0 620.0 700.0 620.0 640.0 40.0 100.0 520.0 560.0 620.0 560.0 640.0 540.0 100.0 80.0 540.0 620.0 660.0 560.0 620.0 660.0 660.0 60.0 700.0 640.0 120.0 100.0 600.0 180.0 640.0 660.0 680.0 660.0 140.0 660.0 680.0 640.0 620.0 700.0 600.0 100.0 640.0 640.0 160.0 140.0 580.0 580.0 640.0 680.0 620.0 680.0 600.0 580.0 600.0 660.0 620.0 0.0 680.0 660.0 580.0 120.0 140.0 100.0 620.0 120.0 140.0 160.0 140.0 60.0 680.0 640.0 660.0
0.0 140.0 600.0 660.0 660.0 160.0 660.0 640.0 600.0 680.0 620.0 700.0 680.0 740.0 160.0 620.0 120.0 160.0 100.0 640.0 660.0 160.0 660.0 680.0 100.0 520.0 680.0 140.0 700.0 160.0 640.0 660.0 620.0 180.0 640.0 680.0 640.0 640.0 140.0 660.0 640.0 140.0 680.0 700.0 660.0 100.0 600.0 620.0 160.0 600.0 640.0 640.0 200.0 180.0 520.0 640.0 700.0 720.0 620.0 700.0 660.0 180.0 660.0 100.0 660.0 660.0 580.0 760.0 600.0 700.0 620.0 660.0 620.0 660.0 640.0 80.0 140.0 720.0 700.0 60.0 660.0 640.0 620.0 580.0 100.0 640.0 0.0 200.0 660.0 700.0 660.0 660.0 680.0 680.0 680.0 700.0 660.0 640.0 660.0 700.0 700.0
0.0 140.0 720.0 620.0 600.0 100.0 620.0 620.0 640.0 660.0 620.0 700.0 620.0 740.0 80.0 640.0 140.0 160.0 60.0 600.0 680.0 180.0 600.0 640.0 120.0 680.0 660.0 60.0 560.0 80.0 660.0 600.0 640.0 140.0 620.0 600.0 620.0 620.0 140.0 620.0 640.0 100.0 640.0 660.0 600.0 80.0 660.0 600.0 120.0 660.0 680.0 600.0 200.0 160.0 640.0 640.0 700.0 700.0 620.0 680.0 660.0 140.0 660.0 120.0 640.0 660.0 640.0 720.0 640.0 660.0 600.0 640.0 680.0 640.0 560.0 180.0 140.0 520.0 680.0 180.0 560.0 640.0 620.0 680.0 100.0 680.0 180.0 0.0 640.0 680.0 660.0 600.0 620.0 680.0 660.0 660.0 640.0 600.0 700.0 680.0 680.0
0.0 620.0 660.0 600.0 120.0 620.0 640.0 140.0 600.0 140.0 60.0 680.0 60.0 640.0 580.0 620.0 600.0 660.0 620.0 120.0 100.0 640.0 620.0 160.0 600.0 700.0 560.0 620.0 600.0 620.0 660.0 200.0 120.0 580.0 640.0 620.0 640.0 600.0 640.0 640.0 80.0 640.0 660.0 660.0 100.0 620.0 100.0 560.0 660.0 700.0 600.0 640.0 660.0 640.0 680.0 600.0 180.0 700.0 640.0 580.0 660.0 660.0 600.0 620.0 660.0 140.0 660.0 680.0 100.0 560.0 660.0 660.0 700.0 640.0 100.0 680.0 620.0 180.0 640.0 660.0 660.0 160.0 140.0 180.0 580.0 700.0 700.0 720.0 0.0 580.0 680.0 540.0 120.0 680.0 600.0 620.0 700.0 640.0 140.0 700.0 180.0
0.0 620.0 200.0 600.0 620.0 640.0 680.0 640.0 640.0 640.0 600.0 200.0 600.0 740.0 620.0 620.0 620.0 660.0 640.0 560.0 560.0 680.0 120.0 700.0 660.0 640.0 680.0 580.0 140.0 540.0 620.0 680.0 660.0 600.0 120.0 40.0 640.0 640.0 700.0 620.0 620.0 620.0 180.0 140.0 620.0 620.0 620.0 600.0 620.0 720.0 700.0 160.0 680.0 680.0 140.0 80.0 680.0 200.0 640.0 680.0 620.0 640.0 140.0 640.0 680.0 640.0 680.0 600.0 660.0 160.0 680.0 700.0 180.0 80.0 580.0 700.0 680.0 700.0 640.0 700.0 640.0 660.0 580.0 680.0 640.0 160.0 660.0 700.0 660.0 0.0 100.0 120.0 560.0 160.0 120.0 140.0 120.0 160.0 660.0 680.0 660.0
0.0 660.0 140.0 640.0 620.0 600.0 620.0 640.0 620.0 680.0 660.0 180.0 680.0 700.0 580.0 560.0 640.0 600.0 660.0 600.0 620.0 680.0 100.0 640.0 640.0 640.0 620.0 620.0 140.0 640.0 660.0 720.0 660.0 680.0 100.0 140.0 600.0 640.0 660.0 620.0 580.0 620.0 140.0 160.0 640.0 600.0 560.0 580.0 680.0 700.0 660.0 100.0 620.0 700.0 140.0 20.0 720.0 180.0 620.0 640.0 660.0 640.0 140.0 580.0 680.0 660.0 600.0 720.0 620.0 100.0 660.0 680.0 120.0 140.0 600.0 660.0 660.0 680.0 680.0 700.0 640.0 620.0 520.0 660.0 620.0 180.0 640.0 660.0 660.0 140.0 0.0 140.0 640.0 160.0 40.0 200.0 180.0 140.0 660.0 620.0 600.0
0.0 620.0 160.0 580.0 620.0 580.0 620.0 640.0 580.0 640.0 540.0 140.0 540.0 720.0 540.0 600.0 560.0 640.0 580.0 660.0 640.0 620.0 120.0 640.0 660.0 680.0 680.0 620.0 100.0 660.0 640.0 680.0 660.0 560.0 120.0 140.0 640.0 640.0 620.0 640.0 560.0 620.0 120.0 160.0 640.0 620.0 580.0 540.0 640.0 680.0 680.0 100.0 620.0 620.0 140.0 60.0 680.0 180.0 640.0 660.0 680.0 620.0 60.0 600.0 660.0 620.0 620.0 700.0 580.0 160.0 640.0 660.0 160.0 120.0 600.0 680.0 640.0 700.0 620.0 680.0 640.0 640.0 640.0 680.0 640.0 180.0 680.0 700.0 660.0 180.0 180.0 0.0 660.0 140.0 60.0 80.0 160.0 100.0 640.0 700.0 680.0
0.0 700.0 680.0 680.0 140.0 700.0 660.0 140.0 640.0 220.0 140.0 720.0 140.0 780.0 660.0 700.0 680.0 740.0 620.0 180.0 140.0 740.0 660.0 180.0 700.0 640.0 720.0 700.0 700.0 680.0 700.0 220.0 180.0 660.0 660.0 720.0 640.0 660.0 700.0 680.0 160.0 660.0 640.0 700.0 140.0 700.0 180.0 660.0 740.0 760.0 720.0 660.0 740.0 720.0 620.0 700.0 240.0 720.0 700.0 740.0 760.0 640.0 680.0 700.0 700.0 160.0 680.0 760.0 140.0 720.0 700.0 720.0 720.0 700.0 180.0 700.0 740.0 240.0 720.0 660.0 700.0 180.0 200.0 220.0 720.0 760.0 780.0 740.0 180.0 740.0 740.0 640.0 0.0 660.0 680.0 700.0 720.0 640.0 100.0 720.0 260.0
0.0 620.0 140.0 600.0 600.0 620.0 640.0 620.0 520.0 620.0 600.0 100.0 600.0 700.0 600.0 600.0 620.0 640.0 620.0 600.0 660.0 620.0 100.0 660.0 620.0 640.0 640.0 620.0 160.0 580.0 640.0 680.0 640.0 620.0 100.0 120.0 620.0 580.0 580.0 620.0 580.0 600.0 160.0 120.0 640.0 580.0 640.0 560.0 580.0 640.0 680.0 120.0 660.0 680.0 140.0 100.0 640.0 180.0 620.0 660.0 660.0 620.0 120.0 600.0 620.0 620.0 680.0 700.0 540.0 120.0 580.0 620.0 140.0 120.0 600.0 600.0 660.0 720.0 560.0 640.0 560.0 660.0 620.0 640.0 600.0 140.0 680.0 720.0 600.0 160.0 180.0 80.0 660.0 0.0 120.0 120.0 100.0 120.0 700.0 680.0 640.0
0.0 660.0 120.0 640.0 620.0 660.0 600.0 600.0 620.0 680.0 640.0 180.0 680.0 680.0 680.0 560.0 660.0 600.0 640.0 700.0 600.0 680.0 100.0 620.0 600.0 680.0 640.0 640.0 180.0 680.0 660.0 700.0 620.0 680.0 100.0 160.0 600.0 600.0 620.0 640.0 660.0 620.0 120.0 160.0 680.0 580.0 520.0 640.0 640.0 680.0 680.0 80.0 680.0 700.0 120.0 120.0 720.0 160.0 600.0 660.0 640.0 700.0 160.0 540.0 660.0 640.0 580.0 740.0 620.0 140.0 620.0 660.0 160.0 140.0 680.0 660.0 640.0 660.0 660.0 680.0 660.0 700.0 620.0 640.0 580.0 160.0 680.0 660.0 620.0 180.0 180.0 140.0 620.0 180.0 0.0 180.0 140.0 140.0 640.0 660.0 640.0
0.0 660.0 200.0 640.0 660.0 700.0 680.0 700.0 700.0 700.0 600.0 200.0 600.0 720.0 680.0 660.0 620.0 700.0 640.0 660.0 700.0 680.0 140.0 700.0 700.0 740.0 640.0 680.0 140.0 640.0 700.0 740.0 720.0 600.0 160.0 180.0 680.0 680.0 720.0 680.0 660.0 660.0 180.0 200.0 700.0 680.0 640.0 600.0 700.0 680.0 660.0 160.0 700.0 680.0 200.0 120.0 720.0 220.0 700.0 660.0 720.0 720.0 140.0 640.0 740.0 680.0 680.0 740.0 700.0 200.0 700.0 740.0 180.0 180.0 660.0 740.0 720.0 700.0 680.0 720.0 620.0 760.0 680.0 700.0 680.0 220.0 740.0 740.0 700.0 220.0 260.0 140.0 720.0 240.0 120.0 0.0 240.0 160.0 680.0 740.0 740.0
0.0 660.0 160.0 640.0 580.0 660.0 600.0 620.0 620.0 600.0 620.0 200.0 620.0 700.0 600.0 580.0 640.0 580.0 620.0 620.0 640.0 680.0 80.0 620.0 620.0 660.0 660.0 640.0 140.0 600.0 640.0 700.0 620.0 620.0 80.0 80.0 560.0 600.0 620.0 540.0 620.0 580.0 120.0 60.0 580.0 600.0 620.0 600.0 640.0 660.0 700.0 80.0 700.0 680.0 120.0 140.0 640.0 200.0 620.0 680.0 640.0 640.0 140.0 640.0 680.0 640.0 660.0 700.0 640.0 160.0 640.0 660.0 160.0 120.0 620.0 640.0 660.0 680.0 660.0 680.0 580.0 620.0 640.0 640.0 600.0 60.0 660.0 680.0 620.0 100.0 140.0 80.0 600.0 160.0 100.0 140.0 0.0 80.0 680.0 660.0 700.0
0.0 680.0 140.0 660.0 580.0 660.0 540.0 560.0 660.0 640.0 640.0 220.0 660.0 680.0 640.0 620.0 660.0 660.0 660.0 600.0 600.0 620.0 60.0 560.0 660.0 700.0 600.0 600.0 140.0 640.0 620.0 640.0 660.0 660.0 60.0 120.0 560.0 580.0 560.0 580.0 640.0 580.0 40.0 120.0 640.0 640.0 640.0 620.0 660.0 640.0 640.0 20.0 700.0 640.0 60.0 80.0 680.0 140.0 640.0 620.0 680.0 680.0 160.0 620.0 620.0 580.0 680.0 740.0 620.0 140.0 660.0 680.0 100.0 100.0 600.0 620.0 660.0 620.0 640.0 620.0 640.0 660.0 620.0 600.0 660.0 160.0 700.0 620.0 600.0 140.0 140.0 120.0 660.0 140.0 160.0 180.0 180.0 0.0 660.0 600.0 680.0
0.0 640.0 640.0 620.0 60.0 600.0 580.0 40.0 600.0 140.0 60.0 680.0 60.0 720.0 560.0 620.0 580.0 660.0 520.0 120.0 140.0 660.0 560.0 80.0 640.0 700.0 640.0 620.0 620.0 660.0 660.0 140.0 160.0 580.0 580.0 640.0 560.0 600.0 600.0 580.0 60.0 580.0 600.0 620.0 140.0 620.0 80.0 560.0 660.0 680.0 620.0 560.0 640.0 640.0 580.0 600.0 160.0 640.0 620.0 660.0 680.0 640.0 600.0 620.0 620.0 80.0 580.0 700.0 100.0 660.0 640.0 660.0 660.0 640.0 120.0 620.0 680.0 140.0 640.0 620.0 640.0 160.0 120.0 120.0 620.0 680.0 700.0 660.0 100.0 660.0 660.0 540.0 140.0 660.0 600.0 620.0 680.0 560.0 0.0 640.0 180.0
0.0 640.0 700.0 120.0 620.0 620.0 120.0 600.0 100.0 660.0 620.0 680.0 620.0 200.0 580.0 140.0 620.0 680.0 600.0 600.0 520.0 660.0 620.0 660.0 660.0 120.0 180.0 540.0 640.0 580.0 80.0 700.0 660.0 640.0 620.0 560.0 100.0 140.0 660.0 120.0 600.0 620.0 660.0 660.0 560.0 640.0 660.0 60.0 640.0 100.0 140.0 620.0 660.0 700.0 620.0 620.0 700.0 660.0 160.0 160.0 180.0 660.0 660.0 680.0 160.0 640.0 140.0 200.0 620.0 680.0 140.0 180.0 640.0 580.0 600.0 660.0 680.0 680.0 160.0 680.0 180.0 640.0 600.0 700.0 660.0 700.0 720.0 720.0 660.0 700.0 640.0 660.0 600.0 660.0 640.0 660.0 680.0 620.0 640.0 0.0 680.0
0.0 660.0 640.0 640.0 140.0 640.0 660.0 120.0 600.0 180.0 120.0 680.0 140.0 620.0 600.0 640.0 660.0 680.0 640.0 160.0 180.0 700.0 640.0 180.0 580.0 680.0 540.0 600.0 580.0 660.0 700.0 160.0 80.0 660.0 640.0 640.0 640.0 580.0 640.0 580.0 140.0 640.0 700.0 620.0 120.0 600.0 180.0 600.0 660.0 660.0 580.0 660.0 660.0 640.0 660.0 660.0 200.0 680.0 620.0 560.0 640.0 680.0 680.0 640.0 620.0 120.0 700.0 740.0 100.0 540.0 640.0 640.0 580.0 680.0 80.0 660.0 600.0 100.0 640.0 640.0 640.0 180.0 140.0 160.0 560.0 700.0 680.0 740.0 100.0 660.0 700.0 640.0 140.0 620.0 680.0 700.0 680.0 660.0 200.0 700.0 0.0
