80 4
2225 16750 8 4
2250 9400 2 3
1600 22150 8 10
1200 16550 2 7
2275 14175 7 6
1750 22175 10 7
25 11225 2 4
900 10575 2 8
2125 9425 9 2
100 22800 7 10
1800 19575 6 7
700 7775 9 8
850 22850 4 8
1550 16700 2 2
650 11325 6 1
325 20425 1 1
1575 22200 2 8
1225 19900 8 8
225 8850 8 9
325 10000 4 7
900 8425 5 5
625 16250 9 4
1200 13675 8 2
1500 13775 4 2
375 22000 4 9
2200 11450 6 9
2000 9975 3 3
2300 12850 1 10
50 22925 5 2
225 21000 5 7
1825 22375 9 4
1925 13750 2 10
2075 12750 7 5
1100 22225 6 7
2025 11375 2 5
1750 8475 6 3
1575 22300 10 5
2375 20500 10 3
475 18300 8 7
850 11475 9 3
1325 8500 9 7
975 22275 8 10
1550 14725 3 5
1025 19550 10 1
1825 19875 2 9
1725 19500 4 9
2250 12225 9 2
575 22250 2 8
1200 7925 2 1
1625 14800 10 10
1075 12000 1 1
1125 22700 2 10
625 19200 1 3
1650 18375 8 6
2150 10925 7 6
1850 10900 6 10
1225 12475 8 4
1550 19950 5 3
1625 21925 10 8
2400 19425 5 10
275 22650 6 7
1100 12625 3 7
850 7950 6 10
300 11950 1 8
100 16875 6 4
1150 19175 3 10
2450 22100 10 7
1550 10200 8 9
1425 22300 7 4
1650 10050 2 10
400 19650 9 9
900 10350 3 3
1825 18750 6 1
925 15750 9 3
1950 21800 2 8
975 19200 6 4
1850 22600 5 10
400 12900 2 7
1725 12825 9 10
275 10800 8 3
SETUP
0 250 350 800 700 550 450 750 725 750 225 425 700 625 450 350 300 675 475 650 675 600 600 500 600 700 775 450 500 675 625 625 575 775 700 600 775 600 700 200 475 700 575 550 525 700 275 600 800 200 975 300 400 200 425 525 425 350 825 600 350 675 325 425 350 475 600 525 600 475 875 375 500 800 575 500 400 400 350 625 450
0 0 325 700 650 825 625 500 600 550 525 825 500 550 575 100 450 825 325 500 625 375 375 400 575 600 800 250 250 550 375 500 375 550 700 550 550 475 450 500 750 550 400 400 425 875 575 575 575 500 725 100 700 500 450 525 200 350 800 350 750 575 475 525 650 250 875 675 375 500 725 700 350 775 700 775 525 525 175 550 575
0 550 0 500 575 700 550 575 475 525 675 825 775 600 350 650 325 575 500 550 775 625 600 200 525 375 775 525 575 375 550 550 550 725 675 600 800 650 400 550 575 425 450 525 250 825 725 275 750 750 850 625 625 700 125 775 450 25 675 300 725 625 350 350 650 475 700 725 325 325 700 575 500 950 650 825 400 375 200 350 625
0 725 1000 0 700 200 750 625 600 625 600 675 725 350 625 575 425 700 625 625 850 725 575 475 800 725 650 475 475 650 500 725 600 675 950 700 975 700 675 550 750 550 550 625 525 850 625 750 700 550 1100 325 725 550 400 275 650 150 800 400 875 675 475 575 775 750 775 875 600 550 900 625 575 1000 250 850 525 350 325 625 750
0 350 650 725 0 875 350 450 450 750 550 900 550 325 600 175 650 850 650 700 500 425 650 425 600 650 725 500 575 600 425 750 625 600 525 675 750 125 275 550 800 675 625 625 475 975 600 550 625 550 800 350 200 525 375 775 250 675 600 525 550 500 400 375 700 575 775 475 550 525 850 700 600 850 625 825 700 600 425 575 225
0 525 850 575 500 0 575 450 400 575 450 550 625 175 450 375 725 725 700 625 900 625 375 275 625 600 475 600 275 450 300 625 700 550 750 675 850 600 475 400 675 350 575 600 325 900 475 550 500 400 925 500 625 400 225 150 450 575 600 375 675 700 475 450 575 550 650 725 400 400 700 650 725 850 50 700 625 400 350 425 650
0 475 675 900 550 550 0 550 575 775 250 925 700 625 475 550 525 900 550 700 675 600 575 600 650 775 775 450 500 550 800 650 575 675 650 600 800 650 400 200 475 750 600 500 650 700 275 675 800 200 825 300 700 200 650 675 425 675 1000 600 625 625 450 425 775 650 600 525 300 600 900 600 550 800 275 500 600 625 375 850 625
0 400 725 925 475 525 150 0 700 375 375 850 775 625 600 500 650 800 550 825 800 450 700 600 775 225 625 600 625 650 400 725 700 725 775 600 900 575 525 325 600 850 525 625 650 725 400 125 600 325 950 425 650 325 550 650 550 700 1075 175 750 550 350 325 675 575 725 650 425 475 1025 725 675 925 400 625 725 700 500 775 675
0 675 875 975 675 925 725 575 0 800 575 925 575 725 800 750 725 950 725 775 875 650 425 675 650 800 325 550 825 575 700 575 650 750 625 700 525 675 425 850 775 800 675 550 725 850 625 700 900 900 875 375 225 575 725 700 475 450 1050 675 725 650 625 625 725 675 325 825 350 775 625 675 600 875 625 1125 725 625 450 625 250
0 550 600 675 650 875 525 575 575 0 750 825 650 250 425 650 575 700 200 650 750 350 350 375 600 675 650 400 300 300 750 625 500 450 675 250 700 675 400 725 650 600 150 550 425 1000 225 575 825 725 700 225 725 700 200 675 350 325 850 400 600 625 250 425 475 375 775 800 500 375 800 625 500 825 775 800 650 425 300 425 675
0 400 450 675 500 875 600 625 575 650 0 825 475 400 250 475 425 775 400 475 600 375 375 375 425 550 550 225 525 550 575 475 350 600 750 375 675 550 575 675 600 525 375 375 425 675 50 700 700 800 800 75 675 725 425 500 200 450 775 600 425 575 450 650 625 625 675 300 500 475 700 500 325 775 550 850 500 500 150 625 700
0 650 450 700 750 775 600 675 600 675 625 0 850 300 50 625 525 575 300 750 750 625 700 400 225 600 700 625 600 575 600 450 725 375 600 275 400 725 500 650 400 625 650 725 450 850 675 525 650 650 1050 450 775 650 350 475 450 450 650 550 725 700 500 475 550 675 200 400 525 500 500 275 700 1025 375 700 600 300 425 450 800
0 700 1000 1025 725 1150 800 1075 975 550 1025 1150 0 800 950 775 1125 950 725 1000 1100 775 900 700 850 1075 650 925 850 625 1050 450 1050 975 1050 775 1050 825 925 650 1150 950 700 600 750 625 750 1050 1225 975 1200 775 900 975 725 750 875 875 1075 950 900 1050 650 950 600 725 1150 1025 825 800 1275 1025 950 1025 1075 925 1075 900 650 950 925
0 375 675 425 500 625 625 500 400 725 600 725 675 0 300 475 775 550 550 550 775 550 525 125 475 725 400 450 600 300 725 475 550 725 600 525 725 575 325 750 525 350 450 450 175 750 650 625 875 750 775 475 625 625 50 675 375 550 600 575 650 550 300 275 575 400 650 650 250 250 550 500 650 750 575 950 550 300 525 275 650
0 625 400 675 725 750 550 650 575 775 600 725 875 275 0 725 500 550 275 800 725 600 725 375 200 625 675 700 625 550 825 675 800 850 575 250 625 700 475 750 350 600 700 700 425 800 625 675 600 750 1025 650 725 600 300 575 425 400 625 700 675 675 475 450 500 650 450 375 500 475 725 250 675 1000 775 675 575 275 575 425 775
0 175 500 675 825 750 550 425 775 650 425 750 425 725 475 0 600 900 475 675 775 275 525 550 650 625 725 425 425 475 275 675 525 450 875 725 725 375 625 400 675 725 475 575 600 900 475 525 475 400 650 275 875 400 425 700 100 500 975 525 800 725 475 450 800 400 800 700 525 575 775 725 525 825 650 675 700 650 325 450 750
0 800 750 925 525 650 475 575 450 475 675 825 875 575 350 700 0 500 200 375 475 600 600 625 525 750 750 700 650 550 775 350 800 525 675 575 575 650 400 675 525 400 525 250 425 975 675 650 575 675 850 650 525 625 125 775 600 350 650 525 725 600 50 350 375 600 650 600 675 175 900 425 200 650 675 800 100 375 525 350 325
0 400 725 775 600 200 550 625 525 550 650 750 825 375 425 500 450 0 600 800 550 675 575 475 600 750 675 650 475 650 500 425 775 600 825 675 950 450 675 600 650 475 700 325 500 975 675 650 650 600 525 500 650 150 200 350 600 675 725 450 550 425 375 350 575 650 775 575 600 200 900 675 275 725 250 900 175 450 550 425 450
0 775 925 850 800 850 425 400 400 700 650 1000 950 425 675 775 450 675 0 650 900 825 750 525 775 600 700 850 700 725 775 575 675 625 475 400 900 475 225 625 900 700 550 675 575 850 700 500 825 625 1100 725 600 525 475 600 750 150 800 475 525 450 475 650 750 800 725 675 625 350 800 850 625 1075 700 625 525 700 325 675 650
0 525 825 775 700 600 425 300 300 600 400 900 850 675 575 625 625 800 550 0 750 625 725 450 675 500 600 625 775 375 675 500 725 525 375 725 800 375 125 375 650 700 725 575 500 875 450 400 850 375 1100 450 525 250 725 725 575 325 950 375 425 350 575 550 650 475 625 575 575 575 700 800 625 850 650 550 700 800 500 900 550
0 700 825 775 600 775 425 300 325 300 450 925 875 550 475 625 750 725 475 925 0 625 625 650 650 525 625 675 525 575 625 625 800 550 400 525 700 400 150 425 700 825 450 600 700 550 500 425 125 425 1000 525 525 425 475 900 625 625 975 400 450 375 525 550 775 675 625 600 650 400 725 725 625 950 300 725 800 650 575 700 200
0 825 875 1100 925 1125 1000 875 925 650 1075 475 900 750 500 925 850 925 775 925 1025 0 800 800 675 1000 1025 675 900 950 875 900 775 850 1075 750 850 775 975 1100 775 950 800 825 850 1275 500 975 500 1100 1250 500 950 850 800 950 625 900 850 775 850 750 875 925 925 1025 675 875 925 925 950 750 775 550 650 875 950 775 575 925 1000
0 725 1025 1000 500 850 800 675 800 900 675 825 1025 800 800 650 500 650 675 725 900 700 0 900 925 875 925 900 725 875 775 750 725 900 925 775 775 600 725 725 450 750 625 675 875 725 725 800 975 875 1150 750 675 775 575 950 525 200 775 800 675 800 525 775 850 500 575 950 625 550 825 350 625 1075 875 925 525 375 375 775 725
0 475 775 325 375 500 525 400 300 600 700 850 575 500 625 525 725 450 625 425 675 450 425 0 650 600 600 325 500 200 650 375 450 625 475 625 600 475 225 650 475 250 350 350 50 650 750 500 775 700 675 550 500 525 400 575 275 450 500 475 525 450 625 600 450 275 600 675 150 125 800 375 550 800 475 925 450 400 500 600 550
0 450 225 500 550 700 375 475 400 600 600 800 750 100 375 550 525 625 100 625 550 500 600 200 0 450 500 525 675 375 750 550 625 675 575 75 800 525 300 575 600 425 525 525 250 825 650 500 425 575 850 550 575 575 125 400 450 225 450 525 500 500 375 350 325 475 725 200 325 325 625 575 525 825 600 700 425 375 400 350 625
0 850 900 700 675 900 775 775 675 575 575 1050 900 750 550 825 950 825 525 825 1050 825 600 400 675 0 625 700 475 575 925 750 475 500 850 725 975 375 600 200 825 625 725 575 425 950 600 650 975 975 1050 625 550 750 750 775 650 650 875 375 775 325 550 525 850 675 950 850 525 500 1050 750 875 1050 850 475 825 775 525 975 575
0 900 1000 1050 625 975 575 850 550 625 800 925 1050 850 650 800 700 900 800 925 575 525 700 750 775 850 0 800 825 675 1025 450 925 625 950 825 1025 750 700 775 875 500 775 350 525 1075 825 750 675 775 950 850 750 775 475 1100 800 825 750 775 1000 925 425 675 600 750 850 950 775 575 1100 775 300 750 675 1050 425 475 825 675 725
0 550 550 825 875 1000 675 550 700 675 625 900 250 400 675 650 825 825 400 500 850 425 600 500 325 350 800 0 550 675 750 675 125 700 850 375 975 625 600 525 750 750 400 825 550 875 675 675 750 700 950 600 450 700 450 700 350 550 750 625 825 600 350 675 650 775 800 500 625 500 475 650 800 950 900 750 725 675 175 650 500
0 750 900 975 425 875 725 675 700 325 800 800 950 575 625 575 600 750 500 825 725 650 125 675 800 700 825 700 0 600 550 600 825 700 950 550 850 525 675 825 575 650 475 525 550 825 525 800 750 875 1025 550 600 750 400 975 550 300 900 100 800 525 300 275 625 525 700 875 650 425 950 450 450 575 900 1025 350 475 475 600 625
0 550 875 400 475 600 600 475 375 700 800 750 650 300 575 625 800 525 575 525 500 275 500 100 725 475 675 425 575 0 750 450 525 550 575 700 425 575 300 650 575 325 425 425 150 725 750 600 600 800 750 500 575 600 350 650 350 525 575 575 625 525 600 575 550 100 700 550 225 225 850 475 550 825 550 775 525 475 550 575 400
0 550 800 925 600 675 275 150 650 375 500 525 925 625 550 650 775 950 550 875 950 600 700 725 725 375 450 725 600 650 0 875 825 650 925 600 900 500 650 475 750 950 525 700 775 850 550 275 200 475 1075 575 775 475 575 800 675 700 1150 300 875 450 475 450 800 725 700 775 575 625 1000 800 750 1075 375 500 875 725 625 725 825
0 825 650 900 700 900 600 850 800 650 575 1125 925 500 775 850 750 975 500 1025 950 725 950 600 425 775 875 675 925 775 700 0 650 800 975 475 1125 650 700 550 825 800 800 375 650 1025 625 675 850 550 975 650 800 550 550 800 775 650 850 650 650 625 775 775 175 875 950 600 725 725 1025 975 825 1150 850 850 825 775 700 750 850
0 450 425 700 750 900 575 525 600 725 625 900 700 275 550 550 725 700 300 400 750 425 500 400 200 650 675 650 450 575 650 625 0 575 750 275 925 525 500 600 725 625 300 725 450 825 675 650 625 575 850 500 350 600 325 600 250 425 650 525 700 475 250 550 525 675 850 400 525 400 825 625 675 975 800 875 600 575 50 550 375
0 425 450 725 475 775 575 450 475 400 625 775 900 300 50 525 500 575 300 500 775 625 725 400 225 250 700 675 650 600 425 700 700 0 550 275 675 550 275 425 400 650 550 750 450 750 575 150 625 775 1050 500 675 575 350 600 450 225 650 175 600 525 375 350 550 600 475 400 550 500 775 300 700 1025 775 700 600 300 400 475 550
0 300 450 800 800 400 675 775 700 800 825 950 800 375 650 400 725 775 400 800 525 600 675 500 300 700 775 550 550 675 675 700 675 850 0 375 850 775 600 800 875 725 700 700 550 1075 875 700 650 775 1025 400 550 50 425 525 500 450 750 650 450 800 675 650 625 550 1000 450 625 475 925 850 650 650 425 1000 675 675 475 650 575
0 400 675 450 500 650 325 425 350 675 550 750 700 25 300 500 475 575 50 575 800 425 550 150 475 625 425 475 625 325 750 500 575 625 500 0 750 475 250 525 525 375 475 475 200 775 600 525 850 525 800 475 550 525 75 625 400 175 625 475 550 425 325 300 600 425 650 675 275 250 575 500 650 750 600 650 550 325 350 300 600
0 375 675 675 675 875 600 625 575 650 650 925 475 550 650 450 425 725 550 475 600 650 375 375 475 575 850 250 525 550 725 75 350 650 850 525 0 600 575 625 800 525 375 375 425 925 700 725 700 600 800 75 675 600 425 500 550 575 775 600 700 575 450 650 225 600 625 675 500 400 700 725 325 775 825 875 500 500 150 625 725
0 850 1000 1275 750 1200 1000 875 875 800 800 1275 1100 850 1025 875 1050 1225 850 600 1175 975 1000 950 775 950 725 875 1000 900 1125 700 575 1100 975 825 650 0 700 950 1200 1125 850 875 775 1275 850 1000 800 950 1275 700 850 850 850 1125 800 900 1200 975 1000 925 800 1075 850 1000 1200 700 1000 950 1050 1075 925 1275 975 1150 825 1100 625 1075 900
0 575 700 1075 575 650 300 175 200 475 525 800 750 650 450 575 825 675 425 850 775 625 600 750 575 400 500 725 775 725 575 650 775 425 275 625 700 275 0 500 775 700 625 475 575 900 575 300 775 500 1050 550 400 300 675 800 650 575 850 275 325 250 450 425 775 700 500 475 525 600 600 700 500 900 575 800 675 675 625 800 450
0 825 1150 1250 975 925 1075 1200 1050 875 950 1100 1175 850 800 875 800 1175 825 1150 1050 1000 675 950 975 1050 1250 925 550 875 1100 925 1050 1025 1225 1025 975 950 1025 0 650 1000 1025 850 1000 1275 1000 950 800 1075 1275 900 1075 575 900 1050 950 850 1250 650 600 1050 825 825 1100 950 775 1175 1075 975 875 1000 800 1125 950 300 875 975 975 1100 900
0 675 900 975 875 400 675 800 800 600 475 925 800 550 700 750 725 775 775 700 900 825 700 675 800 900 850 550 650 850 700 375 650 875 900 750 325 825 625 450 0 750 600 700 700 950 525 925 875 450 1125 400 925 450 600 500 650 875 900 750 825 775 475 675 550 775 150 750 800 625 425 475 650 1025 425 475 825 500 350 825 850
0 475 700 875 150 625 475 350 50 700 625 975 575 450 725 300 775 425 550 700 650 550 475 575 475 575 350 575 725 625 575 350 700 725 675 525 550 250 400 575 750 0 725 575 600 575 675 475 750 675 900 425 275 575 500 725 375 500 250 500 700 650 525 500 225 650 375 625 375 100 600 650 625 925 650 875 600 650 500 650 300
0 575 675 950 550 825 825 750 425 475 600 750 1000 525 275 675 700 650 525 775 875 800 200 650 450 525 700 825 150 725 675 675 800 300 825 500 825 575 575 700 500 700 0 650 675 875 650 450 875 750 550 650 650 750 50 825 700 400 875 250 800 525 300 275 325 675 625 650 750 450 925 525 600 725 625 925 500 275 575 275 675
0 650 875 950 500 775 225 775 475 275 450 825 900 525 700 475 750 850 450 900 900 350 625 625 875 900 775 650 575 550 750 775 775 700 875 500 975 600 600 425 700 425 425 0 675 925 475 850 725 425 600 500 675 425 475 900 450 600 675 675 825 850 500 650 650 650 800 750 525 525 1025 825 750 900 500 725 825 700 575 625 700
0 575 825 550 600 675 625 500 500 700 675 800 525 450 575 675 725 475 600 400 625 400 500 225 600 600 800 300 450 150 750 600 400 600 575 575 550 600 325 750 425 475 300 450 0 750 700 625 750 750 775 625 725 625 350 800 375 625 700 550 625 550 600 575 625 250 550 675 250 350 750 325 550 750 575 900 450 350 450 550 525
0 550 825 825 225 925 550 650 650 675 575 725 750 400 450 375 800 775 400 850 700 625 675 500 625 525 800 700 575 700 625 675 825 700 750 375 875 325 475 25 650 750 750 750 550 0 625 425 800 750 1000 550 400 575 450 975 450 550 825 450 625 525 575 550 775 775 775 675 625 475 875 550 800 400 825 300 900 275 500 650 425
0 350 400 625 450 825 550 575 525 600 775 800 425 500 575 450 375 750 525 425 550 325 325 325 500 525 675 200 475 500 550 425 300 550 800 500 650 500 525 700 750 475 325 325 375 875 0 650 650 750 750 25 625 675 375 450 150 400 725 550 375 525 400 600 575 575 850 675 450 450 675 675 275 725 750 825 450 450 100 575 650
0 300 600 800 350 800 550 425 775 250 650 750 775 500 650 375 725 675 425 775 850 575 600 475 775 100 725 525 525 525 275 600 575 600 875 475 775 450 600 275 700 725 400 675 525 600 450 0 475 725 950 375 525 675 450 625 475 575 950 50 700 425 225 200 550 450 825 825 575 375 925 600 625 1000 650 575 800 575 450 650 575
0 675 775 850 600 1025 700 725 450 175 850 825 750 425 375 500 750 875 350 800 925 525 500 550 550 675 550 575 400 450 750 775 675 450 825 400 850 300 575 850 725 775 325 500 575 975 375 575 0 875 875 400 650 875 375 825 525 500 975 300 750 250 400 450 650 550 750 725 675 550 975 625 650 975 175 650 750 525 475 575 700
0 275 475 700 525 350 250 650 600 675 50 775 500 425 275 375 325 725 450 525 500 400 400 400 450 575 600 275 525 575 625 500 375 625 500 425 600 525 600 25 275 575 400 425 450 525 100 725 600 0 850 100 500 25 450 500 225 500 800 525 425 500 275 250 600 500 400 325 525 400 700 525 375 600 400 300 425 525 175 675 425
0 725 700 975 600 900 850 775 525 725 775 750 525 550 300 750 600 700 550 800 1000 800 100 675 475 900 775 850 800 750 725 625 825 650 875 525 625 525 725 825 550 475 700 725 700 800 700 800 900 850 0 700 725 850 600 625 625 300 725 525 775 475 250 225 575 600 450 675 650 400 725 450 725 975 950 950 625 450 475 225 750
0 725 700 625 600 800 550 550 500 575 750 875 425 500 575 750 350 750 500 425 525 575 325 300 475 500 800 175 450 475 900 400 275 575 775 475 900 550 525 700 725 475 325 325 350 850 800 675 650 725 850 0 625 675 350 450 525 500 725 525 725 500 400 575 575 575 825 675 425 425 650 650 275 700 750 800 450 450 75 575 650
0 625 650 775 475 700 700 575 475 725 375 875 350 500 575 625 500 900 525 575 675 725 475 450 425 675 775 325 625 500 500 550 425 550 425 500 875 575 675 850 725 625 475 475 500 975 425 675 675 875 1025 175 0 350 500 600 550 650 875 675 775 650 550 600 725 600 775 625 575 575 800 625 425 675 750 950 600 400 225 600 50
0 275 575 925 850 350 875 775 750 775 775 900 750 525 650 375 700 750 575 775 500 625 625 625 825 850 825 525 525 800 625 675 625 800 875 825 825 725 625 750 1000 700 650 650 675 1025 825 850 600 750 1000 350 500 0 575 500 450 600 950 625 425 850 725 775 825 500 1000 950 625 425 1000 875 600 600 400 1050 800 750 425 775 550
0 850 625 900 800 775 775 875 700 725 550 700 975 500 250 950 725 600 500 1025 850 825 700 600 425 850 775 775 600 750 750 650 900 675 800 475 775 525 700 700 475 675 725 725 650 850 600 800 825 700 1075 625 625 700 0 800 650 625 850 525 900 500 250 225 575 850 600 600 725 400 875 475 825 975 825 900 775 250 700 225 675
0 850 850 1125 750 1025 1000 875 875 650 1025 425 1175 700 450 875 925 825 725 900 1050 975 450 825 625 475 875 950 350 925 825 575 925 425 950 700 725 825 700 650 800 1000 800 850 875 975 850 575 1025 1050 1275 775 925 975 725 0 875 625 1075 450 1000 800 625 600 725 850 525 825 950 775 825 700 800 925 800 925 700 725 750 875 950
0 200 525 900 850 1025 675 550 800 750 725 650 700 750 650 300 625 975 525 700 800 175 575 600 775 750 850 450 450 750 400 700 575 675 900 750 750 675 650 700 875 750 400 600 625 1075 675 650 600 675 925 300 900 700 425 725 0 550 1000 550 950 775 675 650 725 450 850 875 575 700 925 900 550 725 775 900 725 675 375 650 775
0 825 950 1025 675 750 775 650 625 750 900 1100 950 600 650 850 300 575 500 525 750 800 625 700 725 875 900 825 575 725 1000 625 525 700 825 575 875 650 575 850 825 575 425 550 725 1000 950 775 875 875 975 750 600 700 425 900 625 0 825 650 850 600 350 650 650 825 925 900 500 475 1150 700 500 925 700 1075 400 650 175 650 625
0 750 725 750 600 825 800 725 600 850 500 1000 325 650 700 750 650 1025 650 700 800 750 600 600 575 800 250 450 700 625 625 675 575 675 550 625 975 700 800 950 850 725 600 575 625 950 550 825 825 1000 1150 300 150 475 650 725 675 725 0 800 900 775 675 750 825 725 900 750 725 700 925 750 525 800 875 1075 675 550 375 725 175
0 650 800 875 325 775 650 750 750 225 825 700 850 475 625 475 775 650 400 850 825 550 575 575 775 800 725 600 525 500 675 575 725 600 850 450 750 425 575 775 675 800 375 675 625 775 425 750 875 800 925 450 500 650 400 875 550 550 925 0 800 425 200 175 525 425 800 775 550 325 900 575 700 1050 825 1000 825 600 500 625 525
0 450 750 925 525 500 475 675 450 525 675 500 700 625 525 275 650 825 700 800 450 525 575 650 650 750 750 675 675 575 525 350 475 500 850 725 875 625 575 650 775 400 675 250 425 975 725 650 500 650 850 525 650 650 675 625 350 725 650 675 0 750 700 725 500 650 675 850 650 500 975 650 200 625 550 950 750 375 525 700 650
0 600 625 875 350 825 475 575 600 250 700 750 875 475 225 500 625 700 200 625 850 600 600 575 400 425 300 625 550 475 600 600 600 200 675 450 675 50 400 600 575 675 400 250 350 825 450 325 800 650 850 475 525 650 450 775 600 350 825 50 650 0 225 200 550 475 650 600 575 375 925 475 600 1025 725 800 725 500 525 650 575
0 750 800 900 950 675 850 850 875 925 725 850 825 550 750 850 900 475 550 1025 925 725 675 600 575 925 950 800 625 500 950 400 800 775 875 525 800 825 775 675 500 825 475 725 650 950 775 850 1000 850 1000 650 475 600 525 800 550 700 825 725 800 775 0 750 325 600 625 775 725 150 875 375 675 875 700 950 625 400 700 725 525
0 775 825 925 600 700 725 650 850 500 675 550 850 575 475 750 875 500 450 875 950 600 700 625 600 675 550 825 650 525 525 425 825 450 900 550 825 300 675 625 525 850 500 500 600 625 700 575 725 625 1025 650 500 625 550 825 575 600 850 300 825 275 25 0 350 625 650 800 750 175 900 400 700 900 725 900 650 425 725 750 550
0 700 475 725 800 925 625 725 650 700 850 950 1000 325 600 750 775 875 350 875 800 725 850 450 250 625 725 775 900 625 775 800 475 650 800 325 1050 500 550 800 825 675 775 700 500 875 900 525 675 825 1100 775 650 825 375 625 700 475 700 500 475 475 625 600 0 725 950 450 575 550 875 800 675 1050 850 950 650 625 525 600 675
0 475 775 775 775 875 500 375 400 600 750 900 800 675 500 550 750 700 625 800 525 450 400 475 675 375 700 550 700 375 650 400 675 450 475 725 325 475 225 550 825 700 650 325 500 650 775 500 625 700 650 400 600 525 600 825 275 525 950 475 525 450 675 650 550 0 700 450 150 375 800 725 650 975 475 825 575 600 475 825 650
0 550 875 875 850 850 800 700 775 475 675 800 675 650 725 650 600 650 650 575 775 700 575 550 675 775 925 425 625 750 900 250 525 750 850 625 200 700 675 800 450 725 475 575 600 900 675 825 850 800 1000 275 825 725 500 375 525 750 775 700 900 650 350 725 425 725 0 850 675 500 300 350 525 950 800 925 700 375 225 725 850
0 700 850 950 375 775 600 725 575 600 800 800 900 675 475 525 500 750 675 850 575 725 700 650 650 275 750 825 725 700 775 475 725 625 850 700 950 475 625 450 625 525 725 375 550 1025 800 775 700 800 975 700 550 800 250 900 600 825 700 625 325 575 500 475 625 775 750 0 775 425 1025 525 325 750 800 675 225 475 775 475 500
0 350 650 650 650 750 375 250 275 475 625 775 825 550 525 425 675 775 500 775 725 325 275 350 650 475 575 575 575 250 525 700 700 500 350 700 675 350 100 525 725 575 525 200 375 525 650 375 725 575 525 425 475 400 550 850 150 400 825 350 400 325 550 525 800 350 575 550 0 450 675 625 600 850 350 800 750 475 450 750 525
0 725 875 1100 875 525 800 725 775 850 825 1025 1150 675 750 825 775 325 750 1025 800 875 900 800 650 950 975 925 800 900 825 250 875 850 1100 725 950 775 925 800 650 725 925 575 750 1100 875 850 900 800 850 825 975 475 525 650 700 875 975 675 875 725 700 675 425 950 775 850 925 0 1025 550 525 975 575 1075 500 550 675 750 775
0 550 775 850 825 675 700 750 575 200 525 650 825 450 600 650 750 475 375 825 800 525 525 550 775 800 775 575 475 475 750 600 675 625 575 425 600 850 575 725 300 725 350 725 600 750 400 725 850 725 775 425 675 450 375 550 350 525 625 575 775 800 425 600 650 450 425 800 575 400 0 175 675 1000 525 750 650 200 475 600 700
0 375 700 1000 775 500 775 700 825 675 350 475 775 650 525 475 725 300 675 800 625 350 475 700 700 675 600 575 375 875 575 425 675 850 575 700 425 750 725 550 125 775 575 625 750 575 400 800 675 550 825 400 500 450 500 600 175 675 450 475 750 700 575 625 575 600 250 625 725 225 500 0 575 900 550 575 475 25 475 725 525
0 600 700 775 350 825 275 550 250 325 500 650 750 550 350 500 800 625 500 625 275 400 400 450 475 550 550 525 525 375 725 150 625 325 650 525 750 450 400 475 575 200 475 75 250 775 525 450 400 475 650 550 475 475 525 850 500 525 450 500 700 625 550 650 300 475 575 675 475 300 800 475 0 450 550 775 675 175 550 675 450
0 650 450 725 600 775 600 550 625 775 625 450 900 300 50 750 525 575 300 450 775 625 550 400 225 650 700 700 500 600 850 700 825 625 600 275 675 575 500 775 400 650 350 725 450 850 675 675 650 775 900 675 775 650 350 600 450 450 650 575 725 525 500 475 375 675 475 400 525 500 775 300 725 0 800 700 600 300 100 475 800
0 500 825 975 650 1000 850 725 925 550 675 650 575 800 675 325 825 800 725 1000 950 600 350 875 850 925 925 750 250 775 600 750 850 775 950 775 1025 700 750 725 750 875 700 750 775 1050 725 850 800 725 950 575 825 725 625 1000 425 550 1075 325 650 750 525 500 850 725 850 950 675 550 1075 650 675 800 0 1000 575 350 650 775 850
0 1025 1250 1275 1025 750 925 1075 950 950 825 900 1150 900 850 1125 500 1000 700 875 950 1025 1050 1025 1025 1250 1225 900 1025 1050 1050 750 1025 1000 1175 875 675 1025 900 800 375 900 950 725 925 1275 875 1150 1075 800 1275 750 1025 800 625 850 850 825 1150 1025 1200 1100 550 850 875 1025 500 1100 1075 675 775 825 700 875 800 0 600 850 725 850 825
0 700 675 875 450 550 375 650 350 375 600 725 850 525 275 600 275 550 475 650 375 500 500 575 450 650 650 625 625 475 725 250 725 425 650 500 800 550 500 575 500 300 525 175 350 875 575 550 500 575 775 600 575 575 50 675 600 600 550 450 800 525 300 275 425 575 625 525 575 225 900 525 125 550 600 875 0 275 650 250 300
0 675 750 1000 750 725 925 900 875 675 325 475 800 700 500 775 725 525 725 800 625 650 475 675 675 650 575 550 350 850 850 400 650 825 875 700 725 875 750 825 400 850 700 700 725 850 375 975 675 825 1050 375 775 650 725 825 475 650 725 450 750 875 650 625 575 875 525 600 800 200 775 300 650 925 750 875 675 0 450 925 800
0 800 900 850 775 950 625 475 650 675 725 975 1100 425 525 875 875 875 425 350 1075 825 450 550 700 700 725 850 400 700 875 825 975 525 725 400 875 475 450 675 750 775 250 675 575 1125 775 600 1075 700 800 800 850 600 275 1025 700 575 1025 475 675 425 525 500 575 800 875 875 625 650 975 750 850 950 875 900 750 525 0 500 875
0 775 825 925 625 700 725 675 850 525 675 550 875 575 500 775 750 500 475 900 975 600 700 625 625 700 575 675 650 550 525 425 775 450 925 550 825 300 675 625 525 850 500 500 625 625 500 600 725 625 925 500 525 625 550 825 600 500 850 300 850 275 50 25 375 625 650 800 750 175 900 425 700 750 750 925 675 425 575 0 550
0 625 800 1150 425 725 675 550 875 825 900 950 950 725 975 575 975 1025 750 1125 850 850 975 850 675 775 900 875 875 1025 450 900 975 1025 375 725 850 550 700 875 950 1075 800 1025 900 1250 950 675 650 875 1225 725 600 375 775 850 675 675 1025 700 775 900 575 775 900 850 1075 825 975 700 1275 850 975 950 750 950 1025 850 775 1000 0
