60 2
80 308 486 9 9
36 359 533 8 6
20 411 617 1 3
59 305 515 2 7
97 262 446 1 8
29 324 492 2 1
69 371 573 2 4
1 339 537 8 5
1 339 577 2 5
74 357 535 8 5
46 334 552 6 5
65 354 574 2 8
88 374 584 1 6
78 378 576 10 9
16 336 522 1 5
33 235 465 5 3
62 260 426 6 10
41 255 465 2 6
35 384 592 10 1
27 396 622 8 2
97 346 546 8 7
24 317 551 2 10
60 286 502 5 10
10 398 580 3 2
68 300 512 9 9
80 342 530 7 4
79 254 452 10 6
98 319 551 8 10
45 384 604 3 9
44 331 549 7 4
41 289 491 3 6
78 316 484 2 2
7 385 623 4 5
28 376 590 1 5
96 392 628 9 3
2 353 537 6 6
65 361 539 4 3
12 238 422 2 7
92 240 442 8 9
40 252 426 10 2
65 249 457 4 5
44 319 485 7 6
19 298 536 1 2
100 226 408 3 5
36 299 465 5 9
50 200 440 2 1
46 282 458 4 4
76 250 416 4 9
84 398 596 7 8
8 243 449 3 10
69 258 474 6 4
86 329 547 9 5
3 369 557 1 9
15 268 472 10 9
86 269 485 1 6
92 259 479 6 5
30 358 554 3 6
90 291 501 3 10
31 424 590 4 8
52 276 468 10 7
SETUP
0 48 35 28 36 25 51 37 51 35 35 41 51 48 39 51 51 44 40 36 47 41 36 50 49 48 49 42 36 43 51 39 40 23 35 51 51 32 51 45 43 29 37 40 42 51 42 40 38 47 32 51 36 39 40 45 47 32 38 43 42
0 0 21 26 14 13 25 26 32 17 4 23 35 22 21 29 38 26 6 2 12 18 18 19 18 22 26 33 15 23 16 26 7 26 17 24 22 11 33 3 7 29 11 19 11 22 8 22 17 21 19 28 14 18 7 11 23 17 20 22 12
0 33 0 18 15 25 40 37 44 30 19 35 28 39 34 40 29 18 21 25 31 26 31 36 35 33 38 46 26 27 33 28 19 42 29 29 37 25 45 26 24 41 23 34 26 35 14 34 31 29 21 40 22 29 30 35 34 36 6 32 27
0 34 14 0 20 19 32 19 30 21 25 27 41 31 25 35 43 24 12 8 29 33 28 30 29 20 40 36 9 25 27 32 13 26 27 30 37 29 37 31 18 32 17 32 32 27 14 25 35 27 25 34 29 12 13 17 34 38 19 15 32
0 27 19 21 0 24 31 31 41 28 30 31 22 32 29 31 28 36 17 14 17 15 18 28 27 31 35 33 20 13 26 13 18 35 28 27 35 27 35 12 16 29 23 21 13 29 8 30 33 15 6 29 31 23 18 23 21 22 20 26 14
0 31 29 30 40 0 35 32 44 15 34 21 51 29 19 44 45 47 36 32 40 33 38 44 43 34 40 51 38 36 42 40 33 51 36 39 43 23 31 31 32 38 38 23 26 33 34 20 29 35 33 47 27 41 33 27 48 43 34 44 26
0 35 30 32 12 11 0 30 30 19 17 25 34 35 23 31 39 43 29 25 28 27 20 31 31 20 33 35 31 24 29 25 14 34 19 38 40 23 35 23 20 27 9 32 24 35 16 24 29 19 17 27 27 34 29 34 32 30 22 32 24
0 17 16 31 19 13 22 0 33 2 21 8 30 24 6 24 31 24 11 19 10 26 24 29 28 22 26 38 11 6 26 30 12 29 23 24 29 10 18 17 17 33 16 30 23 20 13 7 16 19 23 33 13 14 20 11 33 30 21 17 23
0 30 28 23 21 10 25 24 0 15 27 18 40 31 16 30 41 29 14 28 25 32 16 30 29 25 27 31 13 21 28 34 15 26 15 34 26 20 28 27 20 32 19 33 33 30 16 17 26 1 27 34 23 16 30 21 27 40 18 20 30
0 16 15 31 29 11 20 18 42 0 20 6 42 23 4 40 30 32 21 17 25 25 23 29 28 34 25 37 28 21 27 29 22 36 22 32 28 8 16 16 17 31 27 30 22 18 20 5 14 20 22 41 12 31 19 27 33 28 20 34 22
0 23 17 22 32 31 32 37 43 22 0 28 42 34 26 26 46 35 24 24 23 14 22 29 29 32 22 37 26 19 28 39 25 35 22 21 29 7 38 14 18 29 29 16 7 33 26 27 13 36 37 28 11 30 17 18 34 36 22 27 8
0 31 22 30 26 25 15 33 39 16 31 0 41 37 20 42 24 39 20 23 27 19 17 31 30 28 30 32 25 27 31 23 21 37 16 27 35 24 11 17 21 39 24 31 36 13 14 21 30 33 16 38 28 28 24 32 31 22 19 32 36
0 5 26 31 18 17 30 31 30 22 9 21 0 27 19 34 15 31 11 7 17 23 23 20 23 19 30 38 20 24 21 31 11 27 22 21 27 15 31 7 12 33 16 24 16 27 13 20 21 26 24 33 19 23 11 16 28 21 25 26 16
0 17 11 18 18 22 20 24 41 26 21 26 39 0 24 30 33 28 15 11 17 13 16 32 32 31 32 31 20 13 30 11 16 38 29 30 38 1 32 19 21 9 20 28 26 34 17 25 7 19 4 26 5 23 11 20 19 20 16 27 26
0 20 24 27 28 7 16 14 38 15 24 2 42 29 0 38 26 35 22 22 21 21 19 25 24 30 31 33 24 17 23 25 22 32 18 28 24 4 12 12 13 37 25 30 31 14 16 1 10 16 18 37 8 27 15 25 29 24 19 30 31
0 34 22 20 15 18 40 31 37 20 24 26 34 32 24 0 40 30 28 27 26 30 23 29 28 27 35 38 28 27 26 14 12 10 22 21 29 19 36 16 17 16 17 28 28 32 13 25 24 26 21 22 22 31 29 36 22 26 12 34 26
0 27 17 24 21 20 25 27 15 12 26 16 28 31 14 27 0 35 17 29 17 34 13 11 10 5 25 28 20 23 27 34 18 18 12 23 31 18 26 26 23 23 19 35 30 28 18 15 23 15 27 23 22 23 28 36 15 8 14 26 30
0 29 28 33 35 24 33 31 41 13 26 19 39 36 17 40 43 0 29 26 27 28 14 28 27 42 27 29 31 24 32 26 29 35 13 40 39 21 29 18 22 40 33 40 33 30 25 18 27 33 19 40 5 34 30 35 32 35 16 37 33
0 28 26 27 8 7 20 31 27 16 13 21 29 22 20 24 36 30 0 21 24 23 17 18 17 16 29 32 27 20 16 21 1 25 16 34 26 20 32 19 6 23 6 20 20 21 3 20 26 16 14 23 23 30 26 30 22 30 19 33 20
0 26 30 31 12 11 24 32 31 20 17 25 33 25 24 28 40 34 4 0 28 27 21 22 21 20 33 36 21 24 20 25 5 29 20 22 30 24 35 23 10 27 10 24 24 25 7 24 29 19 18 27 27 24 5 10 26 34 22 27 24
0 31 26 33 24 26 36 14 25 16 16 21 38 26 20 30 27 19 25 33 0 23 23 29 36 15 36 31 4 20 19 36 26 21 22 29 37 23 32 21 26 26 30 31 23 25 27 20 28 25 29 26 23 7 33 23 41 33 25 10 15
0 28 4 21 18 20 32 33 39 24 22 21 31 34 19 36 32 21 13 28 29 0 29 31 30 29 41 44 29 25 28 31 14 37 28 32 34 12 31 29 19 36 18 33 29 33 15 20 18 28 24 35 16 32 22 38 35 40 9 35 30
0 29 25 34 22 21 21 42 33 30 16 33 25 36 34 37 31 38 28 31 31 22 0 32 32 31 37 15 32 27 30 28 15 39 30 33 35 22 17 26 20 37 20 27 19 19 11 35 21 30 28 37 25 35 30 30 31 37 2 38 19
0 22 19 13 30 17 37 20 31 19 22 24 44 31 22 35 32 25 25 21 6 29 20 0 27 21 33 35 9 26 25 38 25 7 19 35 32 16 34 24 16 13 30 25 29 30 23 23 12 8 35 31 20 12 25 29 32 23 22 16 21
0 23 20 14 11 10 16 21 30 19 17 25 33 21 23 17 33 26 19 22 7 26 20 1 0 20 33 35 10 24 25 24 20 8 19 35 33 16 26 23 17 14 9 26 23 29 19 24 13 9 17 13 20 13 26 30 6 24 22 16 22
0 23 22 27 21 17 26 23 11 8 24 12 24 30 10 38 35 34 24 25 20 30 9 15 21 0 21 24 18 26 23 33 24 21 7 19 27 14 22 21 23 28 28 35 27 24 19 11 20 10 26 34 17 21 24 31 26 34 10 24 28
0 33 19 24 34 21 30 39 44 24 37 27 39 35 28 27 48 19 29 32 25 16 25 30 31 34 0 21 28 35 30 41 29 37 24 23 25 23 26 16 20 28 34 17 9 28 31 29 29 38 37 30 23 32 33 20 36 38 24 29 9
0 23 15 20 21 20 33 35 40 20 26 26 19 31 24 23 34 32 13 25 21 12 21 26 26 29 26 0 24 33 25 34 14 32 20 19 27 22 36 11 16 26 19 13 5 31 16 24 27 29 27 26 25 27 30 16 31 34 20 25 5
0 28 27 30 29 23 32 11 22 13 32 18 35 23 17 35 42 16 22 30 21 35 20 26 33 12 32 28 0 17 34 33 23 18 19 31 39 21 28 28 27 24 27 40 32 31 24 17 26 22 26 35 20 4 31 22 38 30 22 7 32
0 33 30 32 13 12 25 18 29 20 18 25 34 26 24 28 31 23 5 26 4 27 22 23 22 19 34 35 8 0 20 26 6 25 20 33 30 24 35 23 11 28 11 25 25 26 7 24 30 20 19 27 27 11 30 27 27 35 23 14 19
0 32 15 26 6 29 31 29 40 31 26 33 27 37 31 24 33 33 23 19 22 12 11 29 28 30 40 18 19 18 0 18 23 34 33 32 40 24 27 17 21 34 28 27 18 6 13 32 30 20 11 34 28 22 23 28 26 24 12 25 19
0 33 28 25 10 25 30 32 37 25 31 31 32 40 29 20 38 32 22 23 26 25 26 26 26 34 22 32 30 23 34 0 19 29 25 24 32 19 41 22 24 16 24 18 23 39 18 30 25 25 16 16 23 33 28 33 8 32 28 36 23
0 27 25 26 7 6 32 30 26 15 12 21 29 21 19 23 35 29 24 20 23 22 16 17 17 16 29 31 26 20 15 20 0 24 15 33 36 19 31 19 6 22 5 20 19 21 2 20 25 15 13 22 23 29 25 30 22 29 18 33 20
0 25 13 30 27 11 32 22 45 13 28 18 38 25 16 43 30 21 26 27 26 35 14 27 26 35 26 29 29 22 39 31 27 0 12 38 38 9 28 27 29 7 32 33 32 30 24 17 15 32 29 39 13 32 20 30 31 16 15 35 33
0 16 15 28 23 11 20 18 34 1 17 6 26 23 5 31 30 32 22 18 21 23 2 15 15 31 14 17 24 21 27 29 17 22 0 27 26 9 16 16 17 28 21 29 20 18 12 5 14 20 22 27 12 27 19 27 20 28 3 31 21
0 17 16 29 24 12 21 19 35 1 18 7 27 24 5 23 31 33 22 18 22 14 2 16 15 32 15 17 25 22 20 30 17 23 1 0 8 9 17 17 18 28 22 29 21 16 13 6 15 21 23 28 13 28 20 28 20 29 4 31 21
0 22 9 26 24 25 35 32 38 29 26 27 37 34 25 42 38 27 19 23 22 6 35 31 30 32 47 48 21 18 34 37 19 27 34 35 0 6 32 23 24 34 24 36 32 8 21 26 12 34 30 41 10 24 16 33 35 26 14 27 33
0 16 37 36 25 24 31 31 42 31 20 25 46 38 24 38 43 31 18 18 17 34 32 35 34 31 41 46 20 13 32 38 18 38 30 30 37 0 35 18 23 40 23 33 27 37 20 24 6 33 31 40 4 23 11 27 39 33 33 26 27
0 33 12 26 16 15 5 26 34 18 21 23 37 38 21 35 41 29 21 29 21 9 19 25 24 24 31 33 15 17 33 29 19 32 17 17 25 21 0 27 24 31 13 30 28 3 20 22 26 23 22 31 24 18 14 37 25 20 17 22 28
0 27 29 29 19 26 31 24 30 21 26 26 41 20 25 33 36 29 32 28 10 26 25 17 16 25 45 32 13 30 14 31 33 23 32 38 46 21 36 0 5 29 25 40 32 20 27 21 27 24 24 29 24 16 31 30 21 38 26 20 25
0 22 25 25 15 21 27 25 25 27 26 33 37 16 31 28 43 37 28 24 18 22 20 12 12 31 44 28 21 27 10 26 29 19 30 42 44 16 37 25 0 24 20 36 28 16 23 32 22 20 19 24 20 24 27 33 17 33 22 28 28
0 19 31 39 28 20 34 16 39 17 23 23 45 39 21 39 24 34 20 21 20 35 34 35 34 28 37 49 23 16 35 41 21 40 33 32 39 3 33 21 26 0 26 35 30 29 22 22 9 34 34 42 7 26 13 24 39 31 36 29 30
0 26 21 23 3 2 30 28 21 11 8 16 25 30 14 33 30 38 20 16 19 18 12 25 24 11 24 26 22 15 28 16 20 25 10 29 31 14 26 14 19 31 0 23 15 28 11 15 20 10 9 31 18 25 20 25 23 25 13 28 15
0 16 21 7 26 25 38 26 37 24 20 30 35 30 28 32 49 31 19 15 28 31 34 26 26 27 39 42 15 32 24 33 20 30 32 37 38 26 40 18 14 36 24 0 27 30 21 29 32 34 26 38 30 19 20 24 31 32 26 22 27
0 24 11 16 25 26 35 31 36 16 28 21 35 27 19 19 39 28 20 23 17 8 17 22 23 26 26 31 20 30 21 32 21 28 15 15 22 17 31 7 12 22 25 9 0 27 22 20 23 29 30 21 21 23 28 11 28 29 16 21 1
0 34 10 24 24 26 27 24 35 25 29 27 37 35 26 39 39 27 19 31 19 7 29 23 22 24 41 40 13 15 34 37 20 30 28 38 41 19 24 36 25 36 25 28 35 0 21 26 24 30 30 35 22 16 29 35 27 18 15 19 34
0 36 31 27 40 41 42 44 46 41 35 47 50 41 45 32 51 28 34 35 39 28 37 37 36 36 29 49 34 35 35 46 35 41 41 51 47 31 43 38 25 29 39 20 37 21 0 46 37 44 44 28 32 37 39 44 20 39 36 35 38
0 30 29 36 27 6 16 13 40 15 32 20 41 35 18 37 39 36 24 31 23 38 30 41 41 35 34 32 23 19 39 40 24 34 29 37 40 22 30 30 29 40 25 29 32 32 26 0 28 16 33 40 26 27 33 24 33 42 18 30 32
0 10 31 30 24 23 25 36 42 27 14 28 45 32 31 39 48 36 16 12 22 28 28 29 28 31 36 42 25 33 26 34 17 36 27 34 32 21 38 13 17 39 21 29 21 32 18 32 0 31 27 38 24 28 17 21 33 27 30 26 22
0 29 28 22 32 9 31 28 31 14 31 17 39 36 15 29 40 35 31 27 25 31 15 29 28 39 26 30 28 31 27 39 30 35 14 40 25 19 27 27 28 41 34 32 34 29 25 16 25 0 32 41 22 31 29 35 33 39 17 34 29
0 34 13 15 17 18 26 34 38 26 24 30 37 33 29 27 41 30 12 8 34 10 12 29 29 28 29 27 23 30 27 8 12 36 26 29 37 21 29 29 17 23 17 25 30 31 14 29 27 27 0 23 25 26 12 17 15 17 14 29 30
0 19 26 24 14 13 26 16 33 18 19 23 35 28 21 4 25 17 7 21 20 27 23 24 23 22 35 38 23 16 22 18 7 14 22 25 32 4 33 20 12 1 12 26 26 27 9 22 9 22 20 0 7 26 14 25 26 29 16 30 26
0 40 41 46 33 24 36 30 49 32 38 22 51 46 20 41 45 43 25 41 24 38 33 43 42 39 45 48 27 20 40 44 26 45 32 39 43 24 32 32 31 42 30 39 31 34 27 21 30 36 37 41 0 30 34 41 47 44 34 34 31
0 25 24 39 26 20 29 8 40 10 29 15 37 32 14 32 39 13 19 27 18 34 27 36 35 30 34 42 19 14 34 38 19 36 26 32 37 17 25 25 24 32 24 37 31 27 21 14 23 27 31 31 17 0 28 19 40 37 29 25 31
0 36 34 29 41 30 40 27 38 20 37 26 46 39 24 36 50 32 34 37 37 33 21 35 34 28 34 36 16 33 39 48 35 34 20 19 27 22 36 36 36 32 39 23 37 35 31 25 28 38 41 32 26 19 0 26 39 46 23 23 37
0 17 28 30 30 25 34 31 47 14 21 20 39 36 18 35 43 43 23 19 29 27 15 29 28 39 27 30 32 34 32 42 24 35 14 13 21 22 30 19 24 35 28 26 28 29 25 19 28 30 35 34 25 35 24 0 27 34 17 39 28
0 27 33 31 22 21 22 24 40 25 27 31 37 35 29 12 32 24 14 23 24 35 31 19 18 30 32 43 27 24 29 26 15 21 29 33 39 11 41 28 20 9 20 34 34 35 16 30 17 26 28 8 15 31 22 32 0 35 23 34 34
0 43 36 39 28 27 26 33 45 27 23 33 49 42 31 44 46 39 21 41 20 33 28 26 31 34 41 43 23 16 36 38 21 33 27 26 34 30 43 37 26 39 26 38 30 29 23 32 36 33 34 43 33 26 40 41 36 0 30 29 30
0 28 24 36 21 20 45 40 39 28 14 32 23 34 32 35 38 37 33 29 36 21 29 31 30 29 36 44 39 33 28 26 14 37 28 35 43 20 42 28 19 36 18 29 21 30 9 33 26 28 26 35 24 42 30 32 29 43 0 41 21
0 28 27 32 26 22 31 28 16 13 29 17 29 17 15 43 40 39 29 27 25 29 14 20 26 5 26 21 23 29 28 27 29 26 12 24 32 17 27 26 28 25 33 34 25 29 24 16 23 15 20 39 21 26 27 20 31 36 15 0 26
0 28 12 29 26 26 35 30 36 15 30 21 35 26 19 25 40 29 21 29 16 9 16 23 22 27 29 31 20 29 21 37 22 30 15 14 22 17 31 7 11 21 26 35 26 26 23 20 23 30 30 21 20 23 27 11 27 29 17 22 0
SETUP_COST
0.0 960.0 700.0 560.0 720.0 500.0 1020.0 740.0 1020.0 700.0 700.0 820.0 1020.0 960.0 780.0 1020.0 1020.0 880.0 800.0 720.0 940.0 820.0 720.0 1000.0 980.0 960.0 980.0 840.0 720.0 860.0 1020.0 780.0 800.0 460.0 700.0 1020.0 1020.0 640.0 1020.0 900.0 860.0 580.0 740.0 800.0 840.0 1020.0 840.0 800.0 760.0 940.0 640.0 1020.0 720.0 780.0 800.0 900.0 940.0 640.0 760.0 860.0 840.0
0.0 0.0 420.0 520.0 280.0 260.0 500.0 520.0 640.0 340.0 80.0 460.0 700.0 440.0 420.0 580.0 760.0 520.0 120.0 40.0 240.0 360.0 360.0 380.0 360.0 440.0 520.0 660.0 300.0 460.0 320.0 520.0 140.0 520.0 340.0 480.0 440.0 220.0 660.0 60.0 140.0 580.0 220.0 380.0 220.0 440.0 160.0 440.0 340.0 420.0 380.0 560.0 280.0 360.0 140.0 220.0 460.0 340.0 400.0 440.0 240.0
0.0 660.0 0.0 360.0 300.0 500.0 800.0 740.0 880.0 600.0 380.0 700.0 560.0 780.0 680.0 800.0 580.0 360.0 420.0 500.0 620.0 520.0 620.0 720.0 700.0 660.0 760.0 920.0 520.0 540.0 660.0 560.0 380.0 840.0 580.0 580.0 740.0 500.0 900.0 520.0 480.0 820.0 460.0 680.0 520.0 700.0 280.0 680.0 620.0 580.0 420.0 800.0 440.0 580.0 600.0 700.0 680.0 720.0 120.0 640.0 540.0
0.0 680.0 280.0 0.0 400.0 380.0 640.0 380.0 600.0 420.0 500.0 540.0 820.0 620.0 500.0 700.0 860.0 480.0 240.0 160.0 580.0 660.0 560.0 600.0 580.0 400.0 800.0 720.0 180.0 500.0 540.0 640.0 260.0 520.0 540.0 600.0 740.0 580.0 740.0 620.0 360.0 640.0 340.0 640.0 640.0 540.0 280.0 500.0 700.0 540.0 500.0 680.0 580.0 240.0 260.0 340.0 680.0 760.0 380.0 300.0 640.0
0.0 540.0 380.0 420.0 0.0 480.0 620.0 620.0 820.0 560.0 600.0 620.0 440.0 640.0 580.0 620.0 560.0 720.0 340.0 280.0 340.0 300.0 360.0 560.0 540.0 620.0 700.0 660.0 400.0 260.0 520.0 260.0 360.0 700.0 560.0 540.0 700.0 540.0 700.0 240.0 320.0 580.0 460.0 420.0 260.0 580.0 160.0 600.0 660.0 300.0 120.0 580.0 620.0 460.0 360.0 460.0 420.0 440.0 400.0 520.0 280.0
0.0 620.0 580.0 600.0 800.0 0.0 700.0 640.0 880.0 300.0 680.0 420.0 1020.0 580.0 380.0 880.0 900.0 940.0 720.0 640.0 800.0 660.0 760.0 880.0 860.0 680.0 800.0 1020.0 760.0 720.0 840.0 800.0 660.0 1020.0 720.0 780.0 860.0 460.0 620.0 620.0 640.0 760.0 760.0 460.0 520.0 660.0 680.0 400.0 580.0 700.0 660.0 940.0 540.0 820.0 660.0 540.0 960.0 860.0 680.0 880.0 520.0
0.0 700.0 600.0 640.0 240.0 220.0 0.0 600.0 600.0 380.0 340.0 500.0 680.0 700.0 460.0 620.0 780.0 860.0 580.0 500.0 560.0 540.0 400.0 620.0 620.0 400.0 660.0 700.0 620.0 480.0 580.0 500.0 280.0 680.0 380.0 760.0 800.0 460.0 700.0 460.0 400.0 540.0 180.0 640.0 480.0 700.0 320.0 480.0 580.0 380.0 340.0 540.0 540.0 680.0 580.0 680.0 640.0 600.0 440.0 640.0 480.0
0.0 340.0 320.0 620.0 380.0 260.0 440.0 0.0 660.0 40.0 420.0 160.0 600.0 480.0 120.0 480.0 620.0 480.0 220.0 380.0 200.0 520.0 480.0 580.0 560.0 440.0 520.0 760.0 220.0 120.0 520.0 600.0 240.0 580.0 460.0 480.0 580.0 200.0 360.0 340.0 340.0 660.0 320.0 600.0 460.0 400.0 260.0 140.0 320.0 380.0 460.0 660.0 260.0 280.0 400.0 220.0 660.0 600.0 420.0 340.0 460.0
0.0 600.0 560.0 460.0 420.0 200.0 500.0 480.0 0.0 300.0 540.0 360.0 800.0 620.0 320.0 600.0 820.0 580.0 280.0 560.0 500.0 640.0 320.0 600.0 580.0 500.0 540.0 620.0 260.0 420.0 560.0 680.0 300.0 520.0 300.0 680.0 520.0 400.0 560.0 540.0 400.0 640.0 380.0 660.0 660.0 600.0 320.0 340.0 520.0 20.0 540.0 680.0 460.0 320.0 600.0 420.0 540.0 800.0 360.0 400.0 600.0
0.0 320.0 300.0 620.0 580.0 220.0 400.0 360.0 840.0 0.0 400.0 120.0 840.0 460.0 80.0 800.0 600.0 640.0 420.0 340.0 500.0 500.0 460.0 580.0 560.0 680.0 500.0 740.0 560.0 420.0 540.0 580.0 440.0 720.0 440.0 640.0 560.0 160.0 320.0 320.0 340.0 620.0 540.0 600.0 440.0 360.0 400.0 100.0 280.0 400.0 440.0 820.0 240.0 620.0 380.0 540.0 660.0 560.0 400.0 680.0 440.0
0.0 460.0 340.0 440.0 640.0 620.0 640.0 740.0 860.0 440.0 0.0 560.0 840.0 680.0 520.0 520.0 920.0 700.0 480.0 480.0 460.0 280.0 440.0 580.0 580.0 640.0 440.0 740.0 520.0 380.0 560.0 780.0 500.0 700.0 440.0 420.0 580.0 140.0 760.0 280.0 360.0 580.0 580.0 320.0 140.0 660.0 520.0 540.0 260.0 720.0 740.0 560.0 220.0 600.0 340.0 360.0 680.0 720.0 440.0 540.0 160.0
0.0 620.0 440.0 600.0 520.0 500.0 300.0 660.0 780.0 320.0 620.0 0.0 820.0 740.0 400.0 840.0 480.0 780.0 400.0 460.0 540.0 380.0 340.0 620.0 600.0 560.0 600.0 640.0 500.0 540.0 620.0 460.0 420.0 740.0 320.0 540.0 700.0 480.0 220.0 340.0 420.0 780.0 480.0 620.0 720.0 260.0 280.0 420.0 600.0 660.0 320.0 760.0 560.0 560.0 480.0 640.0 620.0 440.0 380.0 640.0 720.0
0.0 100.0 520.0 620.0 360.0 340.0 600.0 620.0 600.0 440.0 180.0 420.0 0.0 540.0 380.0 680.0 300.0 620.0 220.0 140.0 340.0 460.0 460.0 400.0 460.0 380.0 600.0 760.0 400.0 480.0 420.0 620.0 220.0 540.0 440.0 420.0 540.0 300.0 620.0 140.0 240.0 660.0 320.0 480.0 320.0 540.0 260.0 400.0 420.0 520.0 480.0 660.0 380.0 460.0 220.0 320.0 560.0 420.0 500.0 520.0 320.0
0.0 340.0 220.0 360.0 360.0 440.0 400.0 480.0 820.0 520.0 420.0 520.0 780.0 0.0 480.0 600.0 660.0 560.0 300.0 220.0 340.0 260.0 320.0 640.0 640.0 620.0 640.0 620.0 400.0 260.0 600.0 220.0 320.0 760.0 580.0 600.0 760.0 20.0 640.0 380.0 420.0 180.0 400.0 560.0 520.0 680.0 340.0 500.0 140.0 380.0 80.0 520.0 100.0 460.0 220.0 400.0 380.0 400.0 320.0 540.0 520.0
0.0 400.0 480.0 540.0 560.0 140.0 320.0 280.0 760.0 300.0 480.0 40.0 840.0 580.0 0.0 760.0 520.0 700.0 440.0 440.0 420.0 420.0 380.0 500.0 480.0 600.0 620.0 660.0 480.0 340.0 460.0 500.0 440.0 640.0 360.0 560.0 480.0 80.0 240.0 240.0 260.0 740.0 500.0 600.0 620.0 280.0 320.0 20.0 200.0 320.0 360.0 740.0 160.0 540.0 300.0 500.0 580.0 480.0 380.0 600.0 620.0
0.0 680.0 440.0 400.0 300.0 360.0 800.0 620.0 740.0 400.0 480.0 520.0 680.0 640.0 480.0 0.0 800.0 600.0 560.0 540.0 520.0 600.0 460.0 580.0 560.0 540.0 700.0 760.0 560.0 540.0 520.0 280.0 240.0 200.0 440.0 420.0 580.0 380.0 720.0 320.0 340.0 320.0 340.0 560.0 560.0 640.0 260.0 500.0 480.0 520.0 420.0 440.0 440.0 620.0 580.0 720.0 440.0 520.0 240.0 680.0 520.0
0.0 540.0 340.0 480.0 420.0 400.0 500.0 540.0 300.0 240.0 520.0 320.0 560.0 620.0 280.0 540.0 0.0 700.0 340.0 580.0 340.0 680.0 260.0 220.0 200.0 100.0 500.0 560.0 400.0 460.0 540.0 680.0 360.0 360.0 240.0 460.0 620.0 360.0 520.0 520.0 460.0 460.0 380.0 700.0 600.0 560.0 360.0 300.0 460.0 300.0 540.0 460.0 440.0 460.0 560.0 720.0 300.0 160.0 280.0 520.0 600.0
0.0 580.0 560.0 660.0 700.0 480.0 660.0 620.0 820.0 260.0 520.0 380.0 780.0 720.0 340.0 800.0 860.0 0.0 580.0 520.0 540.0 560.0 280.0 560.0 540.0 840.0 540.0 580.0 620.0 480.0 640.0 520.0 580.0 700.0 260.0 800.0 780.0 420.0 580.0 360.0 440.0 800.0 660.0 800.0 660.0 600.0 500.0 360.0 540.0 660.0 380.0 800.0 100.0 680.0 600.0 700.0 640.0 700.0 320.0 740.0 660.0
0.0 560.0 520.0 540.0 160.0 140.0 400.0 620.0 540.0 320.0 260.0 420.0 580.0 440.0 400.0 480.0 720.0 600.0 0.0 420.0 480.0 460.0 340.0 360.0 340.0 320.0 580.0 640.0 540.0 400.0 320.0 420.0 20.0 500.0 320.0 680.0 520.0 400.0 640.0 380.0 120.0 460.0 120.0 400.0 400.0 420.0 60.0 400.0 520.0 320.0 280.0 460.0 460.0 600.0 520.0 600.0 440.0 600.0 380.0 660.0 400.0
0.0 520.0 600.0 620.0 240.0 220.0 480.0 640.0 620.0 400.0 340.0 500.0 660.0 500.0 480.0 560.0 800.0 680.0 80.0 0.0 560.0 540.0 420.0 440.0 420.0 400.0 660.0 720.0 420.0 480.0 400.0 500.0 100.0 580.0 400.0 440.0 600.0 480.0 700.0 460.0 200.0 540.0 200.0 480.0 480.0 500.0 140.0 480.0 580.0 380.0 360.0 540.0 540.0 480.0 100.0 200.0 520.0 680.0 440.0 540.0 480.0
0.0 620.0 520.0 660.0 480.0 520.0 720.0 280.0 500.0 320.0 320.0 420.0 760.0 520.0 400.0 600.0 540.0 380.0 500.0 660.0 0.0 460.0 460.0 580.0 720.0 300.0 720.0 620.0 80.0 400.0 380.0 720.0 520.0 420.0 440.0 580.0 740.0 460.0 640.0 420.0 520.0 520.0 600.0 620.0 460.0 500.0 540.0 400.0 560.0 500.0 580.0 520.0 460.0 140.0 660.0 460.0 820.0 660.0 500.0 200.0 300.0
0.0 560.0 80.0 420.0 360.0 400.0 640.0 660.0 780.0 480.0 440.0 420.0 620.0 680.0 380.0 720.0 640.0 420.0 260.0 560.0 580.0 0.0 580.0 620.0 600.0 580.0 820.0 880.0 580.0 500.0 560.0 620.0 280.0 740.0 560.0 640.0 680.0 240.0 620.0 580.0 380.0 720.0 360.0 660.0 580.0 660.0 300.0 400.0 360.0 560.0 480.0 700.0 320.0 640.0 440.0 760.0 700.0 800.0 180.0 700.0 600.0
0.0 580.0 500.0 680.0 440.0 420.0 420.0 840.0 660.0 600.0 320.0 660.0 500.0 720.0 680.0 740.0 620.0 760.0 560.0 620.0 620.0 440.0 0.0 640.0 640.0 620.0 740.0 300.0 640.0 540.0 600.0 560.0 300.0 780.0 600.0 660.0 700.0 440.0 340.0 520.0 400.0 740.0 400.0 540.0 380.0 380.0 220.0 700.0 420.0 600.0 560.0 740.0 500.0 700.0 600.0 600.0 620.0 740.0 40.0 760.0 380.0
0.0 440.0 380.0 260.0 600.0 340.0 740.0 400.0 620.0 380.0 440.0 480.0 880.0 620.0 440.0 700.0 640.0 500.0 500.0 420.0 120.0 580.0 400.0 0.0 540.0 420.0 660.0 700.0 180.0 520.0 500.0 760.0 500.0 140.0 380.0 700.0 640.0 320.0 680.0 480.0 320.0 260.0 600.0 500.0 580.0 600.0 460.0 460.0 240.0 160.0 700.0 620.0 400.0 240.0 500.0 580.0 640.0 460.0 440.0 320.0 420.0
0.0 460.0 400.0 280.0 220.0 200.0 320.0 420.0 600.0 380.0 340.0 500.0 660.0 420.0 460.0 340.0 660.0 520.0 380.0 440.0 140.0 520.0 400.0 20.0 0.0 400.0 660.0 700.0 200.0 480.0 500.0 480.0 400.0 160.0 380.0 700.0 660.0 320.0 520.0 460.0 340.0 280.0 180.0 520.0 460.0 580.0 380.0 480.0 260.0 180.0 340.0 260.0 400.0 260.0 520.0 600.0 120.0 480.0 440.0 320.0 440.0
0.0 460.0 440.0 540.0 420.0 340.0 520.0 460.0 220.0 160.0 480.0 240.0 480.0 600.0 200.0 760.0 700.0 680.0 480.0 500.0 400.0 600.0 180.0 300.0 420.0 0.0 420.0 480.0 360.0 520.0 460.0 660.0 480.0 420.0 140.0 380.0 540.0 280.0 440.0 420.0 460.0 560.0 560.0 700.0 540.0 480.0 380.0 220.0 400.0 200.0 520.0 680.0 340.0 420.0 480.0 620.0 520.0 680.0 200.0 480.0 560.0
0.0 660.0 380.0 480.0 680.0 420.0 600.0 780.0 880.0 480.0 740.0 540.0 780.0 700.0 560.0 540.0 960.0 380.0 580.0 640.0 500.0 320.0 500.0 600.0 620.0 680.0 0.0 420.0 560.0 700.0 600.0 820.0 580.0 740.0 480.0 460.0 500.0 460.0 520.0 320.0 400.0 560.0 680.0 340.0 180.0 560.0 620.0 580.0 580.0 760.0 740.0 600.0 460.0 640.0 660.0 400.0 720.0 760.0 480.0 580.0 180.0
0.0 460.0 300.0 400.0 420.0 400.0 660.0 700.0 800.0 400.0 520.0 520.0 380.0 620.0 480.0 460.0 680.0 640.0 260.0 500.0 420.0 240.0 420.0 520.0 520.0 580.0 520.0 0.0 480.0 660.0 500.0 680.0 280.0 640.0 400.0 380.0 540.0 440.0 720.0 220.0 320.0 520.0 380.0 260.0 100.0 620.0 320.0 480.0 540.0 580.0 540.0 520.0 500.0 540.0 600.0 320.0 620.0 680.0 400.0 500.0 100.0
0.0 560.0 540.0 600.0 580.0 460.0 640.0 220.0 440.0 260.0 640.0 360.0 700.0 460.0 340.0 700.0 840.0 320.0 440.0 600.0 420.0 700.0 400.0 520.0 660.0 240.0 640.0 560.0 0.0 340.0 680.0 660.0 460.0 360.0 380.0 620.0 780.0 420.0 560.0 560.0 540.0 480.0 540.0 800.0 640.0 620.0 480.0 340.0 520.0 440.0 520.0 700.0 400.0 80.0 620.0 440.0 760.0 600.0 440.0 140.0 640.0
0.0 660.0 600.0 640.0 260.0 240.0 500.0 360.0 580.0 400.0 360.0 500.0 680.0 520.0 480.0 560.0 620.0 460.0 100.0 520.0 80.0 540.0 440.0 460.0 440.0 380.0 680.0 700.0 160.0 0.0 400.0 520.0 120.0 500.0 400.0 660.0 600.0 480.0 700.0 460.0 220.0 560.0 220.0 500.0 500.0 520.0 140.0 480.0 600.0 400.0 380.0 540.0 540.0 220.0 600.0 540.0 540.0 700.0 460.0 280.0 380.0
0.0 640.0 300.0 520.0 120.0 580.0 620.0 580.0 800.0 620.0 520.0 660.0 540.0 740.0 620.0 480.0 660.0 660.0 460.0 380.0 440.0 240.0 220.0 580.0 560.0 600.0 800.0 360.0 380.0 360.0 0.0 360.0 460.0 680.0 660.0 640.0 800.0 480.0 540.0 340.0 420.0 680.0 560.0 540.0 360.0 120.0 260.0 640.0 600.0 400.0 220.0 680.0 560.0 440.0 460.0 560.0 520.0 480.0 240.0 500.0 380.0
0.0 660.0 560.0 500.0 200.0 500.0 600.0 640.0 740.0 500.0 620.0 620.0 640.0 800.0 580.0 400.0 760.0 640.0 440.0 460.0 520.0 500.0 520.0 520.0 520.0 680.0 440.0 640.0 600.0 460.0 680.0 0.0 380.0 580.0 500.0 480.0 640.0 380.0 820.0 440.0 480.0 320.0 480.0 360.0 460.0 780.0 360.0 600.0 500.0 500.0 320.0 320.0 460.0 660.0 560.0 660.0 160.0 640.0 560.0 720.0 460.0
0.0 540.0 500.0 520.0 140.0 120.0 640.0 600.0 520.0 300.0 240.0 420.0 580.0 420.0 380.0 460.0 700.0 580.0 480.0 400.0 460.0 440.0 320.0 340.0 340.0 320.0 580.0 620.0 520.0 400.0 300.0 400.0 0.0 480.0 300.0 660.0 720.0 380.0 620.0 380.0 120.0 440.0 100.0 400.0 380.0 420.0 40.0 400.0 500.0 300.0 260.0 440.0 460.0 580.0 500.0 600.0 440.0 580.0 360.0 660.0 400.0
0.0 500.0 260.0 600.0 540.0 220.0 640.0 440.0 900.0 260.0 560.0 360.0 760.0 500.0 320.0 860.0 600.0 420.0 520.0 540.0 520.0 700.0 280.0 540.0 520.0 700.0 520.0 580.0 580.0 440.0 780.0 620.0 540.0 0.0 240.0 760.0 760.0 180.0 560.0 540.0 580.0 140.0 640.0 660.0 640.0 600.0 480.0 340.0 300.0 640.0 580.0 780.0 260.0 640.0 400.0 600.0 620.0 320.0 300.0 700.0 660.0
0.0 320.0 300.0 560.0 460.0 220.0 400.0 360.0 680.0 20.0 340.0 120.0 520.0 460.0 100.0 620.0 600.0 640.0 440.0 360.0 420.0 460.0 40.0 300.0 300.0 620.0 280.0 340.0 480.0 420.0 540.0 580.0 340.0 440.0 0.0 540.0 520.0 180.0 320.0 320.0 340.0 560.0 420.0 580.0 400.0 360.0 240.0 100.0 280.0 400.0 440.0 540.0 240.0 540.0 380.0 540.0 400.0 560.0 60.0 620.0 420.0
0.0 340.0 320.0 580.0 480.0 240.0 420.0 380.0 700.0 20.0 360.0 140.0 540.0 480.0 100.0 460.0 620.0 660.0 440.0 360.0 440.0 280.0 40.0 320.0 300.0 640.0 300.0 340.0 500.0 440.0 400.0 600.0 340.0 460.0 20.0 0.0 160.0 180.0 340.0 340.0 360.0 560.0 440.0 580.0 420.0 320.0 260.0 120.0 300.0 420.0 460.0 560.0 260.0 560.0 400.0 560.0 400.0 580.0 80.0 620.0 420.0
0.0 440.0 180.0 520.0 480.0 500.0 700.0 640.0 760.0 580.0 520.0 540.0 740.0 680.0 500.0 840.0 760.0 540.0 380.0 460.0 440.0 120.0 700.0 620.0 600.0 640.0 940.0 960.0 420.0 360.0 680.0 740.0 380.0 540.0 680.0 700.0 0.0 120.0 640.0 460.0 480.0 680.0 480.0 720.0 640.0 160.0 420.0 520.0 240.0 680.0 600.0 820.0 200.0 480.0 320.0 660.0 700.0 520.0 280.0 540.0 660.0
0.0 320.0 740.0 720.0 500.0 480.0 620.0 620.0 840.0 620.0 400.0 500.0 920.0 760.0 480.0 760.0 860.0 620.0 360.0 360.0 340.0 680.0 640.0 700.0 680.0 620.0 820.0 920.0 400.0 260.0 640.0 760.0 360.0 760.0 600.0 600.0 740.0 0.0 700.0 360.0 460.0 800.0 460.0 660.0 540.0 740.0 400.0 480.0 120.0 660.0 620.0 800.0 80.0 460.0 220.0 540.0 780.0 660.0 660.0 520.0 540.0
0.0 660.0 240.0 520.0 320.0 300.0 100.0 520.0 680.0 360.0 420.0 460.0 740.0 760.0 420.0 700.0 820.0 580.0 420.0 580.0 420.0 180.0 380.0 500.0 480.0 480.0 620.0 660.0 300.0 340.0 660.0 580.0 380.0 640.0 340.0 340.0 500.0 420.0 0.0 540.0 480.0 620.0 260.0 600.0 560.0 60.0 400.0 440.0 520.0 460.0 440.0 620.0 480.0 360.0 280.0 740.0 500.0 400.0 340.0 440.0 560.0
0.0 540.0 580.0 580.0 380.0 520.0 620.0 480.0 600.0 420.0 520.0 520.0 820.0 400.0 500.0 660.0 720.0 580.0 640.0 560.0 200.0 520.0 500.0 340.0 320.0 500.0 900.0 640.0 260.0 600.0 280.0 620.0 660.0 460.0 640.0 760.0 920.0 420.0 720.0 0.0 100.0 580.0 500.0 800.0 640.0 400.0 540.0 420.0 540.0 480.0 480.0 580.0 480.0 320.0 620.0 600.0 420.0 760.0 520.0 400.0 500.0
0.0 440.0 500.0 500.0 300.0 420.0 540.0 500.0 500.0 540.0 520.0 660.0 740.0 320.0 620.0 560.0 860.0 740.0 560.0 480.0 360.0 440.0 400.0 240.0 240.0 620.0 880.0 560.0 420.0 540.0 200.0 520.0 580.0 380.0 600.0 840.0 880.0 320.0 740.0 500.0 0.0 480.0 400.0 720.0 560.0 320.0 460.0 640.0 440.0 400.0 380.0 480.0 400.0 480.0 540.0 660.0 340.0 660.0 440.0 560.0 560.0
0.0 380.0 620.0 780.0 560.0 400.0 680.0 320.0 780.0 340.0 460.0 460.0 900.0 780.0 420.0 780.0 480.0 680.0 400.0 420.0 400.0 700.0 680.0 700.0 680.0 560.0 740.0 980.0 460.0 320.0 700.0 820.0 420.0 800.0 660.0 640.0 780.0 60.0 660.0 420.0 520.0 0.0 520.0 700.0 600.0 580.0 440.0 440.0 180.0 680.0 680.0 840.0 140.0 520.0 260.0 480.0 780.0 620.0 720.0 580.0 600.0
0.0 520.0 420.0 460.0 60.0 40.0 600.0 560.0 420.0 220.0 160.0 320.0 500.0 600.0 280.0 660.0 600.0 760.0 400.0 320.0 380.0 360.0 240.0 500.0 480.0 220.0 480.0 520.0 440.0 300.0 560.0 320.0 400.0 500.0 200.0 580.0 620.0 280.0 520.0 280.0 380.0 620.0 0.0 460.0 300.0 560.0 220.0 300.0 400.0 200.0 180.0 620.0 360.0 500.0 400.0 500.0 460.0 500.0 260.0 560.0 300.0
0.0 320.0 420.0 140.0 520.0 500.0 760.0 520.0 740.0 480.0 400.0 600.0 700.0 600.0 560.0 640.0 980.0 620.0 380.0 300.0 560.0 620.0 680.0 520.0 520.0 540.0 780.0 840.0 300.0 640.0 480.0 660.0 400.0 600.0 640.0 740.0 760.0 520.0 800.0 360.0 280.0 720.0 480.0 0.0 540.0 600.0 420.0 580.0 640.0 680.0 520.0 760.0 600.0 380.0 400.0 480.0 620.0 640.0 520.0 440.0 540.0
0.0 480.0 220.0 320.0 500.0 520.0 700.0 620.0 720.0 320.0 560.0 420.0 700.0 540.0 380.0 380.0 780.0 560.0 400.0 460.0 340.0 160.0 340.0 440.0 460.0 520.0 520.0 620.0 400.0 600.0 420.0 640.0 420.0 560.0 300.0 300.0 440.0 340.0 620.0 140.0 240.0 440.0 500.0 180.0 0.0 540.0 440.0 400.0 460.0 580.0 600.0 420.0 420.0 460.0 560.0 220.0 560.0 580.0 320.0 420.0 20.0
0.0 680.0 200.0 480.0 480.0 520.0 540.0 480.0 700.0 500.0 580.0 540.0 740.0 700.0 520.0 780.0 780.0 540.0 380.0 620.0 380.0 140.0 580.0 460.0 440.0 480.0 820.0 800.0 260.0 300.0 680.0 740.0 400.0 600.0 560.0 760.0 820.0 380.0 480.0 720.0 500.0 720.0 500.0 560.0 700.0 0.0 420.0 520.0 480.0 600.0 600.0 700.0 440.0 320.0 580.0 700.0 540.0 360.0 300.0 380.0 680.0
0.0 720.0 620.0 540.0 800.0 820.0 840.0 880.0 920.0 820.0 700.0 940.0 1000.0 820.0 900.0 640.0 1020.0 560.0 680.0 700.0 780.0 560.0 740.0 740.0 720.0 720.0 580.0 980.0 680.0 700.0 700.0 920.0 700.0 820.0 820.0 1020.0 940.0 620.0 860.0 760.0 500.0 580.0 780.0 400.0 740.0 420.0 0.0 920.0 740.0 880.0 880.0 560.0 640.0 740.0 780.0 880.0 400.0 780.0 720.0 700.0 760.0
0.0 600.0 580.0 720.0 540.0 120.0 320.0 260.0 800.0 300.0 640.0 400.0 820.0 700.0 360.0 740.0 780.0 720.0 480.0 620.0 460.0 760.0 600.0 820.0 820.0 700.0 680.0 640.0 460.0 380.0 780.0 800.0 480.0 680.0 580.0 740.0 800.0 440.0 600.0 600.0 580.0 800.0 500.0 580.0 640.0 640.0 520.0 0.0 560.0 320.0 660.0 800.0 520.0 540.0 660.0 480.0 660.0 840.0 360.0 600.0 640.0
0.0 200.0 620.0 600.0 480.0 460.0 500.0 720.0 840.0 540.0 280.0 560.0 900.0 640.0 620.0 780.0 960.0 720.0 320.0 240.0 440.0 560.0 560.0 580.0 560.0 620.0 720.0 840.0 500.0 660.0 520.0 680.0 340.0 720.0 540.0 680.0 640.0 420.0 760.0 260.0 340.0 780.0 420.0 580.0 420.0 640.0 360.0 640.0 0.0 620.0 540.0 760.0 480.0 560.0 340.0 420.0 660.0 540.0 600.0 520.0 440.0
0.0 580.0 560.0 440.0 640.0 180.0 620.0 560.0 620.0 280.0 620.0 340.0 780.0 720.0 300.0 580.0 800.0 700.0 620.0 540.0 500.0 620.0 300.0 580.0 560.0 780.0 520.0 600.0 560.0 620.0 540.0 780.0 600.0 700.0 280.0 800.0 500.0 380.0 540.0 540.0 560.0 820.0 680.0 640.0 680.0 580.0 500.0 320.0 500.0 0.0 640.0 820.0 440.0 620.0 580.0 700.0 660.0 780.0 340.0 680.0 580.0
0.0 680.0 260.0 300.0 340.0 360.0 520.0 680.0 760.0 520.0 480.0 600.0 740.0 660.0 580.0 540.0 820.0 600.0 240.0 160.0 680.0 200.0 240.0 580.0 580.0 560.0 580.0 540.0 460.0 600.0 540.0 160.0 240.0 720.0 520.0 580.0 740.0 420.0 580.0 580.0 340.0 460.0 340.0 500.0 600.0 620.0 280.0 580.0 540.0 540.0 0.0 460.0 500.0 520.0 240.0 340.0 300.0 340.0 280.0 580.0 600.0
0.0 380.0 520.0 480.0 280.0 260.0 520.0 320.0 660.0 360.0 380.0 460.0 700.0 560.0 420.0 80.0 500.0 340.0 140.0 420.0 400.0 540.0 460.0 480.0 460.0 440.0 700.0 760.0 460.0 320.0 440.0 360.0 140.0 280.0 440.0 500.0 640.0 80.0 660.0 400.0 240.0 20.0 240.0 520.0 520.0 540.0 180.0 440.0 180.0 440.0 400.0 0.0 140.0 520.0 280.0 500.0 520.0 580.0 320.0 600.0 520.0
0.0 800.0 820.0 920.0 660.0 480.0 720.0 600.0 980.0 640.0 760.0 440.0 1020.0 920.0 400.0 820.0 900.0 860.0 500.0 820.0 480.0 760.0 660.0 860.0 840.0 780.0 900.0 960.0 540.0 400.0 800.0 880.0 520.0 900.0 640.0 780.0 860.0 480.0 640.0 640.0 620.0 840.0 600.0 780.0 620.0 680.0 540.0 420.0 600.0 720.0 740.0 820.0 0.0 600.0 680.0 820.0 940.0 880.0 680.0 680.0 620.0
0.0 500.0 480.0 780.0 520.0 400.0 580.0 160.0 800.0 200.0 580.0 300.0 740.0 640.0 280.0 640.0 780.0 260.0 380.0 540.0 360.0 680.0 540.0 720.0 700.0 600.0 680.0 840.0 380.0 280.0 680.0 760.0 380.0 720.0 520.0 640.0 740.0 340.0 500.0 500.0 480.0 640.0 480.0 740.0 620.0 540.0 420.0 280.0 460.0 540.0 620.0 620.0 340.0 0.0 560.0 380.0 800.0 740.0 580.0 500.0 620.0
0.0 720.0 680.0 580.0 820.0 600.0 800.0 540.0 760.0 400.0 740.0 520.0 920.0 780.0 480.0 720.0 1000.0 640.0 680.0 740.0 740.0 660.0 420.0 700.0 680.0 560.0 680.0 720.0 320.0 660.0 780.0 960.0 700.0 680.0 400.0 380.0 540.0 440.0 720.0 720.0 720.0 640.0 780.0 460.0 740.0 700.0 620.0 500.0 560.0 760.0 820.0 640.0 520.0 380.0 0.0 520.0 780.0 920.0 460.0 460.0 740.0
0.0 340.0 560.0 600.0 600.0 500.0 680.0 620.0 940.0 280.0 420.0 400.0 780.0 720.0 360.0 700.0 860.0 860.0 460.0 380.0 580.0 540.0 300.0 580.0 560.0 780.0 540.0 600.0 640.0 680.0 640.0 840.0 480.0 700.0 280.0 260.0 420.0 440.0 600.0 380.0 480.0 700.0 560.0 520.0 560.0 580.0 500.0 380.0 560.0 600.0 700.0 680.0 500.0 700.0 480.0 0.0 540.0 680.0 340.0 780.0 560.0
0.0 540.0 660.0 620.0 440.0 420.0 440.0 480.0 800.0 500.0 540.0 620.0 740.0 700.0 580.0 240.0 640.0 480.0 280.0 460.0 480.0 700.0 620.0 380.0 360.0 600.0 640.0 860.0 540.0 480.0 580.0 520.0 300.0 420.0 580.0 660.0 780.0 220.0 820.0 560.0 400.0 180.0 400.0 680.0 680.0 700.0 320.0 600.0 340.0 520.0 560.0 160.0 300.0 620.0 440.0 640.0 0.0 700.0 460.0 680.0 680.0
0.0 860.0 720.0 780.0 560.0 540.0 520.0 660.0 900.0 540.0 460.0 660.0 980.0 840.0 620.0 880.0 920.0 780.0 420.0 820.0 400.0 660.0 560.0 520.0 620.0 680.0 820.0 860.0 460.0 320.0 720.0 760.0 420.0 660.0 540.0 520.0 680.0 600.0 860.0 740.0 520.0 780.0 520.0 760.0 600.0 580.0 460.0 640.0 720.0 660.0 680.0 860.0 660.0 520.0 800.0 820.0 720.0 0.0 600.0 580.0 600.0
0.0 560.0 480.0 720.0 420.0 400.0 900.0 800.0 780.0 560.0 280.0 640.0 460.0 680.0 640.0 700.0 760.0 740.0 660.0 580.0 720.0 420.0 580.0 620.0 600.0 580.0 720.0 880.0 780.0 660.0 560.0 520.0 280.0 740.0 560.0 700.0 860.0 400.0 840.0 560.0 380.0 720.0 360.0 580.0 420.0 600.0 180.0 660.0 520.0 560.0 520.0 700.0 480.0 840.0 600.0 640.0 580.0 860.0 0.0 820.0 420.0
0.0 560.0 540.0 640.0 520.0 440.0 620.0 560.0 320.0 260.0 580.0 340.0 580.0 340.0 300.0 860.0 800.0 780.0 580.0 540.0 500.0 580.0 280.0 400.0 520.0 100.0 520.0 420.0 460.0 580.0 560.0 540.0 580.0 520.0 240.0 480.0 640.0 340.0 540.0 520.0 560.0 500.0 660.0 680.0 500.0 580.0 480.0 320.0 460.0 300.0 400.0 780.0 420.0 520.0 540.0 400.0 620.0 720.0 300.0 0.0 520.0
0.0 560.0 240.0 580.0 520.0 520.0 700.0 600.0 720.0 300.0 600.0 420.0 700.0 520.0 380.0 500.0 800.0 580.0 420.0 580.0 320.0 180.0 320.0 460.0 440.0 540.0 580.0 620.0 400.0 580.0 420.0 740.0 440.0 600.0 300.0 280.0 440.0 340.0 620.0 140.0 220.0 420.0 520.0 700.0 520.0 520.0 460.0 400.0 460.0 600.0 600.0 420.0 400.0 460.0 540.0 220.0 540.0 580.0 340.0 440.0 0.0
OUTSOURCING_COST
720 288 60 413 776 58 276 8 5 592 276 520 528 780 80 165 620 246 350 216 776 240 600 30 612 560 790 980 405 308 246 156 35 140 864 12 260 84 828 400 325 308 38 500 324 100 184 684 672 80 414 774 27 150 516 552 180 900 248 520
OUTSOURCING_TARIFF
3
0.000000000 4284.000000000 0.500000000 0.000000000
4284.000000000 8568.000000000 0.425000000 321.300000000
8568.000000000 22800.000000000 0.350000000 963.900000000
