100 5
82 174 8 6
82 754 10 9
35 132 1 8
98 0 4 6
12 602 2 2
59 432 5 3
27 80 1 8
84 653 9 9
4 60 5 2
21 0 3 9
13 0 7 4
4 636 8 8
79 0 7 1
74 492 6 1
78 0 9 6
67 307 3 3
18 0 3 5
84 0 5 6
76 802 2 3
71 533 10 10
1 765 6 5
52 22 1 6
9 387 10 8
21 0 10 1
34 759 8 5
52 430 6 10
10 0 2 1
49 321 10 3
65 364 1 5
67 432 3 8
17 640 8 3
86 185 1 7
19 428 8 6
96 144 8 9
59 0 2 7
96 0 5 1
96 0 7 9
56 320 8 7
38 220 2 4
58 604 7 10
81 467 2 6
47 583 8 1
74 82 9 5
69 224 4 10
58 734 4 9
78 340 9 2
92 234 5 5
92 752 9 6
49 141 9 6
54 0 4 4
30 757 7 9
18 295 6 9
88 173 10 2
55 0 3 7
25 557 8 6
92 788 1 7
59 0 5 5
76 372 10 4
94 95 10 4
77 554 3 1
68 607 3 9
59 196 8 2
46 0 2 8
4 589 5 4
76 111 7 1
46 428 8 1
19 818 3 2
96 790 3 5
8 547 7 2
3 141 3 4
8 0 2 3
89 637 9 4
11 332 4 5
46 0 5 2
51 800 2 8
1 451 7 8
52 241 1 3
30 273 4 2
65 234 9 4
65 22 3 6
36 463 3 10
51 525 4 5
77 103 8 3
87 650 8 3
98 0 6 4
92 480 6 3
30 416 9 3
94 546 3 10
82 236 2 6
48 492 8 10
84 0 5 4
55 254 7 8
49 0 9 8
47 499 10 9
87 680 6 2
64 0 8 8
91 269 3 3
88 625 10 10
9 547 7 6
28 5 10 1
SETUP
0 5 28 26 16 10 27 19 5 13 22 33 18 24 22 14 16 2 21 7 19 14 23 16 29 22 25 19 23 13 28 27 18 22 27 22 29 21 6 24 30 25 31 14 18 22 10 35 22 26 17 20 20 13 26 30 29 22 6 7 24 25 15 20 21 25 30 8 20 5 16 16 19 21 23 7 34 38 33 34 24 29 12 4 7 12 32 16 23 7 13 10 19 34 17 9 15 27 7 20 25
0 0 42 43 48 40 42 35 35 28 35 47 35 45 49 19 41 39 47 38 35 46 28 30 43 31 42 36 28 45 52 35 31 35 32 45 34 23 35 36 32 46 36 35 39 36 28 49 31 47 26 48 37 43 35 47 38 27 38 29 52 45 43 43 51 30 32 44 44 37 30 54 41 43 32 37 36 45 39 40 38 34 39 41 44 43 49 49 26 41 18 37 29 44 45 28 21 42 39 47 24
0 20 0 29 26 32 30 33 27 13 32 42 34 30 41 33 38 24 29 23 27 23 24 36 27 24 38 37 33 23 45 40 37 20 28 23 39 16 15 28 36 31 15 30 33 34 28 35 32 35 26 31 29 29 29 34 31 34 17 23 36 32 35 21 36 26 25 30 37 15 27 30 35 37 10 23 44 15 32 43 20 28 28 27 29 21 18 27 30 34 29 37 31 37 39 27 27 27 17 12 18
0 23 28 0 32 22 2 29 22 20 23 40 9 35 19 6 22 20 22 24 16 22 19 17 25 21 27 23 15 31 29 21 18 15 24 21 21 25 22 3 25 32 10 26 16 11 14 36 11 32 14 21 15 31 25 6 5 15 24 6 33 24 20 22 35 35 32 21 26 22 17 24 8 9 27 25 23 42 24 28 23 29 29 22 11 19 16 30 24 37 30 25 23 41 27 14 8 23 24 20 19
0 30 25 12 0 17 14 31 29 19 19 45 21 14 24 16 31 26 21 22 16 11 29 13 27 19 12 25 26 10 34 24 15 22 24 22 28 36 3 15 34 15 22 26 22 21 16 32 22 17 14 31 24 27 31 18 16 25 3 17 35 31 25 20 34 31 27 32 34 2 14 17 19 21 33 21 31 39 32 32 30 36 27 1 23 9 28 13 21 23 27 25 25 32 35 16 18 29 4 17 30
0 28 28 17 25 0 18 26 27 21 21 46 25 33 27 5 26 25 31 24 16 24 35 15 28 29 15 20 14 23 26 20 17 20 19 29 20 34 18 19 34 34 26 21 21 21 11 34 17 20 9 33 23 29 23 22 21 13 16 15 38 36 25 33 44 34 30 29 30 14 15 28 24 25 34 23 29 40 32 26 23 31 28 16 27 21 32 26 23 32 29 20 20 38 30 11 6 28 16 20 35
0 21 27 31 32 20 0 28 21 20 26 38 8 34 17 24 21 18 20 23 15 25 23 22 29 19 32 21 32 29 27 19 23 13 27 22 19 24 22 1 24 30 8 30 15 9 12 38 9 36 29 20 13 29 23 32 3 24 22 4 36 22 18 20 33 33 33 19 25 21 20 22 6 8 25 23 21 40 22 30 21 27 28 20 9 23 41 29 22 38 29 23 21 39 25 12 20 21 22 19 17
0 28 38 26 31 33 24 0 28 33 26 24 31 22 36 24 29 25 18 29 26 27 34 20 34 26 41 37 33 28 24 25 22 25 38 18 25 36 29 25 28 23 31 23 15 26 29 40 22 38 32 39 17 24 24 32 26 18 19 20 34 10 19 26 22 36 45 31 33 20 21 35 30 32 40 18 34 53 23 40 8 40 32 27 30 24 39 26 28 30 24 34 38 42 34 32 12 8 22 43 41
0 1 33 22 31 6 23 32 0 27 26 29 25 38 32 10 31 30 36 29 21 29 28 20 34 27 21 25 19 26 31 25 22 25 24 29 25 24 23 24 33 23 31 27 26 26 17 39 22 25 15 16 28 28 28 27 26 18 21 20 20 39 17 28 17 31 33 34 35 20 21 30 29 31 33 28 34 45 37 31 28 35 33 21 25 27 37 29 27 31 18 26 25 43 35 16 11 33 21 25 24
0 32 38 33 23 37 35 36 32 0 34 44 41 18 42 20 27 29 31 34 31 20 35 31 44 22 35 32 29 20 42 34 32 25 39 25 36 36 25 36 27 18 36 41 36 34 28 43 32 38 36 42 16 36 38 39 38 28 18 30 38 34 38 23 38 48 44 35 31 17 31 39 40 32 37 35 35 51 21 41 33 39 31 23 34 24 44 23 22 26 36 30 36 46 31 37 22 32 13 39 29
0 13 29 30 29 28 26 24 23 22 0 47 10 34 27 6 25 20 21 25 21 30 25 16 30 27 29 18 15 31 35 21 18 16 27 25 21 26 22 4 25 32 11 30 26 22 9 35 15 33 27 24 24 30 24 34 27 14 25 16 38 24 30 23 35 31 35 26 24 23 17 34 27 29 28 24 27 37 25 27 24 28 30 23 25 30 42 35 3 30 19 20 18 46 29 28 8 24 25 21 20
0 28 40 13 22 33 15 16 28 31 32 0 22 27 32 19 35 27 24 32 29 25 32 26 38 32 28 35 28 19 30 10 28 24 37 5 24 38 23 16 33 28 23 28 21 24 27 45 24 32 27 34 23 27 27 19 18 16 17 19 22 16 18 32 27 39 44 25 39 16 27 36 21 22 24 20 36 54 29 40 14 38 30 21 24 23 29 22 29 36 26 38 36 45 35 27 17 14 12 33 32
0 23 37 31 29 27 27 28 22 31 35 38 0 36 31 28 27 20 33 25 35 32 41 30 37 40 39 28 29 26 29 15 31 15 32 23 15 39 24 28 42 37 22 32 30 16 19 45 31 43 35 14 32 31 38 28 30 27 24 25 39 15 31 38 26 43 48 26 31 23 30 37 30 32 29 25 34 47 37 42 23 29 29 22 25 30 47 30 37 44 31 30 21 46 32 27 21 23 20 29 37
0 16 35 16 25 20 18 18 15 23 17 32 24 0 25 3 18 12 20 17 19 18 22 14 27 5 26 29 12 22 29 19 15 8 27 8 19 28 11 19 31 1 19 25 22 20 20 33 15 31 23 25 20 19 21 22 21 11 17 13 21 17 21 6 21 36 33 18 22 15 14 30 23 15 25 17 27 48 27 24 16 33 22 15 17 22 32 25 20 9 23 13 29 41 22 20 5 15 15 28 33
0 15 38 32 25 17 23 26 14 23 31 43 23 28 0 20 19 12 24 17 29 24 33 26 19 32 30 19 21 23 34 7 27 7 29 32 7 31 16 24 34 28 14 24 22 8 11 23 28 35 25 24 23 23 30 20 26 25 16 17 33 31 24 30 31 35 40 18 23 14 26 29 28 29 21 17 25 39 29 33 15 21 21 14 16 21 42 26 31 36 23 22 19 44 23 19 18 15 16 30 29
0 24 36 25 32 25 23 31 23 25 17 42 22 29 32 0 28 21 34 20 16 27 31 11 24 25 24 29 10 29 33 16 13 16 35 32 16 30 17 17 30 30 22 26 21 17 20 30 13 28 25 29 19 25 19 29 21 9 19 11 42 36 24 30 40 33 31 25 32 21 11 38 22 24 30 19 25 48 36 22 19 30 24 23 26 25 40 33 19 38 25 31 29 41 33 27 2 24 23 28 33
0 18 37 25 30 20 26 27 23 22 26 36 28 37 33 24 0 21 28 16 30 25 22 29 40 13 26 20 12 27 15 20 30 16 25 17 32 28 20 23 27 10 28 24 27 9 12 37 32 30 20 34 16 23 30 31 14 24 17 17 30 13 21 15 24 25 33 27 4 19 29 28 28 11 34 17 26 40 25 24 24 31 21 23 26 23 41 28 28 18 12 21 20 30 5 22 25 24 21 31 38
0 4 26 24 14 8 26 18 3 11 20 31 17 23 24 12 25 0 22 5 18 13 22 15 28 21 23 17 21 12 29 26 16 20 25 21 28 20 4 22 29 24 29 13 16 21 8 34 21 24 16 18 18 12 25 29 27 21 5 6 22 23 13 19 20 24 29 6 29 3 15 18 18 19 31 6 33 36 31 33 22 28 10 3 5 10 31 15 22 32 12 19 17 33 15 8 14 26 5 19 27
0 25 45 26 34 30 27 28 24 31 22 40 31 38 34 27 27 22 0 27 19 14 43 36 41 14 40 35 36 31 37 31 24 17 42 18 31 29 21 25 37 11 29 31 25 32 30 49 36 45 32 35 26 33 26 31 28 25 26 27 31 26 28 15 28 44 34 28 31 24 36 39 33 24 35 27 45 54 27 34 25 40 29 24 27 12 41 34 24 19 33 22 38 25 32 29 28 25 25 37 39
0 13 35 25 14 26 21 13 20 6 20 36 12 23 19 23 25 19 22 0 14 9 17 27 27 16 26 17 28 11 24 25 21 20 21 21 25 32 16 21 24 23 25 8 11 16 8 34 16 21 15 18 13 7 20 27 23 24 1 1 25 23 15 19 34 19 36 25 29 3 27 31 13 14 31 1 28 37 26 29 17 28 5 15 24 7 38 14 22 27 7 19 17 29 29 8 18 21 5 31 33
0 20 29 22 31 24 15 32 19 24 33 35 22 34 28 18 25 17 30 22 0 30 37 28 30 20 36 25 27 28 18 13 30 12 29 29 12 27 21 16 18 22 19 30 6 13 16 30 24 28 32 30 8 27 15 25 17 26 22 19 27 35 9 27 36 40 25 23 29 20 27 35 21 22 24 22 26 44 21 16 21 21 23 19 22 27 35 32 35 30 27 27 25 33 29 25 19 20 22 33 32
0 19 42 20 28 24 22 22 19 27 36 37 29 33 39 26 40 16 22 21 34 0 35 30 44 35 35 33 35 26 35 37 27 11 40 12 36 35 20 23 39 32 23 24 26 31 24 48 30 39 31 29 28 27 35 26 24 29 21 22 25 21 25 10 25 40 43 22 37 19 31 34 27 29 22 21 31 52 34 33 20 40 26 18 21 26 36 29 36 40 27 35 33 46 31 24 23 19 19 34 29
0 14 29 30 23 26 31 12 21 1 35 36 33 18 32 21 25 18 30 23 26 20 0 31 43 22 28 17 30 20 34 35 33 25 5 26 36 23 22 28 27 19 29 7 27 33 9 35 31 30 24 36 17 24 28 35 19 29 19 24 24 22 16 24 34 29 32 24 29 17 31 36 35 32 25 23 35 35 21 32 17 27 28 20 23 24 44 24 22 27 16 20 8 44 29 26 22 20 14 33 16
0 19 31 28 21 15 20 21 25 15 6 32 15 30 26 12 30 23 27 9 6 17 24 0 14 23 30 23 21 19 24 11 2 18 29 28 18 23 24 8 22 27 15 15 11 19 14 20 20 28 22 19 13 14 20 24 22 20 9 10 32 29 15 26 40 23 30 28 25 10 1 38 21 23 26 8 31 43 26 21 25 26 14 22 27 14 38 22 9 35 14 25 23 37 34 17 13 26 12 23 24
0 25 44 39 27 27 18 34 25 29 29 52 15 39 33 24 27 26 38 23 20 25 39 34 0 32 38 27 27 10 23 21 36 21 37 36 21 40 30 19 38 29 26 31 25 16 18 44 24 37 35 5 27 30 34 34 21 32 17 22 44 29 29 34 40 42 44 32 11 19 24 40 21 23 33 23 33 46 40 35 29 35 28 28 27 23 38 13 21 37 29 29 27 40 31 30 25 29 21 37 33
0 33 53 34 42 38 36 36 33 41 35 50 43 47 42 40 29 30 16 35 34 29 51 37 50 0 48 46 40 39 44 34 39 25 50 26 33 29 29 36 47 19 37 42 39 34 37 54 44 53 40 43 36 41 35 40 27 26 34 35 39 35 38 24 39 53 32 36 33 33 37 48 41 32 43 35 52 54 23 47 33 48 40 32 35 26 50 43 37 27 41 30 46 36 33 37 36 33 33 45 50
0 24 13 2 29 23 3 24 23 7 21 41 10 24 12 4 23 21 23 17 18 23 20 15 26 22 0 19 14 26 30 18 16 16 16 22 18 27 20 4 27 25 11 19 17 12 10 21 12 5 8 22 16 21 23 7 6 13 17 7 35 25 16 19 34 19 25 22 27 19 15 23 9 11 23 17 24 27 25 26 23 30 21 23 12 20 17 29 23 31 23 19 19 37 28 10 6 24 19 5 20
0 25 38 27 31 38 28 12 33 31 31 36 35 33 29 29 22 30 27 35 34 29 31 32 39 18 25 0 33 28 33 35 33 32 17 30 35 32 28 29 17 31 27 19 27 30 6 32 33 30 29 33 28 17 35 32 31 30 21 31 36 22 27 34 33 34 23 36 26 20 26 47 34 32 24 29 45 20 30 44 20 25 30 31 35 27 34 31 33 37 21 17 5 49 26 31 23 20 21 30 27
0 38 27 16 33 28 17 33 37 21 35 44 24 38 26 18 33 35 37 31 32 29 34 29 40 36 14 27 0 30 44 32 30 30 26 35 32 32 29 18 40 39 25 28 31 26 18 27 26 19 16 36 30 35 33 21 20 27 21 21 45 32 30 33 43 33 22 16 36 22 29 31 23 25 36 31 38 41 28 13 34 38 35 27 26 26 31 34 37 39 37 27 27 45 37 18 20 34 24 19 34
0 21 42 29 18 34 31 33 34 27 30 54 24 32 35 14 33 34 38 21 30 28 29 25 38 35 30 26 17 0 44 17 26 29 34 38 29 30 20 17 33 32 24 29 32 31 17 43 26 34 31 37 32 23 33 30 33 22 20 22 39 32 35 36 43 39 38 33 34 19 25 34 33 35 31 21 37 45 33 29 33 34 26 18 39 26 45 4 11 40 27 28 26 49 25 29 16 37 21 34 23
0 35 52 40 40 37 42 27 35 30 46 49 43 35 21 37 38 32 43 37 44 38 47 40 40 39 39 29 25 37 0 27 35 27 38 34 27 37 30 38 45 36 34 38 42 28 25 44 48 44 38 40 43 9 28 40 29 42 30 37 27 26 42 36 37 49 45 32 42 29 41 35 47 48 41 31 46 48 36 37 21 42 42 28 22 36 54 39 46 29 37 33 33 18 18 25 38 35 31 44 49
0 23 43 33 24 37 17 23 32 27 30 46 24 33 29 13 37 29 32 24 25 20 26 24 37 35 36 35 23 21 42 0 26 27 31 28 29 29 19 18 40 34 25 18 30 26 27 43 25 31 25 36 29 17 32 13 19 22 12 20 35 33 27 25 40 29 38 35 41 13 24 36 22 24 15 11 37 54 38 35 25 33 29 25 26 17 35 25 32 37 17 36 34 40 41 27 15 31 15 35 22
0 19 44 31 20 33 28 19 27 23 26 30 30 29 25 26 36 25 28 20 20 15 23 33 43 33 32 31 34 17 38 13 0 26 27 27 31 41 22 29 38 29 36 14 26 25 23 43 35 27 21 37 28 13 34 26 31 34 7 20 31 29 22 25 40 21 38 31 40 9 33 37 32 34 27 7 42 50 41 35 23 41 24 21 30 13 44 20 28 33 13 32 30 35 40 22 28 27 11 37 35
0 8 31 29 19 13 25 23 8 16 25 36 22 22 28 17 29 5 18 10 23 18 26 19 33 26 28 22 26 16 28 26 21 0 30 26 25 25 9 25 28 23 31 18 15 26 13 39 22 29 20 18 17 16 24 34 26 18 10 11 27 28 18 24 24 29 33 11 33 8 20 23 22 24 35 10 34 41 23 38 9 33 15 7 10 15 35 20 27 31 16 24 22 38 20 13 12 8 10 23 32
0 17 38 27 28 22 29 8 16 25 33 32 30 25 31 19 37 14 25 19 22 26 35 28 41 30 26 30 29 25 29 33 29 32 0 26 33 33 18 30 35 26 37 3 23 34 22 42 29 26 29 32 24 20 31 33 31 26 18 19 20 18 11 31 29 37 37 20 41 16 28 31 31 33 44 19 41 50 30 28 12 41 23 16 18 23 43 28 35 34 25 32 30 46 26 21 19 16 18 30 40
0 24 36 9 17 28 10 11 23 28 31 34 17 30 27 14 30 22 25 27 25 20 27 25 33 29 23 31 24 14 31 29 27 23 32 0 29 34 18 11 34 31 18 33 24 19 22 44 19 28 22 29 23 33 33 14 13 23 12 14 23 20 13 28 32 42 40 21 34 11 25 32 16 18 35 27 31 50 32 36 19 37 32 17 19 18 24 17 25 39 33 33 31 40 35 22 16 18 8 28 27
0 9 31 25 19 12 17 20 8 16 25 36 22 22 16 14 13 5 18 10 23 18 26 19 32 25 24 13 15 16 28 1 21 1 23 26 0 25 9 18 28 22 7 18 15 2 4 30 22 29 20 18 17 17 24 13 19 18 10 11 27 25 18 24 24 29 33 11 17 8 19 23 22 23 15 10 19 32 23 27 9 15 15 7 10 15 35 20 25 30 16 15 13 38 17 13 12 8 10 24 22
0 31 44 33 41 36 34 31 31 38 36 42 41 41 34 23 22 28 24 33 39 37 44 34 46 9 44 31 33 38 37 30 36 23 35 24 39 0 20 35 43 27 42 38 38 31 24 50 36 49 32 41 38 39 38 38 35 32 32 33 30 35 37 32 46 32 9 34 26 31 34 46 40 33 34 33 43 51 16 45 31 44 38 30 33 34 37 41 20 18 34 22 24 21 27 33 25 31 32 37 42
0 36 24 32 33 39 28 29 35 18 41 52 36 35 35 25 28 32 33 28 38 32 38 36 36 39 33 23 34 37 43 28 37 28 21 43 28 39 0 29 39 36 34 24 39 29 14 40 37 38 12 41 34 34 33 25 31 33 29 29 40 38 32 41 50 31 25 38 32 30 36 35 34 36 31 28 40 39 31 37 33 33 33 34 37 30 27 41 39 34 34 23 23 40 32 13 27 35 31 17 38
0 20 26 30 31 25 22 32 20 19 25 44 7 34 34 28 28 17 30 22 17 29 22 24 28 31 40 34 36 28 35 21 26 12 27 22 21 23 21 0 35 34 8 29 23 22 25 43 12 41 32 20 25 28 27 34 25 26 21 21 35 21 26 19 33 32 32 23 32 20 20 35 28 30 24 22 24 40 21 32 20 26 27 19 22 27 43 31 25 41 28 24 27 43 32 24 20 20 22 18 16
0 23 39 34 37 39 32 38 34 15 15 51 23 32 34 20 31 32 17 37 27 23 31 31 23 2 43 32 29 32 44 35 32 27 36 28 35 30 31 17 0 21 24 38 32 36 23 25 21 34 30 27 27 23 36 39 29 28 29 30 41 36 36 25 40 34 33 38 33 27 10 48 37 34 41 37 30 51 24 41 35 43 14 34 36 20 17 36 17 28 22 32 32 38 35 32 22 35 28 32 33
0 15 34 15 24 19 17 18 14 22 16 32 24 28 24 21 17 11 19 16 29 17 33 26 36 4 30 28 28 21 28 22 27 7 31 7 22 28 10 18 30 0 18 24 21 23 19 43 26 34 22 24 19 23 20 21 20 15 16 17 21 16 20 5 20 35 35 17 21 14 26 29 23 14 24 17 38 47 26 29 15 37 21 14 16 21 31 24 19 8 22 12 28 40 21 19 18 15 14 27 32
0 13 36 34 24 18 29 27 13 21 18 41 20 26 33 22 34 10 23 15 27 22 31 21 26 30 33 27 31 21 32 26 23 5 35 30 26 29 14 13 32 27 0 22 20 27 18 41 23 34 25 17 22 21 29 38 31 19 14 15 32 33 23 28 29 33 38 16 36 13 12 28 27 29 37 15 35 46 28 42 13 37 20 12 15 20 40 24 20 35 21 29 27 42 25 17 13 13 15 28 29
0 15 37 31 25 19 30 6 14 22 31 29 28 23 31 17 34 11 23 16 29 24 32 25 39 27 34 28 26 22 27 30 27 30 34 23 30 31 15 30 33 24 36 0 20 31 19 40 27 24 26 29 22 23 29 37 31 23 16 17 17 15 9 29 27 35 39 17 38 14 26 29 28 30 41 16 39 47 28 38 10 39 21 13 16 21 42 26 33 32 22 29 28 44 26 19 17 13 16 30 38
0 14 24 32 27 19 10 33 14 19 27 30 17 34 27 12 22 27 29 31 24 30 32 23 25 15 34 22 21 24 13 28 24 22 37 23 28 21 27 11 13 17 18 38 0 19 22 29 18 38 28 29 2 21 9 37 12 20 22 13 31 31 4 21 30 42 30 17 26 21 22 30 15 17 32 30 21 38 15 33 31 29 17 27 19 28 30 27 30 24 32 28 27 28 26 21 14 30 17 28 26
0 29 33 24 33 11 26 19 35 29 26 43 33 38 26 15 12 32 25 28 26 30 30 21 34 24 23 12 23 25 27 11 22 27 22 28 28 30 29 27 28 21 25 24 31 0 3 29 28 27 20 39 27 28 31 24 26 21 22 25 41 24 32 26 35 36 35 38 16 24 21 39 31 22 26 22 18 31 36 35 27 23 32 27 35 28 40 20 27 29 24 14 12 41 16 22 17 27 26 28 33
0 31 33 21 30 36 23 16 34 26 39 40 30 37 23 24 17 31 22 33 37 36 27 35 42 27 20 9 28 36 32 30 36 26 19 33 30 27 27 24 25 26 22 21 31 25 0 26 32 25 28 37 32 26 39 27 26 32 29 27 38 26 30 31 37 38 32 37 21 28 34 43 28 27 23 33 43 29 38 40 24 20 29 31 32 33 37 38 37 34 25 11 9 46 21 30 26 24 30 25 30
0 20 22 24 32 28 26 25 23 31 40 41 33 37 40 30 35 20 33 25 38 32 33 34 48 38 29 21 15 30 39 40 36 15 30 16 40 38 24 27 37 38 27 32 30 35 19 0 34 33 30 33 27 31 39 30 28 33 24 26 29 25 28 14 29 35 36 26 39 23 35 38 31 33 32 25 45 37 38 27 23 38 30 22 25 30 40 33 37 45 23 30 18 52 35 28 27 23 23 33 39
0 22 28 28 33 26 11 33 22 24 19 41 12 35 23 16 30 19 31 21 6 29 27 13 26 25 39 28 25 30 24 18 14 14 31 26 18 28 23 5 24 28 9 28 11 19 19 32 0 33 34 25 13 27 20 31 14 25 21 10 32 26 15 24 37 35 30 25 34 22 13 33 17 18 29 21 12 42 26 21 22 27 26 21 20 27 41 33 13 35 27 28 28 39 34 23 18 22 24 23 21
0 22 37 25 33 24 25 19 21 30 36 42 30 35 8 20 26 19 32 24 33 30 35 31 26 29 25 27 28 30 30 14 32 14 12 17 14 38 23 26 27 36 21 14 29 15 18 17 32 0 32 31 17 30 35 22 28 25 23 24 30 26 12 15 30 41 20 25 30 21 31 36 31 32 28 24 32 46 27 26 22 28 28 21 23 28 24 33 38 43 30 29 26 47 30 26 22 22 23 29 36
0 27 35 23 32 28 23 18 26 28 34 41 30 33 24 17 17 23 22 28 31 25 29 28 37 29 22 11 27 34 32 28 30 29 10 33 30 27 25 24 28 26 24 13 32 17 3 29 30 27 0 39 32 28 22 29 24 26 28 26 29 27 21 31 39 40 34 29 21 26 28 41 28 27 25 28 29 31 23 28 22 22 31 26 28 33 39 37 36 23 27 12 11 29 21 2 19 25 28 27 32
0 20 40 37 25 25 14 35 20 32 24 47 10 34 28 29 28 21 33 26 23 21 36 32 32 32 37 29 31 22 38 16 34 16 38 32 16 37 25 14 34 35 21 33 28 17 20 46 20 32 34 0 24 32 36 29 16 34 13 17 39 24 29 30 36 44 46 27 32 14 19 35 16 18 30 26 32 48 35 38 24 31 31 23 22 18 34 26 26 43 32 31 29 41 33 25 27 24 16 32 30
0 25 22 31 39 35 32 32 45 17 26 28 34 34 45 31 41 42 28 44 35 34 42 41 33 13 45 20 40 36 52 38 43 38 36 33 44 38 36 28 11 31 35 39 40 41 25 27 32 45 41 28 0 33 47 37 35 38 34 36 49 41 43 36 51 45 43 48 41 33 20 28 38 40 32 45 19 36 35 50 40 45 16 40 41 31 28 40 28 39 32 36 25 49 45 42 33 39 30 33 39
0 27 44 41 32 28 35 35 26 34 38 54 35 26 12 29 30 24 35 28 35 30 39 32 31 30 40 31 33 29 42 19 33 19 41 34 19 40 22 36 46 27 26 30 33 20 23 35 40 42 33 36 35 0 42 32 38 36 22 29 45 42 36 32 43 41 46 29 34 21 32 41 40 40 33 22 37 51 41 45 13 33 33 20 28 28 48 31 38 21 28 24 31 50 34 31 30 27 22 36 41
0 29 31 29 38 33 31 31 28 25 36 46 18 42 39 35 35 25 20 30 29 25 33 34 16 21 44 33 42 26 19 31 36 21 38 21 31 13 28 12 37 20 19 38 25 31 33 47 23 45 39 21 27 27 0 35 3 23 30 31 32 30 28 19 34 38 21 31 27 28 31 42 36 34 23 30 35 46 28 33 29 20 35 28 30 23 45 29 33 28 36 32 36 23 36 33 31 28 28 24 28
0 24 30 21 26 24 4 25 24 14 17 42 11 29 21 1 24 21 23 20 16 27 14 11 25 22 24 24 10 29 30 16 13 16 18 26 16 27 17 5 27 30 12 20 18 13 16 30 12 28 25 23 16 25 19 0 6 9 19 8 37 25 21 24 37 33 31 23 28 21 11 26 9 11 29 19 24 44 25 22 19 31 24 23 13 25 22 32 19 38 25 27 21 41 28 15 2 24 23 22 20
0 29 29 37 40 34 31 41 29 23 34 52 16 40 43 34 37 26 17 31 26 31 31 32 26 31 49 41 43 36 35 28 33 21 36 31 28 32 30 10 35 28 17 38 23 29 32 45 21 43 41 29 24 37 31 41 0 21 30 30 44 30 26 28 42 35 39 32 37 29 29 39 37 39 33 31 33 43 30 30 29 35 36 28 31 29 46 39 34 36 37 33 36 38 41 33 29 29 31 21 25
0 16 32 32 26 20 24 26 15 23 17 38 25 24 24 20 20 13 25 18 17 25 31 11 25 23 31 20 22 24 29 8 13 8 30 32 8 22 16 19 21 25 15 25 22 9 12 31 29 36 28 25 11 24 11 21 13 0 17 18 34 32 25 29 32 34 31 19 24 15 12 30 29 30 22 18 26 40 30 32 11 22 22 15 17 22 38 27 17 31 24 23 20 33 24 20 19 16 17 31 30
0 27 38 25 13 29 26 30 27 31 19 45 29 22 27 24 29 24 21 29 14 9 39 26 39 26 25 29 27 10 31 26 27 19 31 20 26 40 16 22 31 23 30 32 19 18 21 36 34 20 27 37 21 33 28 26 29 31 0 30 33 29 22 18 33 44 38 30 33 2 26 30 32 34 30 29 35 49 34 29 28 34 34 14 29 6 38 14 21 30 35 32 29 29 33 28 25 27 4 30 33
0 20 34 39 37 25 20 34 20 29 32 40 12 44 23 23 27 31 31 35 21 31 42 26 26 15 38 27 32 34 23 26 28 26 37 34 26 32 35 20 23 27 24 39 11 16 18 39 15 42 34 25 13 32 20 39 22 24 33 0 39 26 14 32 36 49 41 28 31 31 27 40 12 14 39 34 27 46 26 36 34 36 28 33 29 29 40 35 28 35 38 29 27 38 31 32 17 34 28 38 36
0 28 46 34 38 19 26 26 27 40 34 32 22 44 33 18 30 30 35 35 33 33 40 28 42 32 33 14 27 35 34 29 30 26 30 26 28 25 34 27 30 39 34 33 37 29 14 40 30 26 28 13 27 31 36 40 29 26 25 28 0 20 18 24 32 47 34 21 34 27 29 24 29 21 36 36 40 33 40 39 33 33 40 33 11 31 46 38 36 43 35 25 19 40 34 13 19 33 28 38 41
0 27 40 17 25 32 18 19 27 35 39 24 26 39 35 23 33 29 33 34 33 28 36 33 41 31 31 32 32 20 14 27 35 31 34 9 37 34 26 19 29 33 26 23 17 22 23 45 27 36 30 37 19 23 26 22 21 31 20 22 24 0 17 30 12 49 39 29 29 19 33 25 24 26 38 34 25 51 32 30 27 35 34 25 20 26 32 24 31 32 37 34 32 32 32 23 24 27 16 36 35
0 11 43 32 23 16 31 39 10 34 25 39 30 37 39 9 36 28 31 28 24 27 38 19 33 34 31 35 18 20 18 24 21 24 34 38 24 34 25 26 38 33 30 34 29 25 27 38 21 35 25 26 27 27 27 37 30 17 19 19 27 36 0 36 27 41 39 33 40 17 20 40 30 32 38 27 33 54 44 30 27 39 32 24 33 24 47 24 27 41 28 36 35 36 36 26 10 32 14 35 34
0 10 33 11 19 15 12 13 9 18 27 27 20 23 29 17 31 7 20 12 24 19 28 21 34 27 25 24 26 16 25 27 23 2 32 3 27 26 11 13 29 24 14 19 17 21 15 39 21 30 22 20 19 18 25 17 15 20 11 12 16 11 15 0 15 30 33 13 35 10 21 24 18 20 37 12 33 43 24 24 10 34 16 9 12 17 27 20 27 32 18 26 24 39 22 14 13 10 10 25 29
0 21 44 21 26 21 23 23 21 29 38 12 30 38 34 23 28 18 33 23 35 30 38 32 45 31 31 20 26 9 42 22 34 23 30 13 35 23 22 23 37 30 31 29 33 26 12 38 31 36 30 25 35 29 39 27 25 28 22 23 13 28 25 22 0 41 32 18 32 21 32 14 28 30 34 23 38 40 38 38 26 31 28 20 9 28 37 12 20 38 29 22 20 38 31 11 24 26 20 36 32
0 28 40 28 37 12 30 30 27 33 33 54 37 41 36 16 30 25 38 30 28 36 46 27 40 41 27 32 17 35 22 20 28 20 23 41 20 44 29 31 45 40 27 25 33 21 23 41 28 32 21 38 35 31 35 33 33 25 28 26 42 40 34 43 44 0 17 31 34 26 27 27 34 36 34 30 29 36 24 27 28 34 34 27 30 33 35 38 35 44 36 32 32 40 35 23 18 28 28 32 42
0 28 45 31 39 28 33 22 37 35 31 45 36 32 38 15 14 34 37 29 31 34 36 26 37 26 35 24 24 40 29 21 27 29 27 30 31 39 31 32 40 23 36 29 36 22 15 41 27 40 27 42 29 36 29 34 27 23 30 25 43 26 34 28 37 23 0 40 17 32 26 41 37 24 35 30 39 44 7 36 30 35 34 32 39 31 28 41 18 28 25 26 15 43 18 28 17 29 34 38 43
0 27 49 28 36 22 30 29 27 35 42 28 37 41 28 26 22 24 27 29 37 36 43 37 47 25 37 41 33 33 36 35 38 19 35 20 35 17 28 31 39 31 31 30 34 30 32 51 38 41 31 30 28 35 43 34 32 34 28 29 33 29 32 18 33 46 26 0 25 27 37 15 35 23 49 29 46 54 32 41 27 49 34 26 29 34 44 37 37 35 33 16 40 37 26 31 28 27 27 42 46
0 25 37 29 26 16 30 23 32 18 31 47 24 35 31 20 16 29 27 13 26 21 29 25 36 22 27 16 28 23 12 16 27 24 26 25 32 34 28 19 33 18 26 20 23 5 8 34 28 32 25 30 25 19 32 28 10 25 13 13 37 28 27 23 38 31 39 35 0 15 25 43 25 26 30 13 22 36 38 40 29 27 17 27 34 19 44 24 31 26 19 19 16 30 20 20 21 31 17 31 35
0 29 36 23 12 28 25 32 28 30 21 46 27 20 29 22 31 26 20 29 15 10 38 24 38 24 24 31 26 9 33 25 26 21 33 22 27 38 14 24 33 21 31 34 20 19 22 38 33 22 25 39 22 31 29 28 27 31 2 28 35 30 24 19 34 42 38 32 35 0 25 28 30 32 31 30 37 50 35 30 29 36 34 12 31 8 39 12 19 29 35 32 31 30 33 27 24 29 2 28 32
0 19 30 35 35 32 30 30 27 24 6 52 14 40 33 11 30 24 27 29 24 36 29 22 14 32 34 23 20 23 36 27 23 20 33 29 27 30 27 8 30 37 15 35 29 28 14 40 19 38 32 18 30 35 30 40 32 19 29 21 42 28 33 27 40 37 39 30 24 27 0 39 33 35 32 29 31 42 28 32 28 34 34 27 29 34 47 27 8 35 24 25 23 51 35 32 13 27 29 23 23
0 30 35 23 32 7 25 21 29 28 28 39 25 38 21 11 14 27 19 30 23 31 36 22 35 27 22 27 21 25 29 27 23 27 26 30 27 25 15 26 40 24 32 16 28 22 18 41 23 27 16 15 30 36 30 29 28 20 23 21 32 26 24 28 36 38 34 33 18 21 22 0 30 24 41 30 35 46 32 33 25 38 35 23 31 28 39 28 30 31 26 9 27 43 19 18 13 29 23 27 42
0 24 29 28 36 15 14 22 23 24 22 35 15 39 12 19 15 22 28 25 9 20 30 16 24 19 26 16 27 29 27 15 18 17 25 30 18 31 26 9 18 25 13 28 15 4 7 33 4 31 24 28 8 30 23 28 17 20 24 13 35 27 13 27 29 38 34 28 19 25 16 35 0 2 27 24 16 35 29 24 25 24 23 24 23 17 35 23 17 32 27 18 16 40 20 25 21 25 26 26 24
0 22 27 31 34 17 33 37 21 22 25 33 33 39 39 19 37 30 33 26 23 18 42 19 32 18 32 25 28 31 29 25 21 25 36 29 25 39 34 27 16 34 32 33 28 26 28 32 31 36 26 34 6 32 28 37 31 18 26 26 38 38 11 27 28 41 47 35 41 28 19 33 38 0 37 26 24 42 40 38 28 40 21 32 25 15 33 34 27 42 32 37 30 38 42 27 21 33 25 37 42
0 20 29 19 17 24 21 24 19 14 26 38 28 24 34 25 33 18 25 23 20 15 14 29 35 23 29 27 31 14 36 30 31 13 19 13 32 15 5 22 27 25 20 21 26 24 18 43 22 27 16 31 27 26 19 25 22 31 7 23 27 22 26 11 26 35 24 24 37 6 30 33 26 28 0 20 34 40 30 35 10 18 27 17 22 13 31 17 24 32 26 27 22 35 33 18 24 21 7 21 8
0 12 38 25 14 26 27 13 21 17 20 36 24 22 18 24 30 19 22 14 14 9 17 27 37 27 26 25 28 11 32 25 21 20 21 21 25 35 16 23 32 23 30 8 20 19 17 37 29 21 15 31 21 7 28 27 30 30 1 14 25 23 16 19 34 19 36 25 34 3 27 30 26 27 30 0 36 44 34 29 17 35 18 15 23 7 38 14 21 27 6 26 24 29 34 16 24 21 4 31 32
0 35 16 44 41 40 45 32 35 28 39 54 42 45 37 44 42 32 45 35 39 38 39 33 37 39 46 31 48 38 54 33 35 27 37 38 38 31 30 36 47 46 23 39 42 39 26 46 35 30 41 39 41 41 41 46 44 31 32 33 51 42 41 36 51 41 40 38 46 30 34 45 44 46 25 35 0 30 47 54 35 43 40 32 37 36 33 42 41 49 36 37 25 50 46 39 24 35 32 27 33
0 6 37 38 44 42 40 40 40 22 41 28 40 39 54 24 46 40 39 44 40 41 33 35 37 33 48 41 34 41 54 38 37 36 38 30 40 29 39 41 32 39 42 40 45 41 33 21 37 52 31 33 31 49 41 44 42 33 39 34 49 44 36 34 49 36 37 44 46 38 35 54 45 25 35 43 35 0 42 46 42 40 20 42 45 40 49 44 32 46 23 42 34 49 50 33 26 42 34 48 29
0 25 44 31 36 26 30 34 30 29 32 43 35 44 37 27 7 27 35 23 37 32 29 35 38 20 32 27 19 34 22 14 37 23 31 23 38 33 24 30 33 16 34 30 34 15 18 44 37 37 27 40 22 29 22 27 21 31 24 23 36 19 28 21 31 31 40 33 11 25 36 34 33 17 28 23 33 46 0 31 31 37 28 30 32 29 47 35 35 22 19 25 27 36 11 29 29 30 27 37 36
0 30 35 7 28 29 9 21 29 27 29 40 16 37 20 13 23 26 29 31 23 27 26 23 32 28 34 30 22 25 34 26 24 22 14 28 26 32 18 10 32 32 17 16 23 18 21 15 18 13 21 28 22 33 32 13 12 21 19 13 33 20 24 27 31 25 10 28 27 17 23 31 14 16 34 31 30 49 16 0 26 36 36 16 18 24 23 29 27 38 35 32 24 47 27 21 15 29 19 27 26
0 22 48 30 23 33 31 22 28 26 29 45 33 14 28 16 31 26 31 23 24 19 26 27 40 18 35 34 25 20 41 32 28 21 30 21 32 39 25 32 41 15 32 17 29 28 26 46 28 30 24 39 31 16 34 35 34 24 11 24 34 30 26 19 34 28 45 32 35 12 27 37 35 28 38 10 40 53 40 37 0 44 28 24 24 16 45 18 25 22 16 26 34 39 35 26 18 29 14 40 42
0 15 32 22 19 20 24 27 15 17 20 41 22 26 32 21 35 12 25 17 23 18 17 23 27 26 31 29 30 17 34 26 25 7 21 16 26 18 8 15 30 27 2 24 22 27 20 35 25 30 19 19 24 23 22 21 25 21 10 17 30 25 25 14 29 35 27 18 38 8 14 30 24 26 3 17 36 43 29 38 13 0 22 14 17 15 34 20 22 35 23 30 25 38 27 19 14 15 10 24 11
0 10 35 35 24 38 26 26 33 2 36 41 23 19 40 21 28 31 32 36 32 21 36 32 45 23 36 29 30 21 38 29 33 26 31 26 29 32 26 27 24 20 34 33 38 30 20 40 32 39 35 13 14 37 39 40 29 30 19 30 40 35 39 24 39 39 41 37 26 18 31 41 29 31 38 36 29 48 22 43 34 39 0 25 35 25 41 24 23 27 27 31 20 47 33 37 23 34 15 41 30
0 30 24 23 12 22 25 30 29 18 18 44 27 21 29 23 30 26 20 21 16 11 28 12 26 25 24 24 26 9 33 23 14 22 23 22 28 35 2 20 34 22 27 25 21 20 15 32 31 22 13 31 23 26 30 27 27 31 3 22 35 31 25 20 34 31 26 32 34 1 13 29 30 32 32 20 38 39 33 31 30 35 26 0 31 8 29 13 20 30 26 25 24 31 34 15 25 29 3 17 32
0 23 36 24 32 20 26 19 23 29 40 29 33 34 27 24 20 20 25 25 33 26 30 34 45 23 23 12 31 30 35 29 36 15 22 16 33 15 24 27 29 29 25 24 30 18 4 30 35 28 29 28 32 29 38 30 28 32 25 26 29 25 29 14 29 41 24 10 24 23 35 13 31 30 26 25 30 32 30 38 23 23 30 22 0 30 40 33 35 33 28 15 12 30 24 3 26 23 23 28 33
0 22 37 23 31 27 23 25 21 30 14 39 23 35 36 19 32 19 20 24 8 3 38 29 38 23 37 31 28 26 26 20 30 14 37 15 20 34 23 17 26 20 24 27 13 21 22 38 28 35 34 32 15 30 22 28 25 25 23 24 28 23 17 12 27 42 32 25 36 22 30 36 28 30 24 24 34 50 28 23 22 29 28 21 24 0 39 30 16 28 30 31 31 23 33 26 21 22 22 34 32
0 25 40 17 23 30 19 28 24 33 17 42 24 37 24 22 35 22 23 27 11 6 36 33 9 26 30 34 16 19 29 23 33 17 29 18 23 37 25 19 29 23 26 30 17 24 25 33 27 17 31 14 18 33 25 23 21 28 25 22 31 26 20 16 30 45 35 28 20 24 32 39 24 26 27 27 37 53 31 26 25 32 31 23 27 4 0 22 19 31 33 34 34 26 37 29 24 25 25 35 35
0 18 39 26 14 30 27 29 34 24 27 52 29 28 32 11 30 31 35 18 27 25 34 21 35 32 26 22 14 6 41 23 23 26 32 36 26 36 17 23 30 29 30 25 29 27 14 39 23 31 28 35 29 20 29 32 30 19 17 18 42 29 32 34 40 36 35 29 31 16 22 31 30 32 36 18 33 42 39 26 29 33 22 15 36 23 42 0 8 37 24 25 22 45 30 25 12 34 17 31 29
0 11 35 27 35 28 26 22 26 19 20 45 25 32 25 4 23 24 28 23 19 28 27 14 27 24 26 15 13 32 35 19 16 19 25 30 19 33 20 20 23 32 25 27 24 20 6 32 16 31 25 32 22 28 22 32 24 12 22 14 44 21 27 33 33 29 34 28 27 24 14 41 25 27 29 22 26 35 39 25 22 26 27 26 29 28 40 36 0 40 16 17 15 44 27 26 5 27 26 31 34
0 27 27 34 33 28 30 31 30 20 33 45 37 37 16 27 9 27 15 25 27 22 30 38 35 22 35 25 21 30 22 22 38 22 23 25 22 20 3 31 35 19 29 26 32 17 16 36 35 39 14 40 25 30 35 27 23 27 23 26 39 22 30 23 33 33 27 33 13 22 38 36 32 19 16 25 35 41 33 33 26 34 30 29 32 19 29 33 35 0 21 4 25 38 14 15 29 30 23 19 24
0 6 39 32 33 25 31 23 31 11 36 30 18 28 32 24 25 28 30 33 36 31 11 31 44 30 31 19 25 30 35 32 32 32 15 35 32 29 32 32 35 29 32 17 37 26 11 37 32 35 9 31 27 34 30 37 29 28 29 30 34 32 26 34 43 13 30 34 29 27 31 39 36 35 33 33 37 38 31 37 27 30 38 30 33 34 47 34 21 31 0 20 18 29 29 10 22 30 24 35 27
0 23 36 30 35 25 32 32 26 28 31 41 33 40 12 29 6 24 11 22 30 25 28 34 31 18 31 26 17 32 21 19 34 19 30 22 19 16 25 29 32 15 26 29 33 14 17 35 37 36 26 36 21 28 33 32 20 24 22 22 35 18 26 20 29 30 25 30 10 24 34 33 34 16 33 22 32 45 30 29 27 33 26 26 28 22 46 33 33 23 18 0 26 35 10 27 30 27 26 28 41
0 22 33 22 30 33 23 7 28 27 33 31 31 28 24 25 17 25 23 30 32 30 26 27 41 28 21 10 29 32 31 30 29 27 12 25 30 28 28 24 26 27 22 14 22 25 1 27 29 25 25 28 24 26 31 28 26 25 22 27 31 17 23 31 28 29 32 31 21 24 27 42 29 27 23 25 41 29 30 39 15 20 28 27 30 28 38 33 35 34 16 12 0 45 22 26 18 15 25 25 31
0 36 48 37 41 28 35 22 37 42 36 41 31 44 39 27 30 37 38 42 41 40 42 35 49 29 36 11 36 29 24 32 37 32 27 35 32 24 39 36 27 39 37 30 37 33 16 42 39 35 37 22 35 27 35 43 37 24 32 37 10 30 27 33 41 44 33 24 34 30 36 33 38 31 34 40 49 30 23 48 30 35 41 39 20 37 44 33 38 42 32 27 16 0 34 22 29 30 32 41 38
0 22 34 23 33 27 24 27 22 28 39 32 32 42 33 25 27 19 41 24 37 32 40 33 47 32 22 31 8 28 22 34 35 37 21 17 39 24 23 25 37 36 32 23 25 30 22 34 33 26 20 37 27 30 34 28 27 34 23 25 32 8 25 37 20 40 29 23 31 22 34 23 30 32 44 24 33 48 20 20 32 42 29 21 24 29 38 32 39 40 30 31 31 40 0 22 27 34 24 26 41
0 32 33 22 30 27 24 17 34 27 40 40 31 31 24 25 17 32 23 33 38 24 27 35 43 28 21 10 29 36 32 27 37 27 19 33 30 28 28 24 26 27 22 22 31 16 1 27 32 25 28 38 33 26 40 28 26 33 27 27 37 26 30 31 38 38 32 38 21 28 34 44 29 27 23 26 27 29 39 41 25 20 30 31 32 32 38 35 38 34 26 12 10 28 22 0 26 24 30 25 31
0 22 38 37 30 24 22 29 22 24 15 41 20 31 30 20 27 19 32 18 15 26 33 9 23 24 38 27 29 28 32 14 11 14 37 31 14 29 23 16 28 32 20 24 19 15 18 29 11 37 31 28 17 23 17 27 20 7 18 9 41 34 23 28 38 32 37 25 30 19 10 37 20 22 29 17 23 46 34 30 18 29 23 21 24 23 45 31 17 38 23 29 27 40 31 25 0 22 21 32 31
0 20 31 30 23 25 17 20 20 26 18 37 23 14 28 17 22 17 10 21 18 19 26 13 26 18 35 29 26 21 20 18 14 18 31 22 18 28 21 18 20 15 23 15 7 19 21 32 14 30 24 31 9 16 16 31 19 10 11 12 32 30 11 20 34 29 37 23 26 12 13 35 22 24 32 10 26 45 15 33 1 32 24 19 22 16 37 19 21 23 16 26 30 35 26 25 4 0 14 35 33
0 28 34 21 10 26 23 35 32 28 24 49 30 23 32 21 33 29 18 28 18 13 36 23 36 28 22 32 24 7 36 24 24 24 33 25 30 37 12 24 36 24 31 35 24 22 23 41 32 25 23 41 25 30 32 27 26 29 5 27 38 34 27 23 38 41 37 35 37 4 23 26 28 30 34 28 39 49 38 33 32 39 32 11 32 11 37 10 17 32 33 34 32 33 31 25 22 32 0 27 30
0 24 8 35 24 26 32 24 32 2 31 45 23 19 30 21 28 30 18 12 26 21 28 32 34 23 36 29 31 21 35 34 33 26 30 27 34 24 22 32 28 20 23 19 23 27 20 43 27 32 26 29 18 18 31 30 34 30 13 12 36 34 26 24 39 15 31 36 32 14 32 19 24 26 18 12 36 23 22 41 28 36 17 25 35 18 26 25 23 28 18 27 29 41 33 19 23 32 15 0 25
0 12 35 28 25 17 25 18 12 7 30 40 26 24 37 21 29 22 31 27 20 23 6 27 27 15 32 23 30 22 30 32 29 17 11 22 32 7 13 20 33 25 13 13 26 33 15 41 15 35 25 27 23 30 12 32 14 29 15 24 30 28 22 20 28 35 16 28 33 14 25 40 31 33 9 27 27 33 23 35 19 11 32 24 27 21 40 25 27 25 22 26 14 28 34 26 22 25 16 30 0
