80 4
1640 0 9072 8 6
1968 8344 20456 10 9
560 0 7545 1 8
1862 0 6390 4 6
300 814 12986 2 2
885 0 11310 5 3
513 0 7878 1 8
2100 5284 17670 9 9
100 0 6869 5 2
504 0 6124 3 9
260 0 6252 7 4
80 6451 17849 8 8
1185 0 5663 7 1
1332 1537 14255 6 1
1170 0 5703 9 6
1474 0 10552 3 3
414 0 6199 3 5
2016 0 6144 5 6
1368 4806 16036 2 3
1278 1520 13132 10 10
23 8327 20923 6 5
936 0 5944 1 6
162 0 10471 10 8
357 0 5978 10 1
782 3587 14973 8 5
780 1301 13131 6 10
220 0 5684 2 1
1225 0 11688 10 3
1625 402 12386 1 5
1139 0 11495 3 8
306 6018 17454 8 3
1978 0 9071 1 7
361 690 12390 8 6
1728 0 9124 8 9
1239 0 6302 2 7
1920 0 6029 5 1
2208 0 6293 7 9
1120 300 11950 8 7
798 0 9820 2 4
1160 4607 16599 7 10
1377 1922 14500 2 6
893 4024 15600 8 1
1184 0 7878 9 5
1242 0 9093 4 10
986 3778 16418 4 9
1638 0 10558 9 2
1656 0 8787 5 5
1748 6937 18363 9 6
1176 0 7778 9 6
1242 0 6124 4 4
690 7602 19032 7 9
324 0 10242 6 9
2200 0 7731 10 2
825 0 6194 3 7
425 2448 13740 8 6
2024 3412 15852 1 7
1121 0 6236 5 5
1140 0 10868 10 4
1410 0 7617 10 4
1463 159 12531 3 1
1292 3335 15225 3 9
1239 0 8992 8 2
920 0 5767 2 8
60 1503 13797 5 4
1292 0 7484 7 1
782 1780 13262 8 1
399 5579 16921 3 2
1824 3969 15359 3 5
136 4430 16470 7 2
69 0 9075 3 4
120 0 6381 2 3
2136 6058 17318 9 4
198 260 12390 4 5
1104 0 5916 5 2
1020 5200 16796 2 8
17 2763 14487 7 8
936 0 9237 1 3
510 0 10921 4 2
1300 0 9070 9 4
1495 0 6291 3 6
SETUP
0 119 79 178 138 119 158 138 158 119 178 138 178 20 79 119 40 99 138 99 158 138 158 119 119 158 119 158 178 178 119 138 158 197 197 158 79 138 158 138 60 99 158 40 79 158 99 178 119 158 40 138 79 178 158 79 138 158 197 119 138 99 197 138 197 99 158 99 138 138 138 178 138 138 158 138 119 79 138 138 158
0 0 571 670 650 631 591 611 650 631 650 631 670 611 571 119 650 99 650 611 670 611 650 119 138 650 571 611 650 611 60 631 552 138 217 591 158 690 571 650 611 591 138 611 670 138 591 99 611 571 591 650 571 650 591 611 670 631 631 138 138 119 611 631 690 650 670 611 670 532 532 119 197 99 571 552 178 650 631 631 99
0 571 0 650 631 611 631 631 611 158 650 138 178 571 138 611 138 650 690 532 631 571 650 571 670 158 611 650 650 670 611 611 611 670 690 158 631 631 611 79 40 532 631 571 631 631 591 650 158 611 79 158 631 197 650 631 690 138 158 631 631 650 670 611 670 650 158 611 631 591 591 611 670 650 119 99 670 138 571 611 650
0 571 611 0 119 611 631 40 158 670 631 611 670 138 611 591 631 650 670 138 650 631 611 571 650 650 119 631 138 138 611 591 591 670 631 631 611 119 99 591 532 631 552 650 197 650 60 631 611 611 631 591 99 690 138 40 670 631 552 631 571 650 40 631 650 178 631 571 631 60 571 631 631 631 611 571 709 611 99 631 571
0 650 650 178 0 650 631 138 99 690 670 611 650 138 670 552 690 670 650 138 670 611 670 631 611 650 138 591 178 138 670 552 552 690 591 690 690 178 138 631 670 631 670 650 79 631 119 631 670 631 631 611 178 709 138 79 690 631 690 650 670 690 197 650 690 197 650 631 631 178 670 650 690 650 670 631 709 650 178 611 591
0 631 571 650 552 0 79 611 611 670 138 591 611 591 670 512 552 591 158 591 158 60 119 591 591 650 631 40 631 650 631 20 60 650 631 611 591 631 611 611 611 60 631 99 631 650 571 591 631 99 591 571 650 670 591 552 99 650 650 532 591 591 670 138 178 670 611 60 138 631 138 611 631 591 670 631 631 532 611 138 631
0 631 571 631 591 40 0 631 631 631 119 591 650 552 631 552 571 552 99 532 99 20 99 552 611 631 591 79 591 611 591 40 99 631 650 611 611 650 571 571 591 99 631 60 631 611 552 631 670 79 571 611 650 670 532 571 119 670 571 571 591 631 650 79 178 631 611 60 138 650 79 571 650 611 631 611 650 571 552 99 591
0 650 670 138 99 670 670 0 138 631 591 631 650 119 690 571 650 631 670 99 650 611 631 631 631 670 119 591 138 178 571 571 631 670 670 611 611 99 138 571 650 611 532 631 178 650 119 591 670 631 631 552 197 670 197 99 631 670 670 690 650 631 158 611 631 178 631 611 670 158 670 591 611 611 650 650 690 591 60 650 532
0 611 591 178 40 631 611 158 0 690 631 611 670 138 650 571 670 631 670 99 670 611 611 631 631 571 158 611 158 158 650 591 571 670 611 631 670 119 158 631 631 591 670 650 119 591 99 571 670 670 650 631 158 690 119 99 631 650 650 571 631 631 197 631 690 178 650 591 532 138 650 650 709 611 670 552 690 571 138 571 611
0 591 158 670 670 650 631 631 650 0 650 138 217 650 158 650 178 650 709 631 690 631 631 611 650 79 591 690 670 650 650 631 631 670 709 158 690 631 631 138 158 611 631 670 670 611 591 591 99 650 178 138 571 217 650 571 650 158 178 591 631 650 690 631 709 690 158 611 552 611 631 670 709 611 158 119 709 79 650 591 631
0 650 650 591 591 178 158 631 571 690 0 650 709 650 650 631 631 631 158 611 178 119 99 631 670 631 650 158 650 690 591 119 119 650 650 631 690 611 650 650 611 158 591 138 591 650 650 611 670 99 650 552 650 690 670 631 79 690 631 631 670 631 631 60 119 690 670 119 99 611 119 631 591 591 650 611 709 631 650 138 591
0 670 99 650 650 591 611 670 670 158 670 0 138 650 178 611 79 631 690 611 631 611 670 631 650 158 631 611 631 690 670 611 631 670 670 178 631 690 650 158 119 571 650 650 709 650 631 670 138 670 138 138 670 178 631 611 611 197 158 611 611 631 690 611 749 611 40 571 690 631 631 591 670 631 178 79 631 40 650 650 650
0 611 99 591 591 532 591 611 611 99 631 119 0 611 99 552 79 611 670 591 670 591 650 611 611 138 591 571 670 670 631 552 591 650 650 138 611 650 571 138 99 591 571 631 670 670 611 631 138 631 119 99 611 158 611 571 631 178 119 571 631 631 611 552 670 571 138 591 650 631 631 631 650 631 138 138 591 60 631 670 571
0 631 670 197 119 611 650 138 138 611 670 650 709 0 631 631 650 611 690 158 670 670 650 611 611 650 99 650 178 178 650 631 670 709 690 670 571 138 178 650 552 631 650 532 197 670 99 670 670 690 532 631 138 670 178 79 670 650 709 611 650 650 217 670 690 79 670 611 631 158 670 690 709 670 670 670 611 611 138 650 650
0 552 119 631 670 650 631 631 690 99 670 138 119 591 0 650 138 552 571 611 631 631 670 591 690 119 611 650 670 611 611 650 591 631 709 119 670 670 591 79 138 611 611 611 631 611 631 631 60 611 119 119 532 197 631 650 650 119 158 631 650 552 650 591 690 670 158 611 611 571 591 670 670 631 119 79 690 79 571 571 631
0 138 611 650 552 631 631 591 631 670 631 611 611 591 670 0 670 158 690 631 650 552 611 79 79 650 611 552 631 670 119 512 591 158 119 650 158 631 591 611 631 591 119 591 631 158 571 79 631 591 591 571 650 670 650 552 690 670 670 158 119 158 670 631 670 650 631 571 631 650 670 99 178 138 690 650 178 650 650 631 119
0 591 40 670 611 611 670 650 631 158 690 158 197 591 138 611 0 670 709 571 670 591 670 591 611 178 650 650 670 670 591 631 631 670 670 119 571 650 631 99 79 552 631 611 670 670 631 670 158 650 119 158 650 158 670 650 690 158 178 631 650 670 690 631 670 670 178 631 670 611 631 631 611 611 158 119 611 138 591 650 650
0 138 650 611 670 670 670 650 709 690 670 670 670 670 591 138 690 0 670 631 631 670 650 158 197 690 591 670 650 591 158 650 650 178 178 670 178 650 670 552 650 611 119 670 709 138 670 178 650 650 631 591 611 709 670 650 690 690 631 119 158 119 650 571 709 709 670 631 690 650 670 158 158 158 690 631 197 631 552 611 119
0 631 611 670 631 79 60 650 650 591 138 611 670 591 611 591 611 591 0 571 138 60 119 591 650 670 631 119 611 650 631 99 79 631 690 571 650 690 532 611 611 138 631 99 670 611 591 631 631 119 611 631 611 670 571 611 158 631 611 611 611 631 650 119 197 611 631 79 138 571 79 611 670 611 611 571 631 611 591 138 631
0 650 591 119 119 631 611 138 158 631 631 611 670 40 650 650 670 631 690 0 611 552 611 532 650 631 79 631 119 197 611 631 591 650 670 631 611 138 79 552 591 611 611 552 119 611 60 631 690 611 571 631 158 670 119 99 690 650 650 631 611 670 138 571 690 119 631 571 631 138 571 571 650 631 670 611 631 650 40 591 611
0 611 552 631 650 99 99 611 631 650 119 611 690 611 591 611 591 631 158 571 0 99 119 591 670 631 631 138 650 631 611 99 60 611 709 611 650 631 591 611 571 40 571 119 670 591 571 611 611 158 512 611 591 670 631 552 178 631 631 631 611 631 631 119 178 670 631 79 99 552 60 611 552 552 591 512 591 631 591 79 591
0 611 571 650 631 99 79 650 650 631 99 591 650 611 631 611 631 611 158 591 99 0 79 611 631 631 650 99 591 670 571 99 79 631 690 611 631 650 552 611 591 79 650 119 690 611 532 650 670 79 611 591 650 650 591 591 158 670 650 631 591 650 650 119 197 631 611 40 158 631 138 552 631 591 670 591 650 611 611 138 650
0 631 611 611 611 158 119 631 591 670 20 631 670 591 670 631 631 611 158 591 138 60 0 631 650 631 670 119 631 670 571 20 99 650 670 611 650 591 611 611 631 99 611 99 611 591 591 591 670 79 611 532 650 670 650 611 99 670 650 631 631 611 631 60 138 670 611 99 119 611 119 611 611 611 631 631 690 571 631 60 611
0 178 631 670 611 650 631 670 690 690 690 670 729 631 631 138 670 158 670 591 591 631 690 0 197 709 670 670 709 709 158 650 631 197 178 690 158 631 670 611 670 631 158 631 670 79 650 158 670 690 611 690 650 749 650 650 729 631 690 178 197 158 690 631 670 690 690 670 690 631 650 158 138 138 670 611 178 670 631 571 158
0 119 670 631 512 670 631 591 611 690 631 631 650 650 650 60 690 178 670 631 670 611 670 138 0 650 650 591 690 631 158 571 571 197 99 650 178 670 650 631 650 631 99 611 591 99 631 138 571 650 631 631 670 709 650 591 670 631 670 158 158 178 670 591 690 670 631 631 631 650 611 158 178 158 670 650 197 650 650 591 99
0 571 138 631 591 611 591 650 670 178 650 158 197 591 119 631 138 631 631 552 650 591 670 591 591 0 631 650 670 670 631 631 611 670 670 158 631 670 631 79 99 650 611 591 650 552 611 532 138 631 99 138 631 138 611 650 709 178 158 650 591 631 650 591 650 631 178 631 670 591 611 631 690 650 138 99 650 138 591 532 611
0 709 729 256 158 690 670 217 178 631 729 729 729 197 729 631 729 709 729 178 729 670 729 690 690 690 0 670 178 217 729 631 591 749 670 768 768 237 178 670 631 670 690 709 237 690 178 709 729 591 709 690 178 749 178 158 670 670 729 709 650 768 256 709 690 256 709 690 670 197 709 709 768 709 729 709 709 690 217 709 611
0 650 670 650 552 99 158 571 631 670 99 591 571 670 650 591 631 631 178 631 138 138 79 552 552 611 650 0 611 650 631 99 99 650 631 670 631 631 631 571 591 138 591 138 631 631 532 631 591 158 552 591 631 670 670 512 158 650 670 631 591 631 670 99 178 631 611 40 99 670 138 650 670 611 670 631 650 611 631 99 591
0 631 631 99 119 611 591 138 99 670 670 591 690 79 631 611 631 611 631 60 650 591 650 571 650 650 119 650 0 99 650 611 631 571 670 670 611 138 119 591 591 650 650 591 158 532 99 670 670 650 611 670 138 571 99 138 631 690 650 631 591 611 119 611 631 158 611 552 631 138 611 631 690 532 690 611 670 631 79 631 650
0 591 650 79 138 611 650 99 197 631 650 670 650 119 532 611 650 571 611 138 670 650 650 611 650 650 79 631 138 0 631 611 611 670 690 591 611 178 119 611 591 631 611 631 158 631 119 670 591 631 650 650 40 670 158 99 670 650 552 631 631 571 99 611 670 178 670 631 631 99 611 690 690 670 650 611 670 611 99 611 591
0 158 670 631 690 650 631 650 670 650 611 670 729 631 709 158 690 158 670 591 690 631 611 119 197 690 631 690 591 670 0 611 631 158 178 552 158 670 670 631 650 690 158 631 690 79 650 158 709 670 650 611 709 611 650 631 670 611 670 178 158 158 650 670 670 611 690 631 690 670 611 138 178 99 690 650 138 670 631 650 158
0 631 611 631 650 138 119 670 690 670 138 631 670 591 670 650 670 650 197 631 138 60 138 650 631 670 670 138 631 729 631 0 119 670 709 650 650 690 591 631 631 119 670 99 729 650 591 591 690 119 611 650 670 670 650 631 197 709 670 670 631 690 670 138 158 670 650 99 158 650 158 591 670 650 690 650 670 670 670 158 670
0 690 650 690 650 119 79 670 650 650 178 670 709 631 709 631 650 631 178 591 178 99 178 631 670 690 670 158 670 690 670 119 0 709 729 690 690 729 631 631 650 79 690 138 690 690 631 690 690 158 650 670 690 729 611 650 197 591 650 631 631 690 729 158 237 690 650 138 178 709 158 631 709 690 709 690 709 650 631 178 670
0 158 690 611 571 631 650 631 611 690 611 591 690 650 690 99 670 158 690 611 709 650 611 138 158 650 670 631 571 670 138 611 611 0 138 611 138 650 670 631 611 650 79 650 631 99 552 158 690 670 670 611 690 631 670 631 670 670 591 158 99 158 631 571 690 690 611 552 631 650 670 178 158 79 690 650 197 631 650 650 99
0 138 631 631 650 631 611 650 709 670 670 611 709 611 591 138 670 119 591 571 670 611 670 99 138 571 631 670 670 571 178 611 611 197 0 631 138 631 591 591 631 650 138 611 670 60 631 99 650 670 631 670 611 709 631 650 709 690 611 158 119 119 650 611 650 670 631 571 690 631 650 138 197 178 670 611 197 650 611 552 138
0 631 158 650 650 631 591 650 631 119 591 138 197 591 178 631 158 631 650 571 670 591 571 591 670 158 611 670 552 650 650 571 650 611 670 0 631 650 631 99 138 670 631 611 670 552 631 650 178 650 119 79 670 119 611 591 650 79 158 650 631 631 670 631 650 591 158 591 670 650 631 631 670 571 178 119 611 138 591 631 631
0 119 670 631 571 709 670 631 650 591 670 650 690 670 591 99 690 119 650 670 709 650 709 138 60 670 670 631 650 631 178 611 611 158 138 690 0 709 670 670 650 631 158 650 631 158 670 178 611 670 670 670 611 611 690 631 670 670 670 158 158 119 670 631 631 709 670 631 650 631 650 178 217 138 650 650 237 611 670 631 138
0 591 650 138 119 650 670 158 158 611 670 670 631 99 631 650 690 552 631 138 650 650 650 650 611 631 119 670 138 99 552 611 631 690 690 591 670 0 158 591 591 650 611 552 178 631 138 552 670 650 631 631 138 650 178 119 690 650 650 631 670 552 178 611 611 119 690 631 611 119 611 690 690 650 571 631 650 631 79 631 611
0 650 611 158 99 571 532 158 138 591 650 591 670 79 650 571 591 571 631 40 631 552 631 571 631 650 119 611 119 138 611 571 611 650 670 650 650 178 0 591 611 611 650 591 138 650 79 650 670 611 591 631 138 690 60 99 650 690 611 591 591 611 178 611 709 99 611 552 631 158 611 591 650 631 650 631 611 591 79 631 631
0 709 197 690 690 670 650 729 670 178 709 119 256 670 217 670 197 670 690 650 709 670 729 631 729 178 709 709 611 690 690 670 670 670 631 217 709 709 631 0 138 690 650 690 749 631 670 709 256 709 197 178 729 178 670 709 709 178 197 670 631 709 709 709 729 709 138 591 690 729 670 690 729 611 256 178 670 158 670 670 670
0 709 158 729 690 650 709 709 729 256 670 158 237 670 197 650 178 729 768 670 631 709 670 690 709 237 729 690 650 729 729 670 670 709 768 217 709 729 690 197 0 650 670 670 768 670 611 709 197 729 119 178 690 217 729 670 729 99 237 670 670 729 729 729 768 709 178 631 709 650 670 690 670 670 197 119 709 178 690 670 690
0 690 650 690 631 79 158 611 690 709 158 670 690 670 749 591 611 670 237 670 217 138 197 631 650 670 690 119 631 709 670 99 138 690 690 690 670 690 670 670 631 0 631 158 709 650 650 670 709 178 670 650 690 690 670 631 178 709 650 611 611 670 729 158 217 670 690 138 178 690 197 670 690 631 729 709 670 611 670 178 631
0 119 650 670 571 670 650 631 611 631 571 650 631 611 690 40 631 99 650 591 670 591 611 99 99 670 650 571 631 670 60 552 611 138 158 591 178 571 631 631 650 631 0 631 650 138 591 79 670 611 631 532 670 650 670 571 611 670 650 158 138 99 650 611 611 650 611 611 650 650 650 138 79 99 631 650 178 650 611 650 20
0 631 650 690 650 158 138 611 631 591 158 631 729 670 690 670 670 670 197 650 158 158 138 591 709 631 591 197 650 690 631 138 158 690 709 670 690 650 670 670 552 119 631 0 690 670 591 650 650 178 670 631 631 670 670 571 158 650 690 591 631 670 709 158 217 571 670 99 138 650 158 690 690 650 670 650 591 611 670 158 650
0 650 611 178 119 670 670 99 99 690 611 591 709 158 611 650 670 591 670 138 591 670 670 650 670 650 60 670 158 138 670 650 631 670 690 611 690 178 138 650 650 611 631 670 0 611 138 670 650 611 591 650 119 729 79 119 670 670 631 650 670 631 197 650 709 178 611 650 631 119 631 650 631 631 591 591 670 631 138 591 631
0 158 611 631 631 591 552 650 670 650 650 631 670 552 670 79 611 79 611 532 631 552 631 40 119 650 611 611 631 650 119 591 611 158 178 650 79 650 591 571 611 631 119 571 631 0 591 138 690 611 571 650 670 690 571 611 670 670 611 99 119 79 650 591 611 631 650 591 650 650 591 99 158 138 670 571 138 611 552 611 138
0 690 650 158 138 591 650 178 138 650 571 552 690 138 690 591 631 631 709 138 670 611 571 670 650 690 178 631 119 178 631 571 650 650 709 670 611 138 138 650 571 631 650 650 158 631 0 650 690 650 650 571 178 690 158 138 650 670 631 611 552 611 178 611 670 158 591 532 670 158 670 631 650 611 690 631 670 591 158 611 650
0 60 611 611 571 670 631 631 650 670 650 670 670 650 631 119 690 158 690 611 690 650 670 138 60 690 611 650 690 650 99 631 591 158 138 631 178 670 611 631 591 631 99 650 650 99 631 0 631 611 631 631 611 631 631 631 690 670 650 178 158 158 631 571 690 670 690 650 690 571 591 158 178 138 611 591 178 670 650 591 99
0 631 158 571 650 631 591 571 670 178 631 158 197 591 99 611 158 631 650 571 670 591 650 591 670 178 631 631 650 571 611 611 571 650 690 99 631 631 631 79 99 650 571 611 670 552 631 611 0 650 119 99 611 178 611 611 670 79 119 631 650 631 611 532 650 670 178 631 690 631 552 631 650 611 178 119 690 138 591 532 571
0 690 670 709 611 119 99 690 591 650 178 670 729 631 650 631 650 631 178 611 178 99 178 631 690 650 631 158 670 690 670 138 20 709 670 690 690 670 611 650 650 99 611 138 690 611 631 650 690 0 650 650 670 729 611 670 178 611 650 650 650 690 729 178 197 690 650 138 119 709 178 650 690 690 709 631 650 631 631 158 631
0 650 197 690 690 690 670 709 670 178 690 178 197 631 99 670 217 631 670 670 690 670 670 670 670 119 611 690 709 690 670 670 670 729 709 197 631 631 670 119 178 650 690 650 709 650 690 631 138 690 0 178 611 217 670 690 690 197 217 631 670 631 709 650 709 709 197 650 591 670 670 709 729 670 158 178 709 119 611 631 690
0 650 138 670 670 690 670 690 650 158 591 158 178 631 178 690 197 611 690 650 670 591 571 670 670 178 670 670 650 670 571 591 591 670 729 99 690 571 631 138 158 650 670 611 670 631 631 611 158 571 158 0 690 158 670 670 650 158 178 690 670 611 690 631 670 670 158 631 670 670 670 631 670 631 119 178 690 138 631 631 670
0 552 611 119 158 650 631 99 178 670 670 670 709 138 611 631 670 650 670 99 670 631 670 591 670 670 99 650 178 99 591 631 591 670 709 631 670 178 99 591 631 631 611 650 119 591 119 631 552 591 631 631 0 690 119 138 670 611 650 670 670 650 138 571 670 178 690 631 690 60 571 650 670 631 611 571 709 611 138 571 611
0 552 119 532 611 631 631 571 591 178 650 99 197 631 119 611 158 650 670 611 631 631 650 591 670 138 611 650 650 650 611 611 611 591 591 138 631 650 611 119 60 650 591 631 690 591 591 650 138 611 138 119 611 0 650 571 690 158 79 650 611 670 571 631 670 670 119 571 631 571 591 650 650 532 119 99 670 138 631 571 591
0 650 670 138 138 611 650 158 197 690 690 631 670 138 611 611 631 532 670 119 631 650 670 631 650 709 99 631 158 99 670 611 611 690 690 690 611 158 178 571 650 631 631 650 197 591 158 670 650 670 650 611 119 709 0 138 670 690 552 631 690 631 158 591 670 217 650 650 690 178 670 670 670 650 709 650 690 631 60 631 571
0 670 670 178 138 611 670 60 158 670 591 591 709 158 670 611 650 650 709 138 631 631 591 552 670 611 158 650 99 197 631 591 670 650 709 670 631 138 178 631 591 650 591 670 178 631 40 631 709 670 650 591 178 670 178 0 670 670 670 631 591 650 178 650 690 178 611 552 591 158 670 650 670 611 690 631 709 611 119 591 591
0 611 591 650 611 119 99 631 591 650 60 631 690 611 591 631 650 611 158 611 138 119 158 631 650 631 650 138 631 611 650 138 60 650 591 650 670 650 571 650 611 99 631 119 650 631 591 591 611 158 591 611 571 690 631 631 0 650 631 571 631 611 611 119 178 670 650 99 119 532 40 591 650 611 571 552 670 571 650 119 650
0 611 178 670 650 650 611 670 690 197 631 138 217 650 158 650 178 631 709 631 690 631 709 650 709 197 650 690 670 650 670 650 650 670 709 158 690 670 670 158 138 611 670 670 709 650 650 670 99 670 178 158 670 217 631 650 650 0 178 571 631 631 690 631 729 729 158 591 690 631 650 670 690 631 178 138 749 79 670 631 670
0 670 119 690 591 571 631 650 670 158 670 138 158 631 158 552 99 631 650 650 690 611 670 631 611 197 611 591 670 690 670 571 571 690 670 158 571 670 650 60 158 611 670 650 670 690 611 631 158 650 138 99 670 158 650 591 631 158 0 591 650 650 709 690 631 690 119 611 670 650 670 650 690 650 178 119 690 99 670 670 532
0 158 611 670 631 571 552 631 650 631 631 571 650 591 650 79 611 79 650 571 650 571 650 79 138 650 631 611 611 650 119 591 631 119 138 591 158 650 611 591 591 532 158 611 670 138 591 158 631 631 611 650 631 670 571 611 571 670 611 0 60 79 670 631 690 650 591 532 631 611 611 99 178 60 650 611 178 512 591 611 138
0 158 650 709 670 650 631 650 690 650 631 611 690 670 690 138 650 158 709 631 631 631 611 158 178 670 690 650 650 729 178 631 690 178 237 709 158 690 611 650 532 650 158 670 690 119 571 197 709 690 650 631 690 709 650 650 690 611 650 178 0 178 631 670 709 670 591 571 690 670 670 119 178 158 709 631 197 650 670 611 158
0 138 650 611 670 631 631 650 690 571 650 650 591 571 591 119 650 20 670 631 631 650 650 138 158 591 591 670 650 591 138 631 650 178 178 670 138 650 650 552 611 611 119 571 709 119 650 119 650 650 591 591 611 709 650 631 670 690 631 99 138 0 650 571 709 650 670 611 571 650 670 158 158 138 690 631 158 591 552 611 119
0 532 591 138 99 571 611 20 138 650 591 650 650 119 611 571 611 631 670 99 650 611 631 631 631 670 79 591 138 138 571 571 571 670 670 611 591 99 99 571 552 611 532 631 178 631 119 591 571 591 611 552 99 670 119 99 631 631 532 611 650 631 0 611 631 178 611 611 670 60 571 611 611 611 591 571 690 591 60 611 532
0 611 650 552 611 138 158 571 650 650 99 631 670 591 650 571 670 650 178 571 158 99 138 591 631 690 650 99 670 670 591 79 119 611 670 631 650 611 631 611 571 138 552 99 670 670 611 611 650 138 631 571 631 670 670 571 138 670 591 631 611 650 571 0 138 670 650 99 158 611 119 631 611 631 650 611 690 631 611 138 552
0 650 650 631 650 119 79 670 650 631 158 611 709 611 611 611 650 631 40 591 178 99 158 611 670 690 670 158 552 650 670 119 40 611 690 591 650 670 552 631 611 119 650 119 670 571 631 670 650 158 631 670 611 611 611 650 178 631 650 631 611 631 670 138 0 650 650 79 158 591 99 631 690 552 650 611 670 631 611 158 670
0 552 631 119 79 631 650 158 60 552 631 591 690 158 631 631 611 631 690 138 690 650 631 650 670 591 20 650 178 158 611 631 591 690 650 650 670 119 119 631 650 611 670 670 119 631 138 611 650 611 650 571 119 611 119 119 650 670 650 611 670 650 138 650 690 0 611 631 591 79 591 670 690 650 611 591 532 611 119 611 611
0 631 79 631 611 571 571 650 650 138 670 138 119 611 158 571 60 611 670 591 611 591 670 611 631 138 611 591 611 690 631 591 591 631 690 158 611 690 631 119 119 611 631 631 690 631 611 631 178 650 119 138 670 158 591 591 650 178 138 591 650 650 650 591 709 591 0 611 670 650 611 571 650 611 178 119 611 79 611 650 631
0 690 650 690 670 138 138 670 690 650 158 552 670 670 709 650 631 670 217 650 178 158 158 670 690 690 670 158 611 690 670 119 138 670 709 709 670 631 631 670 571 119 690 178 729 650 611 670 670 197 631 650 690 670 650 650 138 650 631 650 552 670 670 158 197 650 571 0 178 670 178 631 709 631 690 611 670 591 670 138 650
0 591 611 650 611 99 79 670 670 650 99 591 670 611 611 611 631 591 158 591 178 79 79 611 611 532 631 138 631 670 631 99 138 631 670 611 650 591 631 591 611 60 631 119 670 571 611 552 650 138 631 591 631 670 591 650 99 690 650 532 591 591 670 99 158 650 611 60 0 611 119 631 670 591 631 631 670 532 611 40 650
0 571 552 158 138 611 571 99 138 611 631 611 670 79 552 611 631 591 631 79 650 591 631 611 631 631 119 650 138 99 631 611 532 631 709 631 650 158 40 631 591 571 611 591 158 631 79 571 591 631 571 631 40 690 99 138 650 611 611 631 611 591 99 611 709 138 650 591 650 0 512 611 690 571 552 532 650 631 119 611 611
0 611 670 650 631 99 99 591 650 650 158 631 709 571 670 611 631 631 178 611 178 119 178 631 611 709 650 138 670 690 650 119 20 611 690 670 650 670 650 631 571 99 611 79 709 650 631 571 650 158 591 631 670 670 611 631 197 611 591 631 631 690 591 119 197 650 650 99 178 631 0 650 670 571 670 631 670 631 650 138 611
0 119 591 631 591 650 611 611 650 690 650 611 611 611 591 138 631 119 670 591 552 611 631 99 79 591 650 552 552 650 158 631 611 79 158 650 158 670 631 611 631 571 119 631 670 79 591 99 650 670 571 650 611 611 631 552 670 670 611 158 119 119 611 631 670 670 650 591 650 591 591 0 99 60 631 552 138 650 611 591 119
0 138 571 650 611 650 650 690 670 670 611 571 709 631 690 158 552 178 690 611 670 631 650 138 138 690 631 690 631 729 119 650 650 60 178 650 99 670 670 591 591 591 138 611 690 99 611 178 670 690 650 650 690 690 670 670 670 690 631 178 79 178 690 611 690 631 611 552 670 650 650 158 0 20 690 650 138 611 591 650 138
0 197 670 650 611 650 670 670 650 670 670 571 690 690 670 158 650 178 729 670 690 670 650 178 197 690 690 670 631 709 178 650 650 60 178 670 197 650 670 670 591 631 138 611 690 138 591 197 690 709 650 670 690 690 670 650 670 670 631 158 79 178 670 611 729 670 591 532 670 690 690 158 197 0 709 631 158 611 690 670 138
0 631 178 611 670 650 650 631 709 178 670 119 178 631 79 650 178 611 650 650 670 670 670 650 650 138 631 670 670 552 670 650 571 670 729 138 611 690 670 158 119 650 650 631 690 650 670 611 119 670 138 178 591 197 670 650 709 99 99 650 611 611 631 650 709 690 138 571 611 631 552 631 709 611 0 158 709 138 650 650 611
0 591 40 650 650 631 670 650 631 197 631 99 197 591 158 650 158 670 729 571 670 611 611 591 690 119 650 670 650 690 650 611 631 690 729 99 650 650 631 119 79 571 670 611 670 650 552 650 178 650 119 119 650 217 670 670 690 178 178 670 611 670 670 631 690 670 119 571 670 611 631 631 690 650 158 0 690 138 611 631 670
0 119 611 611 571 611 631 631 552 690 650 571 690 650 670 119 591 119 709 631 670 650 650 158 158 571 650 650 690 670 158 611 611 178 138 670 138 650 670 611 631 591 138 670 650 119 631 99 690 670 670 650 670 591 611 631 670 690 631 99 158 158 631 631 709 650 591 611 571 631 631 158 178 119 631 591 0 591 591 591 138
0 670 138 690 650 611 650 631 650 158 631 60 178 650 138 611 138 591 709 650 690 670 670 670 631 178 670 650 611 670 690 631 631 670 650 197 690 650 631 138 79 532 650 631 709 631 631 670 119 690 158 158 631 178 670 650 571 178 138 631 571 591 670 650 709 670 79 532 670 591 611 650 709 631 138 119 690 0 631 611 670
0 631 631 79 138 650 650 119 178 650 650 631 631 138 670 611 670 670 690 99 591 631 670 631 670 690 60 650 119 197 631 611 631 650 631 650 670 138 119 512 611 591 571 650 197 611 138 650 670 611 591 611 158 670 158 119 670 690 631 650 631 670 119 552 670 178 650 591 690 119 631 670 631 631 670 591 670 650 0 591 591
0 670 631 611 650 99 79 650 690 670 138 650 690 571 670 611 631 611 119 552 138 79 158 571 650 670 631 138 650 670 650 119 119 670 670 670 611 670 611 552 631 138 611 79 650 532 611 670 709 138 591 631 690 709 591 631 178 690 631 631 650 611 631 79 119 650 670 119 158 670 119 611 670 670 690 591 670 631 571 0 611
0 158 631 670 571 650 650 631 650 690 650 631 631 611 670 40 650 178 631 670 670 591 650 99 99 670 631 571 631 690 138 532 611 178 138 670 178 650 631 631 650 611 138 631 650 158 591 119 650 611 611 591 670 690 670 571 611 690 690 178 138 178 690 670 611 670 611 611 650 631 650 119 197 158 650 650 197 650 670 650 0
SETUP_COST
0.0 2380.0 1580.0 3560.0 2760.0 2380.0 3160.0 2760.0 3160.0 2380.0 3560.0 2760.0 3560.0 400.0 1580.0 2380.0 800.0 1980.0 2760.0 1980.0 3160.0 2760.0 3160.0 2380.0 2380.0 3160.0 2380.0 3160.0 3560.0 3560.0 2380.0 2760.0 3160.0 3940.0 3940.0 3160.0 1580.0 2760.0 3160.0 2760.0 1200.0 1980.0 3160.0 800.0 1580.0 3160.0 1980.0 3560.0 2380.0 3160.0 800.0 2760.0 1580.0 3560.0 3160.0 1580.0 2760.0 3160.0 3940.0 2380.0 2760.0 1980.0 3940.0 2760.0 3940.0 1980.0 3160.0 1980.0 2760.0 2760.0 2760.0 3560.0 2760.0 2760.0 3160.0 2760.0 2380.0 1580.0 2760.0 2760.0 3160.0
0.0 0.0 11420.0 13400.0 13000.0 12620.0 11820.0 12220.0 13000.0 12620.0 13000.0 12620.0 13400.0 12220.0 11420.0 2380.0 13000.0 1980.0 13000.0 12220.0 13400.0 12220.0 13000.0 2380.0 2760.0 13000.0 11420.0 12220.0 13000.0 12220.0 1200.0 12620.0 11040.0 2760.0 4340.0 11820.0 3160.0 13800.0 11420.0 13000.0 12220.0 11820.0 2760.0 12220.0 13400.0 2760.0 11820.0 1980.0 12220.0 11420.0 11820.0 13000.0 11420.0 13000.0 11820.0 12220.0 13400.0 12620.0 12620.0 2760.0 2760.0 2380.0 12220.0 12620.0 13800.0 13000.0 13400.0 12220.0 13400.0 10640.0 10640.0 2380.0 3940.0 1980.0 11420.0 11040.0 3560.0 13000.0 12620.0 12620.0 1980.0
0.0 11420.0 0.0 13000.0 12620.0 12220.0 12620.0 12620.0 12220.0 3160.0 13000.0 2760.0 3560.0 11420.0 2760.0 12220.0 2760.0 13000.0 13800.0 10640.0 12620.0 11420.0 13000.0 11420.0 13400.0 3160.0 12220.0 13000.0 13000.0 13400.0 12220.0 12220.0 12220.0 13400.0 13800.0 3160.0 12620.0 12620.0 12220.0 1580.0 800.0 10640.0 12620.0 11420.0 12620.0 12620.0 11820.0 13000.0 3160.0 12220.0 1580.0 3160.0 12620.0 3940.0 13000.0 12620.0 13800.0 2760.0 3160.0 12620.0 12620.0 13000.0 13400.0 12220.0 13400.0 13000.0 3160.0 12220.0 12620.0 11820.0 11820.0 12220.0 13400.0 13000.0 2380.0 1980.0 13400.0 2760.0 11420.0 12220.0 13000.0
0.0 11420.0 12220.0 0.0 2380.0 12220.0 12620.0 800.0 3160.0 13400.0 12620.0 12220.0 13400.0 2760.0 12220.0 11820.0 12620.0 13000.0 13400.0 2760.0 13000.0 12620.0 12220.0 11420.0 13000.0 13000.0 2380.0 12620.0 2760.0 2760.0 12220.0 11820.0 11820.0 13400.0 12620.0 12620.0 12220.0 2380.0 1980.0 11820.0 10640.0 12620.0 11040.0 13000.0 3940.0 13000.0 1200.0 12620.0 12220.0 12220.0 12620.0 11820.0 1980.0 13800.0 2760.0 800.0 13400.0 12620.0 11040.0 12620.0 11420.0 13000.0 800.0 12620.0 13000.0 3560.0 12620.0 11420.0 12620.0 1200.0 11420.0 12620.0 12620.0 12620.0 12220.0 11420.0 14180.0 12220.0 1980.0 12620.0 11420.0
0.0 13000.0 13000.0 3560.0 0.0 13000.0 12620.0 2760.0 1980.0 13800.0 13400.0 12220.0 13000.0 2760.0 13400.0 11040.0 13800.0 13400.0 13000.0 2760.0 13400.0 12220.0 13400.0 12620.0 12220.0 13000.0 2760.0 11820.0 3560.0 2760.0 13400.0 11040.0 11040.0 13800.0 11820.0 13800.0 13800.0 3560.0 2760.0 12620.0 13400.0 12620.0 13400.0 13000.0 1580.0 12620.0 2380.0 12620.0 13400.0 12620.0 12620.0 12220.0 3560.0 14180.0 2760.0 1580.0 13800.0 12620.0 13800.0 13000.0 13400.0 13800.0 3940.0 13000.0 13800.0 3940.0 13000.0 12620.0 12620.0 3560.0 13400.0 13000.0 13800.0 13000.0 13400.0 12620.0 14180.0 13000.0 3560.0 12220.0 11820.0
0.0 12620.0 11420.0 13000.0 11040.0 0.0 1580.0 12220.0 12220.0 13400.0 2760.0 11820.0 12220.0 11820.0 13400.0 10240.0 11040.0 11820.0 3160.0 11820.0 3160.0 1200.0 2380.0 11820.0 11820.0 13000.0 12620.0 800.0 12620.0 13000.0 12620.0 400.0 1200.0 13000.0 12620.0 12220.0 11820.0 12620.0 12220.0 12220.0 12220.0 1200.0 12620.0 1980.0 12620.0 13000.0 11420.0 11820.0 12620.0 1980.0 11820.0 11420.0 13000.0 13400.0 11820.0 11040.0 1980.0 13000.0 13000.0 10640.0 11820.0 11820.0 13400.0 2760.0 3560.0 13400.0 12220.0 1200.0 2760.0 12620.0 2760.0 12220.0 12620.0 11820.0 13400.0 12620.0 12620.0 10640.0 12220.0 2760.0 12620.0
0.0 12620.0 11420.0 12620.0 11820.0 800.0 0.0 12620.0 12620.0 12620.0 2380.0 11820.0 13000.0 11040.0 12620.0 11040.0 11420.0 11040.0 1980.0 10640.0 1980.0 400.0 1980.0 11040.0 12220.0 12620.0 11820.0 1580.0 11820.0 12220.0 11820.0 800.0 1980.0 12620.0 13000.0 12220.0 12220.0 13000.0 11420.0 11420.0 11820.0 1980.0 12620.0 1200.0 12620.0 12220.0 11040.0 12620.0 13400.0 1580.0 11420.0 12220.0 13000.0 13400.0 10640.0 11420.0 2380.0 13400.0 11420.0 11420.0 11820.0 12620.0 13000.0 1580.0 3560.0 12620.0 12220.0 1200.0 2760.0 13000.0 1580.0 11420.0 13000.0 12220.0 12620.0 12220.0 13000.0 11420.0 11040.0 1980.0 11820.0
0.0 13000.0 13400.0 2760.0 1980.0 13400.0 13400.0 0.0 2760.0 12620.0 11820.0 12620.0 13000.0 2380.0 13800.0 11420.0 13000.0 12620.0 13400.0 1980.0 13000.0 12220.0 12620.0 12620.0 12620.0 13400.0 2380.0 11820.0 2760.0 3560.0 11420.0 11420.0 12620.0 13400.0 13400.0 12220.0 12220.0 1980.0 2760.0 11420.0 13000.0 12220.0 10640.0 12620.0 3560.0 13000.0 2380.0 11820.0 13400.0 12620.0 12620.0 11040.0 3940.0 13400.0 3940.0 1980.0 12620.0 13400.0 13400.0 13800.0 13000.0 12620.0 3160.0 12220.0 12620.0 3560.0 12620.0 12220.0 13400.0 3160.0 13400.0 11820.0 12220.0 12220.0 13000.0 13000.0 13800.0 11820.0 1200.0 13000.0 10640.0
0.0 12220.0 11820.0 3560.0 800.0 12620.0 12220.0 3160.0 0.0 13800.0 12620.0 12220.0 13400.0 2760.0 13000.0 11420.0 13400.0 12620.0 13400.0 1980.0 13400.0 12220.0 12220.0 12620.0 12620.0 11420.0 3160.0 12220.0 3160.0 3160.0 13000.0 11820.0 11420.0 13400.0 12220.0 12620.0 13400.0 2380.0 3160.0 12620.0 12620.0 11820.0 13400.0 13000.0 2380.0 11820.0 1980.0 11420.0 13400.0 13400.0 13000.0 12620.0 3160.0 13800.0 2380.0 1980.0 12620.0 13000.0 13000.0 11420.0 12620.0 12620.0 3940.0 12620.0 13800.0 3560.0 13000.0 11820.0 10640.0 2760.0 13000.0 13000.0 14180.0 12220.0 13400.0 11040.0 13800.0 11420.0 2760.0 11420.0 12220.0
0.0 11820.0 3160.0 13400.0 13400.0 13000.0 12620.0 12620.0 13000.0 0.0 13000.0 2760.0 4340.0 13000.0 3160.0 13000.0 3560.0 13000.0 14180.0 12620.0 13800.0 12620.0 12620.0 12220.0 13000.0 1580.0 11820.0 13800.0 13400.0 13000.0 13000.0 12620.0 12620.0 13400.0 14180.0 3160.0 13800.0 12620.0 12620.0 2760.0 3160.0 12220.0 12620.0 13400.0 13400.0 12220.0 11820.0 11820.0 1980.0 13000.0 3560.0 2760.0 11420.0 4340.0 13000.0 11420.0 13000.0 3160.0 3560.0 11820.0 12620.0 13000.0 13800.0 12620.0 14180.0 13800.0 3160.0 12220.0 11040.0 12220.0 12620.0 13400.0 14180.0 12220.0 3160.0 2380.0 14180.0 1580.0 13000.0 11820.0 12620.0
0.0 13000.0 13000.0 11820.0 11820.0 3560.0 3160.0 12620.0 11420.0 13800.0 0.0 13000.0 14180.0 13000.0 13000.0 12620.0 12620.0 12620.0 3160.0 12220.0 3560.0 2380.0 1980.0 12620.0 13400.0 12620.0 13000.0 3160.0 13000.0 13800.0 11820.0 2380.0 2380.0 13000.0 13000.0 12620.0 13800.0 12220.0 13000.0 13000.0 12220.0 3160.0 11820.0 2760.0 11820.0 13000.0 13000.0 12220.0 13400.0 1980.0 13000.0 11040.0 13000.0 13800.0 13400.0 12620.0 1580.0 13800.0 12620.0 12620.0 13400.0 12620.0 12620.0 1200.0 2380.0 13800.0 13400.0 2380.0 1980.0 12220.0 2380.0 12620.0 11820.0 11820.0 13000.0 12220.0 14180.0 12620.0 13000.0 2760.0 11820.0
0.0 13400.0 1980.0 13000.0 13000.0 11820.0 12220.0 13400.0 13400.0 3160.0 13400.0 0.0 2760.0 13000.0 3560.0 12220.0 1580.0 12620.0 13800.0 12220.0 12620.0 12220.0 13400.0 12620.0 13000.0 3160.0 12620.0 12220.0 12620.0 13800.0 13400.0 12220.0 12620.0 13400.0 13400.0 3560.0 12620.0 13800.0 13000.0 3160.0 2380.0 11420.0 13000.0 13000.0 14180.0 13000.0 12620.0 13400.0 2760.0 13400.0 2760.0 2760.0 13400.0 3560.0 12620.0 12220.0 12220.0 3940.0 3160.0 12220.0 12220.0 12620.0 13800.0 12220.0 14980.0 12220.0 800.0 11420.0 13800.0 12620.0 12620.0 11820.0 13400.0 12620.0 3560.0 1580.0 12620.0 800.0 13000.0 13000.0 13000.0
0.0 12220.0 1980.0 11820.0 11820.0 10640.0 11820.0 12220.0 12220.0 1980.0 12620.0 2380.0 0.0 12220.0 1980.0 11040.0 1580.0 12220.0 13400.0 11820.0 13400.0 11820.0 13000.0 12220.0 12220.0 2760.0 11820.0 11420.0 13400.0 13400.0 12620.0 11040.0 11820.0 13000.0 13000.0 2760.0 12220.0 13000.0 11420.0 2760.0 1980.0 11820.0 11420.0 12620.0 13400.0 13400.0 12220.0 12620.0 2760.0 12620.0 2380.0 1980.0 12220.0 3160.0 12220.0 11420.0 12620.0 3560.0 2380.0 11420.0 12620.0 12620.0 12220.0 11040.0 13400.0 11420.0 2760.0 11820.0 13000.0 12620.0 12620.0 12620.0 13000.0 12620.0 2760.0 2760.0 11820.0 1200.0 12620.0 13400.0 11420.0
0.0 12620.0 13400.0 3940.0 2380.0 12220.0 13000.0 2760.0 2760.0 12220.0 13400.0 13000.0 14180.0 0.0 12620.0 12620.0 13000.0 12220.0 13800.0 3160.0 13400.0 13400.0 13000.0 12220.0 12220.0 13000.0 1980.0 13000.0 3560.0 3560.0 13000.0 12620.0 13400.0 14180.0 13800.0 13400.0 11420.0 2760.0 3560.0 13000.0 11040.0 12620.0 13000.0 10640.0 3940.0 13400.0 1980.0 13400.0 13400.0 13800.0 10640.0 12620.0 2760.0 13400.0 3560.0 1580.0 13400.0 13000.0 14180.0 12220.0 13000.0 13000.0 4340.0 13400.0 13800.0 1580.0 13400.0 12220.0 12620.0 3160.0 13400.0 13800.0 14180.0 13400.0 13400.0 13400.0 12220.0 12220.0 2760.0 13000.0 13000.0
0.0 11040.0 2380.0 12620.0 13400.0 13000.0 12620.0 12620.0 13800.0 1980.0 13400.0 2760.0 2380.0 11820.0 0.0 13000.0 2760.0 11040.0 11420.0 12220.0 12620.0 12620.0 13400.0 11820.0 13800.0 2380.0 12220.0 13000.0 13400.0 12220.0 12220.0 13000.0 11820.0 12620.0 14180.0 2380.0 13400.0 13400.0 11820.0 1580.0 2760.0 12220.0 12220.0 12220.0 12620.0 12220.0 12620.0 12620.0 1200.0 12220.0 2380.0 2380.0 10640.0 3940.0 12620.0 13000.0 13000.0 2380.0 3160.0 12620.0 13000.0 11040.0 13000.0 11820.0 13800.0 13400.0 3160.0 12220.0 12220.0 11420.0 11820.0 13400.0 13400.0 12620.0 2380.0 1580.0 13800.0 1580.0 11420.0 11420.0 12620.0
0.0 2760.0 12220.0 13000.0 11040.0 12620.0 12620.0 11820.0 12620.0 13400.0 12620.0 12220.0 12220.0 11820.0 13400.0 0.0 13400.0 3160.0 13800.0 12620.0 13000.0 11040.0 12220.0 1580.0 1580.0 13000.0 12220.0 11040.0 12620.0 13400.0 2380.0 10240.0 11820.0 3160.0 2380.0 13000.0 3160.0 12620.0 11820.0 12220.0 12620.0 11820.0 2380.0 11820.0 12620.0 3160.0 11420.0 1580.0 12620.0 11820.0 11820.0 11420.0 13000.0 13400.0 13000.0 11040.0 13800.0 13400.0 13400.0 3160.0 2380.0 3160.0 13400.0 12620.0 13400.0 13000.0 12620.0 11420.0 12620.0 13000.0 13400.0 1980.0 3560.0 2760.0 13800.0 13000.0 3560.0 13000.0 13000.0 12620.0 2380.0
0.0 11820.0 800.0 13400.0 12220.0 12220.0 13400.0 13000.0 12620.0 3160.0 13800.0 3160.0 3940.0 11820.0 2760.0 12220.0 0.0 13400.0 14180.0 11420.0 13400.0 11820.0 13400.0 11820.0 12220.0 3560.0 13000.0 13000.0 13400.0 13400.0 11820.0 12620.0 12620.0 13400.0 13400.0 2380.0 11420.0 13000.0 12620.0 1980.0 1580.0 11040.0 12620.0 12220.0 13400.0 13400.0 12620.0 13400.0 3160.0 13000.0 2380.0 3160.0 13000.0 3160.0 13400.0 13000.0 13800.0 3160.0 3560.0 12620.0 13000.0 13400.0 13800.0 12620.0 13400.0 13400.0 3560.0 12620.0 13400.0 12220.0 12620.0 12620.0 12220.0 12220.0 3160.0 2380.0 12220.0 2760.0 11820.0 13000.0 13000.0
0.0 2760.0 13000.0 12220.0 13400.0 13400.0 13400.0 13000.0 14180.0 13800.0 13400.0 13400.0 13400.0 13400.0 11820.0 2760.0 13800.0 0.0 13400.0 12620.0 12620.0 13400.0 13000.0 3160.0 3940.0 13800.0 11820.0 13400.0 13000.0 11820.0 3160.0 13000.0 13000.0 3560.0 3560.0 13400.0 3560.0 13000.0 13400.0 11040.0 13000.0 12220.0 2380.0 13400.0 14180.0 2760.0 13400.0 3560.0 13000.0 13000.0 12620.0 11820.0 12220.0 14180.0 13400.0 13000.0 13800.0 13800.0 12620.0 2380.0 3160.0 2380.0 13000.0 11420.0 14180.0 14180.0 13400.0 12620.0 13800.0 13000.0 13400.0 3160.0 3160.0 3160.0 13800.0 12620.0 3940.0 12620.0 11040.0 12220.0 2380.0
0.0 12620.0 12220.0 13400.0 12620.0 1580.0 1200.0 13000.0 13000.0 11820.0 2760.0 12220.0 13400.0 11820.0 12220.0 11820.0 12220.0 11820.0 0.0 11420.0 2760.0 1200.0 2380.0 11820.0 13000.0 13400.0 12620.0 2380.0 12220.0 13000.0 12620.0 1980.0 1580.0 12620.0 13800.0 11420.0 13000.0 13800.0 10640.0 12220.0 12220.0 2760.0 12620.0 1980.0 13400.0 12220.0 11820.0 12620.0 12620.0 2380.0 12220.0 12620.0 12220.0 13400.0 11420.0 12220.0 3160.0 12620.0 12220.0 12220.0 12220.0 12620.0 13000.0 2380.0 3940.0 12220.0 12620.0 1580.0 2760.0 11420.0 1580.0 12220.0 13400.0 12220.0 12220.0 11420.0 12620.0 12220.0 11820.0 2760.0 12620.0
0.0 13000.0 11820.0 2380.0 2380.0 12620.0 12220.0 2760.0 3160.0 12620.0 12620.0 12220.0 13400.0 800.0 13000.0 13000.0 13400.0 12620.0 13800.0 0.0 12220.0 11040.0 12220.0 10640.0 13000.0 12620.0 1580.0 12620.0 2380.0 3940.0 12220.0 12620.0 11820.0 13000.0 13400.0 12620.0 12220.0 2760.0 1580.0 11040.0 11820.0 12220.0 12220.0 11040.0 2380.0 12220.0 1200.0 12620.0 13800.0 12220.0 11420.0 12620.0 3160.0 13400.0 2380.0 1980.0 13800.0 13000.0 13000.0 12620.0 12220.0 13400.0 2760.0 11420.0 13800.0 2380.0 12620.0 11420.0 12620.0 2760.0 11420.0 11420.0 13000.0 12620.0 13400.0 12220.0 12620.0 13000.0 800.0 11820.0 12220.0
0.0 12220.0 11040.0 12620.0 13000.0 1980.0 1980.0 12220.0 12620.0 13000.0 2380.0 12220.0 13800.0 12220.0 11820.0 12220.0 11820.0 12620.0 3160.0 11420.0 0.0 1980.0 2380.0 11820.0 13400.0 12620.0 12620.0 2760.0 13000.0 12620.0 12220.0 1980.0 1200.0 12220.0 14180.0 12220.0 13000.0 12620.0 11820.0 12220.0 11420.0 800.0 11420.0 2380.0 13400.0 11820.0 11420.0 12220.0 12220.0 3160.0 10240.0 12220.0 11820.0 13400.0 12620.0 11040.0 3560.0 12620.0 12620.0 12620.0 12220.0 12620.0 12620.0 2380.0 3560.0 13400.0 12620.0 1580.0 1980.0 11040.0 1200.0 12220.0 11040.0 11040.0 11820.0 10240.0 11820.0 12620.0 11820.0 1580.0 11820.0
0.0 12220.0 11420.0 13000.0 12620.0 1980.0 1580.0 13000.0 13000.0 12620.0 1980.0 11820.0 13000.0 12220.0 12620.0 12220.0 12620.0 12220.0 3160.0 11820.0 1980.0 0.0 1580.0 12220.0 12620.0 12620.0 13000.0 1980.0 11820.0 13400.0 11420.0 1980.0 1580.0 12620.0 13800.0 12220.0 12620.0 13000.0 11040.0 12220.0 11820.0 1580.0 13000.0 2380.0 13800.0 12220.0 10640.0 13000.0 13400.0 1580.0 12220.0 11820.0 13000.0 13000.0 11820.0 11820.0 3160.0 13400.0 13000.0 12620.0 11820.0 13000.0 13000.0 2380.0 3940.0 12620.0 12220.0 800.0 3160.0 12620.0 2760.0 11040.0 12620.0 11820.0 13400.0 11820.0 13000.0 12220.0 12220.0 2760.0 13000.0
0.0 12620.0 12220.0 12220.0 12220.0 3160.0 2380.0 12620.0 11820.0 13400.0 400.0 12620.0 13400.0 11820.0 13400.0 12620.0 12620.0 12220.0 3160.0 11820.0 2760.0 1200.0 0.0 12620.0 13000.0 12620.0 13400.0 2380.0 12620.0 13400.0 11420.0 400.0 1980.0 13000.0 13400.0 12220.0 13000.0 11820.0 12220.0 12220.0 12620.0 1980.0 12220.0 1980.0 12220.0 11820.0 11820.0 11820.0 13400.0 1580.0 12220.0 10640.0 13000.0 13400.0 13000.0 12220.0 1980.0 13400.0 13000.0 12620.0 12620.0 12220.0 12620.0 1200.0 2760.0 13400.0 12220.0 1980.0 2380.0 12220.0 2380.0 12220.0 12220.0 12220.0 12620.0 12620.0 13800.0 11420.0 12620.0 1200.0 12220.0
0.0 3560.0 12620.0 13400.0 12220.0 13000.0 12620.0 13400.0 13800.0 13800.0 13800.0 13400.0 14580.0 12620.0 12620.0 2760.0 13400.0 3160.0 13400.0 11820.0 11820.0 12620.0 13800.0 0.0 3940.0 14180.0 13400.0 13400.0 14180.0 14180.0 3160.0 13000.0 12620.0 3940.0 3560.0 13800.0 3160.0 12620.0 13400.0 12220.0 13400.0 12620.0 3160.0 12620.0 13400.0 1580.0 13000.0 3160.0 13400.0 13800.0 12220.0 13800.0 13000.0 14980.0 13000.0 13000.0 14580.0 12620.0 13800.0 3560.0 3940.0 3160.0 13800.0 12620.0 13400.0 13800.0 13800.0 13400.0 13800.0 12620.0 13000.0 3160.0 2760.0 2760.0 13400.0 12220.0 3560.0 13400.0 12620.0 11420.0 3160.0
0.0 2380.0 13400.0 12620.0 10240.0 13400.0 12620.0 11820.0 12220.0 13800.0 12620.0 12620.0 13000.0 13000.0 13000.0 1200.0 13800.0 3560.0 13400.0 12620.0 13400.0 12220.0 13400.0 2760.0 0.0 13000.0 13000.0 11820.0 13800.0 12620.0 3160.0 11420.0 11420.0 3940.0 1980.0 13000.0 3560.0 13400.0 13000.0 12620.0 13000.0 12620.0 1980.0 12220.0 11820.0 1980.0 12620.0 2760.0 11420.0 13000.0 12620.0 12620.0 13400.0 14180.0 13000.0 11820.0 13400.0 12620.0 13400.0 3160.0 3160.0 3560.0 13400.0 11820.0 13800.0 13400.0 12620.0 12620.0 12620.0 13000.0 12220.0 3160.0 3560.0 3160.0 13400.0 13000.0 3940.0 13000.0 13000.0 11820.0 1980.0
0.0 11420.0 2760.0 12620.0 11820.0 12220.0 11820.0 13000.0 13400.0 3560.0 13000.0 3160.0 3940.0 11820.0 2380.0 12620.0 2760.0 12620.0 12620.0 11040.0 13000.0 11820.0 13400.0 11820.0 11820.0 0.0 12620.0 13000.0 13400.0 13400.0 12620.0 12620.0 12220.0 13400.0 13400.0 3160.0 12620.0 13400.0 12620.0 1580.0 1980.0 13000.0 12220.0 11820.0 13000.0 11040.0 12220.0 10640.0 2760.0 12620.0 1980.0 2760.0 12620.0 2760.0 12220.0 13000.0 14180.0 3560.0 3160.0 13000.0 11820.0 12620.0 13000.0 11820.0 13000.0 12620.0 3560.0 12620.0 13400.0 11820.0 12220.0 12620.0 13800.0 13000.0 2760.0 1980.0 13000.0 2760.0 11820.0 10640.0 12220.0
0.0 14180.0 14580.0 5120.0 3160.0 13800.0 13400.0 4340.0 3560.0 12620.0 14580.0 14580.0 14580.0 3940.0 14580.0 12620.0 14580.0 14180.0 14580.0 3560.0 14580.0 13400.0 14580.0 13800.0 13800.0 13800.0 0.0 13400.0 3560.0 4340.0 14580.0 12620.0 11820.0 14980.0 13400.0 15360.0 15360.0 4740.0 3560.0 13400.0 12620.0 13400.0 13800.0 14180.0 4740.0 13800.0 3560.0 14180.0 14580.0 11820.0 14180.0 13800.0 3560.0 14980.0 3560.0 3160.0 13400.0 13400.0 14580.0 14180.0 13000.0 15360.0 5120.0 14180.0 13800.0 5120.0 14180.0 13800.0 13400.0 3940.0 14180.0 14180.0 15360.0 14180.0 14580.0 14180.0 14180.0 13800.0 4340.0 14180.0 12220.0
0.0 13000.0 13400.0 13000.0 11040.0 1980.0 3160.0 11420.0 12620.0 13400.0 1980.0 11820.0 11420.0 13400.0 13000.0 11820.0 12620.0 12620.0 3560.0 12620.0 2760.0 2760.0 1580.0 11040.0 11040.0 12220.0 13000.0 0.0 12220.0 13000.0 12620.0 1980.0 1980.0 13000.0 12620.0 13400.0 12620.0 12620.0 12620.0 11420.0 11820.0 2760.0 11820.0 2760.0 12620.0 12620.0 10640.0 12620.0 11820.0 3160.0 11040.0 11820.0 12620.0 13400.0 13400.0 10240.0 3160.0 13000.0 13400.0 12620.0 11820.0 12620.0 13400.0 1980.0 3560.0 12620.0 12220.0 800.0 1980.0 13400.0 2760.0 13000.0 13400.0 12220.0 13400.0 12620.0 13000.0 12220.0 12620.0 1980.0 11820.0
0.0 12620.0 12620.0 1980.0 2380.0 12220.0 11820.0 2760.0 1980.0 13400.0 13400.0 11820.0 13800.0 1580.0 12620.0 12220.0 12620.0 12220.0 12620.0 1200.0 13000.0 11820.0 13000.0 11420.0 13000.0 13000.0 2380.0 13000.0 0.0 1980.0 13000.0 12220.0 12620.0 11420.0 13400.0 13400.0 12220.0 2760.0 2380.0 11820.0 11820.0 13000.0 13000.0 11820.0 3160.0 10640.0 1980.0 13400.0 13400.0 13000.0 12220.0 13400.0 2760.0 11420.0 1980.0 2760.0 12620.0 13800.0 13000.0 12620.0 11820.0 12220.0 2380.0 12220.0 12620.0 3160.0 12220.0 11040.0 12620.0 2760.0 12220.0 12620.0 13800.0 10640.0 13800.0 12220.0 13400.0 12620.0 1580.0 12620.0 13000.0
0.0 11820.0 13000.0 1580.0 2760.0 12220.0 13000.0 1980.0 3940.0 12620.0 13000.0 13400.0 13000.0 2380.0 10640.0 12220.0 13000.0 11420.0 12220.0 2760.0 13400.0 13000.0 13000.0 12220.0 13000.0 13000.0 1580.0 12620.0 2760.0 0.0 12620.0 12220.0 12220.0 13400.0 13800.0 11820.0 12220.0 3560.0 2380.0 12220.0 11820.0 12620.0 12220.0 12620.0 3160.0 12620.0 2380.0 13400.0 11820.0 12620.0 13000.0 13000.0 800.0 13400.0 3160.0 1980.0 13400.0 13000.0 11040.0 12620.0 12620.0 11420.0 1980.0 12220.0 13400.0 3560.0 13400.0 12620.0 12620.0 1980.0 12220.0 13800.0 13800.0 13400.0 13000.0 12220.0 13400.0 12220.0 1980.0 12220.0 11820.0
0.0 3160.0 13400.0 12620.0 13800.0 13000.0 12620.0 13000.0 13400.0 13000.0 12220.0 13400.0 14580.0 12620.0 14180.0 3160.0 13800.0 3160.0 13400.0 11820.0 13800.0 12620.0 12220.0 2380.0 3940.0 13800.0 12620.0 13800.0 11820.0 13400.0 0.0 12220.0 12620.0 3160.0 3560.0 11040.0 3160.0 13400.0 13400.0 12620.0 13000.0 13800.0 3160.0 12620.0 13800.0 1580.0 13000.0 3160.0 14180.0 13400.0 13000.0 12220.0 14180.0 12220.0 13000.0 12620.0 13400.0 12220.0 13400.0 3560.0 3160.0 3160.0 13000.0 13400.0 13400.0 12220.0 13800.0 12620.0 13800.0 13400.0 12220.0 2760.0 3560.0 1980.0 13800.0 13000.0 2760.0 13400.0 12620.0 13000.0 3160.0
0.0 12620.0 12220.0 12620.0 13000.0 2760.0 2380.0 13400.0 13800.0 13400.0 2760.0 12620.0 13400.0 11820.0 13400.0 13000.0 13400.0 13000.0 3940.0 12620.0 2760.0 1200.0 2760.0 13000.0 12620.0 13400.0 13400.0 2760.0 12620.0 14580.0 12620.0 0.0 2380.0 13400.0 14180.0 13000.0 13000.0 13800.0 11820.0 12620.0 12620.0 2380.0 13400.0 1980.0 14580.0 13000.0 11820.0 11820.0 13800.0 2380.0 12220.0 13000.0 13400.0 13400.0 13000.0 12620.0 3940.0 14180.0 13400.0 13400.0 12620.0 13800.0 13400.0 2760.0 3160.0 13400.0 13000.0 1980.0 3160.0 13000.0 3160.0 11820.0 13400.0 13000.0 13800.0 13000.0 13400.0 13400.0 13400.0 3160.0 13400.0
0.0 13800.0 13000.0 13800.0 13000.0 2380.0 1580.0 13400.0 13000.0 13000.0 3560.0 13400.0 14180.0 12620.0 14180.0 12620.0 13000.0 12620.0 3560.0 11820.0 3560.0 1980.0 3560.0 12620.0 13400.0 13800.0 13400.0 3160.0 13400.0 13800.0 13400.0 2380.0 0.0 14180.0 14580.0 13800.0 13800.0 14580.0 12620.0 12620.0 13000.0 1580.0 13800.0 2760.0 13800.0 13800.0 12620.0 13800.0 13800.0 3160.0 13000.0 13400.0 13800.0 14580.0 12220.0 13000.0 3940.0 11820.0 13000.0 12620.0 12620.0 13800.0 14580.0 3160.0 4740.0 13800.0 13000.0 2760.0 3560.0 14180.0 3160.0 12620.0 14180.0 13800.0 14180.0 13800.0 14180.0 13000.0 12620.0 3560.0 13400.0
0.0 3160.0 13800.0 12220.0 11420.0 12620.0 13000.0 12620.0 12220.0 13800.0 12220.0 11820.0 13800.0 13000.0 13800.0 1980.0 13400.0 3160.0 13800.0 12220.0 14180.0 13000.0 12220.0 2760.0 3160.0 13000.0 13400.0 12620.0 11420.0 13400.0 2760.0 12220.0 12220.0 0.0 2760.0 12220.0 2760.0 13000.0 13400.0 12620.0 12220.0 13000.0 1580.0 13000.0 12620.0 1980.0 11040.0 3160.0 13800.0 13400.0 13400.0 12220.0 13800.0 12620.0 13400.0 12620.0 13400.0 13400.0 11820.0 3160.0 1980.0 3160.0 12620.0 11420.0 13800.0 13800.0 12220.0 11040.0 12620.0 13000.0 13400.0 3560.0 3160.0 1580.0 13800.0 13000.0 3940.0 12620.0 13000.0 13000.0 1980.0
0.0 2760.0 12620.0 12620.0 13000.0 12620.0 12220.0 13000.0 14180.0 13400.0 13400.0 12220.0 14180.0 12220.0 11820.0 2760.0 13400.0 2380.0 11820.0 11420.0 13400.0 12220.0 13400.0 1980.0 2760.0 11420.0 12620.0 13400.0 13400.0 11420.0 3560.0 12220.0 12220.0 3940.0 0.0 12620.0 2760.0 12620.0 11820.0 11820.0 12620.0 13000.0 2760.0 12220.0 13400.0 1200.0 12620.0 1980.0 13000.0 13400.0 12620.0 13400.0 12220.0 14180.0 12620.0 13000.0 14180.0 13800.0 12220.0 3160.0 2380.0 2380.0 13000.0 12220.0 13000.0 13400.0 12620.0 11420.0 13800.0 12620.0 13000.0 2760.0 3940.0 3560.0 13400.0 12220.0 3940.0 13000.0 12220.0 11040.0 2760.0
0.0 12620.0 3160.0 13000.0 13000.0 12620.0 11820.0 13000.0 12620.0 2380.0 11820.0 2760.0 3940.0 11820.0 3560.0 12620.0 3160.0 12620.0 13000.0 11420.0 13400.0 11820.0 11420.0 11820.0 13400.0 3160.0 12220.0 13400.0 11040.0 13000.0 13000.0 11420.0 13000.0 12220.0 13400.0 0.0 12620.0 13000.0 12620.0 1980.0 2760.0 13400.0 12620.0 12220.0 13400.0 11040.0 12620.0 13000.0 3560.0 13000.0 2380.0 1580.0 13400.0 2380.0 12220.0 11820.0 13000.0 1580.0 3160.0 13000.0 12620.0 12620.0 13400.0 12620.0 13000.0 11820.0 3160.0 11820.0 13400.0 13000.0 12620.0 12620.0 13400.0 11420.0 3560.0 2380.0 12220.0 2760.0 11820.0 12620.0 12620.0
0.0 2380.0 13400.0 12620.0 11420.0 14180.0 13400.0 12620.0 13000.0 11820.0 13400.0 13000.0 13800.0 13400.0 11820.0 1980.0 13800.0 2380.0 13000.0 13400.0 14180.0 13000.0 14180.0 2760.0 1200.0 13400.0 13400.0 12620.0 13000.0 12620.0 3560.0 12220.0 12220.0 3160.0 2760.0 13800.0 0.0 14180.0 13400.0 13400.0 13000.0 12620.0 3160.0 13000.0 12620.0 3160.0 13400.0 3560.0 12220.0 13400.0 13400.0 13400.0 12220.0 12220.0 13800.0 12620.0 13400.0 13400.0 13400.0 3160.0 3160.0 2380.0 13400.0 12620.0 12620.0 14180.0 13400.0 12620.0 13000.0 12620.0 13000.0 3560.0 4340.0 2760.0 13000.0 13000.0 4740.0 12220.0 13400.0 12620.0 2760.0
0.0 11820.0 13000.0 2760.0 2380.0 13000.0 13400.0 3160.0 3160.0 12220.0 13400.0 13400.0 12620.0 1980.0 12620.0 13000.0 13800.0 11040.0 12620.0 2760.0 13000.0 13000.0 13000.0 13000.0 12220.0 12620.0 2380.0 13400.0 2760.0 1980.0 11040.0 12220.0 12620.0 13800.0 13800.0 11820.0 13400.0 0.0 3160.0 11820.0 11820.0 13000.0 12220.0 11040.0 3560.0 12620.0 2760.0 11040.0 13400.0 13000.0 12620.0 12620.0 2760.0 13000.0 3560.0 2380.0 13800.0 13000.0 13000.0 12620.0 13400.0 11040.0 3560.0 12220.0 12220.0 2380.0 13800.0 12620.0 12220.0 2380.0 12220.0 13800.0 13800.0 13000.0 11420.0 12620.0 13000.0 12620.0 1580.0 12620.0 12220.0
0.0 13000.0 12220.0 3160.0 1980.0 11420.0 10640.0 3160.0 2760.0 11820.0 13000.0 11820.0 13400.0 1580.0 13000.0 11420.0 11820.0 11420.0 12620.0 800.0 12620.0 11040.0 12620.0 11420.0 12620.0 13000.0 2380.0 12220.0 2380.0 2760.0 12220.0 11420.0 12220.0 13000.0 13400.0 13000.0 13000.0 3560.0 0.0 11820.0 12220.0 12220.0 13000.0 11820.0 2760.0 13000.0 1580.0 13000.0 13400.0 12220.0 11820.0 12620.0 2760.0 13800.0 1200.0 1980.0 13000.0 13800.0 12220.0 11820.0 11820.0 12220.0 3560.0 12220.0 14180.0 1980.0 12220.0 11040.0 12620.0 3160.0 12220.0 11820.0 13000.0 12620.0 13000.0 12620.0 12220.0 11820.0 1580.0 12620.0 12620.0
0.0 14180.0 3940.0 13800.0 13800.0 13400.0 13000.0 14580.0 13400.0 3560.0 14180.0 2380.0 5120.0 13400.0 4340.0 13400.0 3940.0 13400.0 13800.0 13000.0 14180.0 13400.0 14580.0 12620.0 14580.0 3560.0 14180.0 14180.0 12220.0 13800.0 13800.0 13400.0 13400.0 13400.0 12620.0 4340.0 14180.0 14180.0 12620.0 0.0 2760.0 13800.0 13000.0 13800.0 14980.0 12620.0 13400.0 14180.0 5120.0 14180.0 3940.0 3560.0 14580.0 3560.0 13400.0 14180.0 14180.0 3560.0 3940.0 13400.0 12620.0 14180.0 14180.0 14180.0 14580.0 14180.0 2760.0 11820.0 13800.0 14580.0 13400.0 13800.0 14580.0 12220.0 5120.0 3560.0 13400.0 3160.0 13400.0 13400.0 13400.0
0.0 14180.0 3160.0 14580.0 13800.0 13000.0 14180.0 14180.0 14580.0 5120.0 13400.0 3160.0 4740.0 13400.0 3940.0 13000.0 3560.0 14580.0 15360.0 13400.0 12620.0 14180.0 13400.0 13800.0 14180.0 4740.0 14580.0 13800.0 13000.0 14580.0 14580.0 13400.0 13400.0 14180.0 15360.0 4340.0 14180.0 14580.0 13800.0 3940.0 0.0 13000.0 13400.0 13400.0 15360.0 13400.0 12220.0 14180.0 3940.0 14580.0 2380.0 3560.0 13800.0 4340.0 14580.0 13400.0 14580.0 1980.0 4740.0 13400.0 13400.0 14580.0 14580.0 14580.0 15360.0 14180.0 3560.0 12620.0 14180.0 13000.0 13400.0 13800.0 13400.0 13400.0 3940.0 2380.0 14180.0 3560.0 13800.0 13400.0 13800.0
0.0 13800.0 13000.0 13800.0 12620.0 1580.0 3160.0 12220.0 13800.0 14180.0 3160.0 13400.0 13800.0 13400.0 14980.0 11820.0 12220.0 13400.0 4740.0 13400.0 4340.0 2760.0 3940.0 12620.0 13000.0 13400.0 13800.0 2380.0 12620.0 14180.0 13400.0 1980.0 2760.0 13800.0 13800.0 13800.0 13400.0 13800.0 13400.0 13400.0 12620.0 0.0 12620.0 3160.0 14180.0 13000.0 13000.0 13400.0 14180.0 3560.0 13400.0 13000.0 13800.0 13800.0 13400.0 12620.0 3560.0 14180.0 13000.0 12220.0 12220.0 13400.0 14580.0 3160.0 4340.0 13400.0 13800.0 2760.0 3560.0 13800.0 3940.0 13400.0 13800.0 12620.0 14580.0 14180.0 13400.0 12220.0 13400.0 3560.0 12620.0
0.0 2380.0 13000.0 13400.0 11420.0 13400.0 13000.0 12620.0 12220.0 12620.0 11420.0 13000.0 12620.0 12220.0 13800.0 800.0 12620.0 1980.0 13000.0 11820.0 13400.0 11820.0 12220.0 1980.0 1980.0 13400.0 13000.0 11420.0 12620.0 13400.0 1200.0 11040.0 12220.0 2760.0 3160.0 11820.0 3560.0 11420.0 12620.0 12620.0 13000.0 12620.0 0.0 12620.0 13000.0 2760.0 11820.0 1580.0 13400.0 12220.0 12620.0 10640.0 13400.0 13000.0 13400.0 11420.0 12220.0 13400.0 13000.0 3160.0 2760.0 1980.0 13000.0 12220.0 12220.0 13000.0 12220.0 12220.0 13000.0 13000.0 13000.0 2760.0 1580.0 1980.0 12620.0 13000.0 3560.0 13000.0 12220.0 13000.0 400.0
0.0 12620.0 13000.0 13800.0 13000.0 3160.0 2760.0 12220.0 12620.0 11820.0 3160.0 12620.0 14580.0 13400.0 13800.0 13400.0 13400.0 13400.0 3940.0 13000.0 3160.0 3160.0 2760.0 11820.0 14180.0 12620.0 11820.0 3940.0 13000.0 13800.0 12620.0 2760.0 3160.0 13800.0 14180.0 13400.0 13800.0 13000.0 13400.0 13400.0 11040.0 2380.0 12620.0 0.0 13800.0 13400.0 11820.0 13000.0 13000.0 3560.0 13400.0 12620.0 12620.0 13400.0 13400.0 11420.0 3160.0 13000.0 13800.0 11820.0 12620.0 13400.0 14180.0 3160.0 4340.0 11420.0 13400.0 1980.0 2760.0 13000.0 3160.0 13800.0 13800.0 13000.0 13400.0 13000.0 11820.0 12220.0 13400.0 3160.0 13000.0
0.0 13000.0 12220.0 3560.0 2380.0 13400.0 13400.0 1980.0 1980.0 13800.0 12220.0 11820.0 14180.0 3160.0 12220.0 13000.0 13400.0 11820.0 13400.0 2760.0 11820.0 13400.0 13400.0 13000.0 13400.0 13000.0 1200.0 13400.0 3160.0 2760.0 13400.0 13000.0 12620.0 13400.0 13800.0 12220.0 13800.0 3560.0 2760.0 13000.0 13000.0 12220.0 12620.0 13400.0 0.0 12220.0 2760.0 13400.0 13000.0 12220.0 11820.0 13000.0 2380.0 14580.0 1580.0 2380.0 13400.0 13400.0 12620.0 13000.0 13400.0 12620.0 3940.0 13000.0 14180.0 3560.0 12220.0 13000.0 12620.0 2380.0 12620.0 13000.0 12620.0 12620.0 11820.0 11820.0 13400.0 12620.0 2760.0 11820.0 12620.0
0.0 3160.0 12220.0 12620.0 12620.0 11820.0 11040.0 13000.0 13400.0 13000.0 13000.0 12620.0 13400.0 11040.0 13400.0 1580.0 12220.0 1580.0 12220.0 10640.0 12620.0 11040.0 12620.0 800.0 2380.0 13000.0 12220.0 12220.0 12620.0 13000.0 2380.0 11820.0 12220.0 3160.0 3560.0 13000.0 1580.0 13000.0 11820.0 11420.0 12220.0 12620.0 2380.0 11420.0 12620.0 0.0 11820.0 2760.0 13800.0 12220.0 11420.0 13000.0 13400.0 13800.0 11420.0 12220.0 13400.0 13400.0 12220.0 1980.0 2380.0 1580.0 13000.0 11820.0 12220.0 12620.0 13000.0 11820.0 13000.0 13000.0 11820.0 1980.0 3160.0 2760.0 13400.0 11420.0 2760.0 12220.0 11040.0 12220.0 2760.0
0.0 13800.0 13000.0 3160.0 2760.0 11820.0 13000.0 3560.0 2760.0 13000.0 11420.0 11040.0 13800.0 2760.0 13800.0 11820.0 12620.0 12620.0 14180.0 2760.0 13400.0 12220.0 11420.0 13400.0 13000.0 13800.0 3560.0 12620.0 2380.0 3560.0 12620.0 11420.0 13000.0 13000.0 14180.0 13400.0 12220.0 2760.0 2760.0 13000.0 11420.0 12620.0 13000.0 13000.0 3160.0 12620.0 0.0 13000.0 13800.0 13000.0 13000.0 11420.0 3560.0 13800.0 3160.0 2760.0 13000.0 13400.0 12620.0 12220.0 11040.0 12220.0 3560.0 12220.0 13400.0 3160.0 11820.0 10640.0 13400.0 3160.0 13400.0 12620.0 13000.0 12220.0 13800.0 12620.0 13400.0 11820.0 3160.0 12220.0 13000.0
0.0 1200.0 12220.0 12220.0 11420.0 13400.0 12620.0 12620.0 13000.0 13400.0 13000.0 13400.0 13400.0 13000.0 12620.0 2380.0 13800.0 3160.0 13800.0 12220.0 13800.0 13000.0 13400.0 2760.0 1200.0 13800.0 12220.0 13000.0 13800.0 13000.0 1980.0 12620.0 11820.0 3160.0 2760.0 12620.0 3560.0 13400.0 12220.0 12620.0 11820.0 12620.0 1980.0 13000.0 13000.0 1980.0 12620.0 0.0 12620.0 12220.0 12620.0 12620.0 12220.0 12620.0 12620.0 12620.0 13800.0 13400.0 13000.0 3560.0 3160.0 3160.0 12620.0 11420.0 13800.0 13400.0 13800.0 13000.0 13800.0 11420.0 11820.0 3160.0 3560.0 2760.0 12220.0 11820.0 3560.0 13400.0 13000.0 11820.0 1980.0
0.0 12620.0 3160.0 11420.0 13000.0 12620.0 11820.0 11420.0 13400.0 3560.0 12620.0 3160.0 3940.0 11820.0 1980.0 12220.0 3160.0 12620.0 13000.0 11420.0 13400.0 11820.0 13000.0 11820.0 13400.0 3560.0 12620.0 12620.0 13000.0 11420.0 12220.0 12220.0 11420.0 13000.0 13800.0 1980.0 12620.0 12620.0 12620.0 1580.0 1980.0 13000.0 11420.0 12220.0 13400.0 11040.0 12620.0 12220.0 0.0 13000.0 2380.0 1980.0 12220.0 3560.0 12220.0 12220.0 13400.0 1580.0 2380.0 12620.0 13000.0 12620.0 12220.0 10640.0 13000.0 13400.0 3560.0 12620.0 13800.0 12620.0 11040.0 12620.0 13000.0 12220.0 3560.0 2380.0 13800.0 2760.0 11820.0 10640.0 11420.0
0.0 13800.0 13400.0 14180.0 12220.0 2380.0 1980.0 13800.0 11820.0 13000.0 3560.0 13400.0 14580.0 12620.0 13000.0 12620.0 13000.0 12620.0 3560.0 12220.0 3560.0 1980.0 3560.0 12620.0 13800.0 13000.0 12620.0 3160.0 13400.0 13800.0 13400.0 2760.0 400.0 14180.0 13400.0 13800.0 13800.0 13400.0 12220.0 13000.0 13000.0 1980.0 12220.0 2760.0 13800.0 12220.0 12620.0 13000.0 13800.0 0.0 13000.0 13000.0 13400.0 14580.0 12220.0 13400.0 3560.0 12220.0 13000.0 13000.0 13000.0 13800.0 14580.0 3560.0 3940.0 13800.0 13000.0 2760.0 2380.0 14180.0 3560.0 13000.0 13800.0 13800.0 14180.0 12620.0 13000.0 12620.0 12620.0 3160.0 12620.0
0.0 13000.0 3940.0 13800.0 13800.0 13800.0 13400.0 14180.0 13400.0 3560.0 13800.0 3560.0 3940.0 12620.0 1980.0 13400.0 4340.0 12620.0 13400.0 13400.0 13800.0 13400.0 13400.0 13400.0 13400.0 2380.0 12220.0 13800.0 14180.0 13800.0 13400.0 13400.0 13400.0 14580.0 14180.0 3940.0 12620.0 12620.0 13400.0 2380.0 3560.0 13000.0 13800.0 13000.0 14180.0 13000.0 13800.0 12620.0 2760.0 13800.0 0.0 3560.0 12220.0 4340.0 13400.0 13800.0 13800.0 3940.0 4340.0 12620.0 13400.0 12620.0 14180.0 13000.0 14180.0 14180.0 3940.0 13000.0 11820.0 13400.0 13400.0 14180.0 14580.0 13400.0 3160.0 3560.0 14180.0 2380.0 12220.0 12620.0 13800.0
0.0 13000.0 2760.0 13400.0 13400.0 13800.0 13400.0 13800.0 13000.0 3160.0 11820.0 3160.0 3560.0 12620.0 3560.0 13800.0 3940.0 12220.0 13800.0 13000.0 13400.0 11820.0 11420.0 13400.0 13400.0 3560.0 13400.0 13400.0 13000.0 13400.0 11420.0 11820.0 11820.0 13400.0 14580.0 1980.0 13800.0 11420.0 12620.0 2760.0 3160.0 13000.0 13400.0 12220.0 13400.0 12620.0 12620.0 12220.0 3160.0 11420.0 3160.0 0.0 13800.0 3160.0 13400.0 13400.0 13000.0 3160.0 3560.0 13800.0 13400.0 12220.0 13800.0 12620.0 13400.0 13400.0 3160.0 12620.0 13400.0 13400.0 13400.0 12620.0 13400.0 12620.0 2380.0 3560.0 13800.0 2760.0 12620.0 12620.0 13400.0
0.0 11040.0 12220.0 2380.0 3160.0 13000.0 12620.0 1980.0 3560.0 13400.0 13400.0 13400.0 14180.0 2760.0 12220.0 12620.0 13400.0 13000.0 13400.0 1980.0 13400.0 12620.0 13400.0 11820.0 13400.0 13400.0 1980.0 13000.0 3560.0 1980.0 11820.0 12620.0 11820.0 13400.0 14180.0 12620.0 13400.0 3560.0 1980.0 11820.0 12620.0 12620.0 12220.0 13000.0 2380.0 11820.0 2380.0 12620.0 11040.0 11820.0 12620.0 12620.0 0.0 13800.0 2380.0 2760.0 13400.0 12220.0 13000.0 13400.0 13400.0 13000.0 2760.0 11420.0 13400.0 3560.0 13800.0 12620.0 13800.0 1200.0 11420.0 13000.0 13400.0 12620.0 12220.0 11420.0 14180.0 12220.0 2760.0 11420.0 12220.0
0.0 11040.0 2380.0 10640.0 12220.0 12620.0 12620.0 11420.0 11820.0 3560.0 13000.0 1980.0 3940.0 12620.0 2380.0 12220.0 3160.0 13000.0 13400.0 12220.0 12620.0 12620.0 13000.0 11820.0 13400.0 2760.0 12220.0 13000.0 13000.0 13000.0 12220.0 12220.0 12220.0 11820.0 11820.0 2760.0 12620.0 13000.0 12220.0 2380.0 1200.0 13000.0 11820.0 12620.0 13800.0 11820.0 11820.0 13000.0 2760.0 12220.0 2760.0 2380.0 12220.0 0.0 13000.0 11420.0 13800.0 3160.0 1580.0 13000.0 12220.0 13400.0 11420.0 12620.0 13400.0 13400.0 2380.0 11420.0 12620.0 11420.0 11820.0 13000.0 13000.0 10640.0 2380.0 1980.0 13400.0 2760.0 12620.0 11420.0 11820.0
0.0 13000.0 13400.0 2760.0 2760.0 12220.0 13000.0 3160.0 3940.0 13800.0 13800.0 12620.0 13400.0 2760.0 12220.0 12220.0 12620.0 10640.0 13400.0 2380.0 12620.0 13000.0 13400.0 12620.0 13000.0 14180.0 1980.0 12620.0 3160.0 1980.0 13400.0 12220.0 12220.0 13800.0 13800.0 13800.0 12220.0 3160.0 3560.0 11420.0 13000.0 12620.0 12620.0 13000.0 3940.0 11820.0 3160.0 13400.0 13000.0 13400.0 13000.0 12220.0 2380.0 14180.0 0.0 2760.0 13400.0 13800.0 11040.0 12620.0 13800.0 12620.0 3160.0 11820.0 13400.0 4340.0 13000.0 13000.0 13800.0 3560.0 13400.0 13400.0 13400.0 13000.0 14180.0 13000.0 13800.0 12620.0 1200.0 12620.0 11420.0
0.0 13400.0 13400.0 3560.0 2760.0 12220.0 13400.0 1200.0 3160.0 13400.0 11820.0 11820.0 14180.0 3160.0 13400.0 12220.0 13000.0 13000.0 14180.0 2760.0 12620.0 12620.0 11820.0 11040.0 13400.0 12220.0 3160.0 13000.0 1980.0 3940.0 12620.0 11820.0 13400.0 13000.0 14180.0 13400.0 12620.0 2760.0 3560.0 12620.0 11820.0 13000.0 11820.0 13400.0 3560.0 12620.0 800.0 12620.0 14180.0 13400.0 13000.0 11820.0 3560.0 13400.0 3560.0 0.0 13400.0 13400.0 13400.0 12620.0 11820.0 13000.0 3560.0 13000.0 13800.0 3560.0 12220.0 11040.0 11820.0 3160.0 13400.0 13000.0 13400.0 12220.0 13800.0 12620.0 14180.0 12220.0 2380.0 11820.0 11820.0
0.0 12220.0 11820.0 13000.0 12220.0 2380.0 1980.0 12620.0 11820.0 13000.0 1200.0 12620.0 13800.0 12220.0 11820.0 12620.0 13000.0 12220.0 3160.0 12220.0 2760.0 2380.0 3160.0 12620.0 13000.0 12620.0 13000.0 2760.0 12620.0 12220.0 13000.0 2760.0 1200.0 13000.0 11820.0 13000.0 13400.0 13000.0 11420.0 13000.0 12220.0 1980.0 12620.0 2380.0 13000.0 12620.0 11820.0 11820.0 12220.0 3160.0 11820.0 12220.0 11420.0 13800.0 12620.0 12620.0 0.0 13000.0 12620.0 11420.0 12620.0 12220.0 12220.0 2380.0 3560.0 13400.0 13000.0 1980.0 2380.0 10640.0 800.0 11820.0 13000.0 12220.0 11420.0 11040.0 13400.0 11420.0 13000.0 2380.0 13000.0
0.0 12220.0 3560.0 13400.0 13000.0 13000.0 12220.0 13400.0 13800.0 3940.0 12620.0 2760.0 4340.0 13000.0 3160.0 13000.0 3560.0 12620.0 14180.0 12620.0 13800.0 12620.0 14180.0 13000.0 14180.0 3940.0 13000.0 13800.0 13400.0 13000.0 13400.0 13000.0 13000.0 13400.0 14180.0 3160.0 13800.0 13400.0 13400.0 3160.0 2760.0 12220.0 13400.0 13400.0 14180.0 13000.0 13000.0 13400.0 1980.0 13400.0 3560.0 3160.0 13400.0 4340.0 12620.0 13000.0 13000.0 0.0 3560.0 11420.0 12620.0 12620.0 13800.0 12620.0 14580.0 14580.0 3160.0 11820.0 13800.0 12620.0 13000.0 13400.0 13800.0 12620.0 3560.0 2760.0 14980.0 1580.0 13400.0 12620.0 13400.0
0.0 13400.0 2380.0 13800.0 11820.0 11420.0 12620.0 13000.0 13400.0 3160.0 13400.0 2760.0 3160.0 12620.0 3160.0 11040.0 1980.0 12620.0 13000.0 13000.0 13800.0 12220.0 13400.0 12620.0 12220.0 3940.0 12220.0 11820.0 13400.0 13800.0 13400.0 11420.0 11420.0 13800.0 13400.0 3160.0 11420.0 13400.0 13000.0 1200.0 3160.0 12220.0 13400.0 13000.0 13400.0 13800.0 12220.0 12620.0 3160.0 13000.0 2760.0 1980.0 13400.0 3160.0 13000.0 11820.0 12620.0 3160.0 0.0 11820.0 13000.0 13000.0 14180.0 13800.0 12620.0 13800.0 2380.0 12220.0 13400.0 13000.0 13400.0 13000.0 13800.0 13000.0 3560.0 2380.0 13800.0 1980.0 13400.0 13400.0 10640.0
0.0 3160.0 12220.0 13400.0 12620.0 11420.0 11040.0 12620.0 13000.0 12620.0 12620.0 11420.0 13000.0 11820.0 13000.0 1580.0 12220.0 1580.0 13000.0 11420.0 13000.0 11420.0 13000.0 1580.0 2760.0 13000.0 12620.0 12220.0 12220.0 13000.0 2380.0 11820.0 12620.0 2380.0 2760.0 11820.0 3160.0 13000.0 12220.0 11820.0 11820.0 10640.0 3160.0 12220.0 13400.0 2760.0 11820.0 3160.0 12620.0 12620.0 12220.0 13000.0 12620.0 13400.0 11420.0 12220.0 11420.0 13400.0 12220.0 0.0 1200.0 1580.0 13400.0 12620.0 13800.0 13000.0 11820.0 10640.0 12620.0 12220.0 12220.0 1980.0 3560.0 1200.0 13000.0 12220.0 3560.0 10240.0 11820.0 12220.0 2760.0
0.0 3160.0 13000.0 14180.0 13400.0 13000.0 12620.0 13000.0 13800.0 13000.0 12620.0 12220.0 13800.0 13400.0 13800.0 2760.0 13000.0 3160.0 14180.0 12620.0 12620.0 12620.0 12220.0 3160.0 3560.0 13400.0 13800.0 13000.0 13000.0 14580.0 3560.0 12620.0 13800.0 3560.0 4740.0 14180.0 3160.0 13800.0 12220.0 13000.0 10640.0 13000.0 3160.0 13400.0 13800.0 2380.0 11420.0 3940.0 14180.0 13800.0 13000.0 12620.0 13800.0 14180.0 13000.0 13000.0 13800.0 12220.0 13000.0 3560.0 0.0 3560.0 12620.0 13400.0 14180.0 13400.0 11820.0 11420.0 13800.0 13400.0 13400.0 2380.0 3560.0 3160.0 14180.0 12620.0 3940.0 13000.0 13400.0 12220.0 3160.0
0.0 2760.0 13000.0 12220.0 13400.0 12620.0 12620.0 13000.0 13800.0 11420.0 13000.0 13000.0 11820.0 11420.0 11820.0 2380.0 13000.0 400.0 13400.0 12620.0 12620.0 13000.0 13000.0 2760.0 3160.0 11820.0 11820.0 13400.0 13000.0 11820.0 2760.0 12620.0 13000.0 3560.0 3560.0 13400.0 2760.0 13000.0 13000.0 11040.0 12220.0 12220.0 2380.0 11420.0 14180.0 2380.0 13000.0 2380.0 13000.0 13000.0 11820.0 11820.0 12220.0 14180.0 13000.0 12620.0 13400.0 13800.0 12620.0 1980.0 2760.0 0.0 13000.0 11420.0 14180.0 13000.0 13400.0 12220.0 11420.0 13000.0 13400.0 3160.0 3160.0 2760.0 13800.0 12620.0 3160.0 11820.0 11040.0 12220.0 2380.0
0.0 10640.0 11820.0 2760.0 1980.0 11420.0 12220.0 400.0 2760.0 13000.0 11820.0 13000.0 13000.0 2380.0 12220.0 11420.0 12220.0 12620.0 13400.0 1980.0 13000.0 12220.0 12620.0 12620.0 12620.0 13400.0 1580.0 11820.0 2760.0 2760.0 11420.0 11420.0 11420.0 13400.0 13400.0 12220.0 11820.0 1980.0 1980.0 11420.0 11040.0 12220.0 10640.0 12620.0 3560.0 12620.0 2380.0 11820.0 11420.0 11820.0 12220.0 11040.0 1980.0 13400.0 2380.0 1980.0 12620.0 12620.0 10640.0 12220.0 13000.0 12620.0 0.0 12220.0 12620.0 3560.0 12220.0 12220.0 13400.0 1200.0 11420.0 12220.0 12220.0 12220.0 11820.0 11420.0 13800.0 11820.0 1200.0 12220.0 10640.0
0.0 12220.0 13000.0 11040.0 12220.0 2760.0 3160.0 11420.0 13000.0 13000.0 1980.0 12620.0 13400.0 11820.0 13000.0 11420.0 13400.0 13000.0 3560.0 11420.0 3160.0 1980.0 2760.0 11820.0 12620.0 13800.0 13000.0 1980.0 13400.0 13400.0 11820.0 1580.0 2380.0 12220.0 13400.0 12620.0 13000.0 12220.0 12620.0 12220.0 11420.0 2760.0 11040.0 1980.0 13400.0 13400.0 12220.0 12220.0 13000.0 2760.0 12620.0 11420.0 12620.0 13400.0 13400.0 11420.0 2760.0 13400.0 11820.0 12620.0 12220.0 13000.0 11420.0 0.0 2760.0 13400.0 13000.0 1980.0 3160.0 12220.0 2380.0 12620.0 12220.0 12620.0 13000.0 12220.0 13800.0 12620.0 12220.0 2760.0 11040.0
0.0 13000.0 13000.0 12620.0 13000.0 2380.0 1580.0 13400.0 13000.0 12620.0 3160.0 12220.0 14180.0 12220.0 12220.0 12220.0 13000.0 12620.0 800.0 11820.0 3560.0 1980.0 3160.0 12220.0 13400.0 13800.0 13400.0 3160.0 11040.0 13000.0 13400.0 2380.0 800.0 12220.0 13800.0 11820.0 13000.0 13400.0 11040.0 12620.0 12220.0 2380.0 13000.0 2380.0 13400.0 11420.0 12620.0 13400.0 13000.0 3160.0 12620.0 13400.0 12220.0 12220.0 12220.0 13000.0 3560.0 12620.0 13000.0 12620.0 12220.0 12620.0 13400.0 2760.0 0.0 13000.0 13000.0 1580.0 3160.0 11820.0 1980.0 12620.0 13800.0 11040.0 13000.0 12220.0 13400.0 12620.0 12220.0 3160.0 13400.0
0.0 11040.0 12620.0 2380.0 1580.0 12620.0 13000.0 3160.0 1200.0 11040.0 12620.0 11820.0 13800.0 3160.0 12620.0 12620.0 12220.0 12620.0 13800.0 2760.0 13800.0 13000.0 12620.0 13000.0 13400.0 11820.0 400.0 13000.0 3560.0 3160.0 12220.0 12620.0 11820.0 13800.0 13000.0 13000.0 13400.0 2380.0 2380.0 12620.0 13000.0 12220.0 13400.0 13400.0 2380.0 12620.0 2760.0 12220.0 13000.0 12220.0 13000.0 11420.0 2380.0 12220.0 2380.0 2380.0 13000.0 13400.0 13000.0 12220.0 13400.0 13000.0 2760.0 13000.0 13800.0 0.0 12220.0 12620.0 11820.0 1580.0 11820.0 13400.0 13800.0 13000.0 12220.0 11820.0 10640.0 12220.0 2380.0 12220.0 12220.0
0.0 12620.0 1580.0 12620.0 12220.0 11420.0 11420.0 13000.0 13000.0 2760.0 13400.0 2760.0 2380.0 12220.0 3160.0 11420.0 1200.0 12220.0 13400.0 11820.0 12220.0 11820.0 13400.0 12220.0 12620.0 2760.0 12220.0 11820.0 12220.0 13800.0 12620.0 11820.0 11820.0 12620.0 13800.0 3160.0 12220.0 13800.0 12620.0 2380.0 2380.0 12220.0 12620.0 12620.0 13800.0 12620.0 12220.0 12620.0 3560.0 13000.0 2380.0 2760.0 13400.0 3160.0 11820.0 11820.0 13000.0 3560.0 2760.0 11820.0 13000.0 13000.0 13000.0 11820.0 14180.0 11820.0 0.0 12220.0 13400.0 13000.0 12220.0 11420.0 13000.0 12220.0 3560.0 2380.0 12220.0 1580.0 12220.0 13000.0 12620.0
0.0 13800.0 13000.0 13800.0 13400.0 2760.0 2760.0 13400.0 13800.0 13000.0 3160.0 11040.0 13400.0 13400.0 14180.0 13000.0 12620.0 13400.0 4340.0 13000.0 3560.0 3160.0 3160.0 13400.0 13800.0 13800.0 13400.0 3160.0 12220.0 13800.0 13400.0 2380.0 2760.0 13400.0 14180.0 14180.0 13400.0 12620.0 12620.0 13400.0 11420.0 2380.0 13800.0 3560.0 14580.0 13000.0 12220.0 13400.0 13400.0 3940.0 12620.0 13000.0 13800.0 13400.0 13000.0 13000.0 2760.0 13000.0 12620.0 13000.0 11040.0 13400.0 13400.0 3160.0 3940.0 13000.0 11420.0 0.0 3560.0 13400.0 3560.0 12620.0 14180.0 12620.0 13800.0 12220.0 13400.0 11820.0 13400.0 2760.0 13000.0
0.0 11820.0 12220.0 13000.0 12220.0 1980.0 1580.0 13400.0 13400.0 13000.0 1980.0 11820.0 13400.0 12220.0 12220.0 12220.0 12620.0 11820.0 3160.0 11820.0 3560.0 1580.0 1580.0 12220.0 12220.0 10640.0 12620.0 2760.0 12620.0 13400.0 12620.0 1980.0 2760.0 12620.0 13400.0 12220.0 13000.0 11820.0 12620.0 11820.0 12220.0 1200.0 12620.0 2380.0 13400.0 11420.0 12220.0 11040.0 13000.0 2760.0 12620.0 11820.0 12620.0 13400.0 11820.0 13000.0 1980.0 13800.0 13000.0 10640.0 11820.0 11820.0 13400.0 1980.0 3160.0 13000.0 12220.0 1200.0 0.0 12220.0 2380.0 12620.0 13400.0 11820.0 12620.0 12620.0 13400.0 10640.0 12220.0 800.0 13000.0
0.0 11420.0 11040.0 3160.0 2760.0 12220.0 11420.0 1980.0 2760.0 12220.0 12620.0 12220.0 13400.0 1580.0 11040.0 12220.0 12620.0 11820.0 12620.0 1580.0 13000.0 11820.0 12620.0 12220.0 12620.0 12620.0 2380.0 13000.0 2760.0 1980.0 12620.0 12220.0 10640.0 12620.0 14180.0 12620.0 13000.0 3160.0 800.0 12620.0 11820.0 11420.0 12220.0 11820.0 3160.0 12620.0 1580.0 11420.0 11820.0 12620.0 11420.0 12620.0 800.0 13800.0 1980.0 2760.0 13000.0 12220.0 12220.0 12620.0 12220.0 11820.0 1980.0 12220.0 14180.0 2760.0 13000.0 11820.0 13000.0 0.0 10240.0 12220.0 13800.0 11420.0 11040.0 10640.0 13000.0 12620.0 2380.0 12220.0 12220.0
0.0 12220.0 13400.0 13000.0 12620.0 1980.0 1980.0 11820.0 13000.0 13000.0 3160.0 12620.0 14180.0 11420.0 13400.0 12220.0 12620.0 12620.0 3560.0 12220.0 3560.0 2380.0 3560.0 12620.0 12220.0 14180.0 13000.0 2760.0 13400.0 13800.0 13000.0 2380.0 400.0 12220.0 13800.0 13400.0 13000.0 13400.0 13000.0 12620.0 11420.0 1980.0 12220.0 1580.0 14180.0 13000.0 12620.0 11420.0 13000.0 3160.0 11820.0 12620.0 13400.0 13400.0 12220.0 12620.0 3940.0 12220.0 11820.0 12620.0 12620.0 13800.0 11820.0 2380.0 3940.0 13000.0 13000.0 1980.0 3560.0 12620.0 0.0 13000.0 13400.0 11420.0 13400.0 12620.0 13400.0 12620.0 13000.0 2760.0 12220.0
0.0 2380.0 11820.0 12620.0 11820.0 13000.0 12220.0 12220.0 13000.0 13800.0 13000.0 12220.0 12220.0 12220.0 11820.0 2760.0 12620.0 2380.0 13400.0 11820.0 11040.0 12220.0 12620.0 1980.0 1580.0 11820.0 13000.0 11040.0 11040.0 13000.0 3160.0 12620.0 12220.0 1580.0 3160.0 13000.0 3160.0 13400.0 12620.0 12220.0 12620.0 11420.0 2380.0 12620.0 13400.0 1580.0 11820.0 1980.0 13000.0 13400.0 11420.0 13000.0 12220.0 12220.0 12620.0 11040.0 13400.0 13400.0 12220.0 3160.0 2380.0 2380.0 12220.0 12620.0 13400.0 13400.0 13000.0 11820.0 13000.0 11820.0 11820.0 0.0 1980.0 1200.0 12620.0 11040.0 2760.0 13000.0 12220.0 11820.0 2380.0
0.0 2760.0 11420.0 13000.0 12220.0 13000.0 13000.0 13800.0 13400.0 13400.0 12220.0 11420.0 14180.0 12620.0 13800.0 3160.0 11040.0 3560.0 13800.0 12220.0 13400.0 12620.0 13000.0 2760.0 2760.0 13800.0 12620.0 13800.0 12620.0 14580.0 2380.0 13000.0 13000.0 1200.0 3560.0 13000.0 1980.0 13400.0 13400.0 11820.0 11820.0 11820.0 2760.0 12220.0 13800.0 1980.0 12220.0 3560.0 13400.0 13800.0 13000.0 13000.0 13800.0 13800.0 13400.0 13400.0 13400.0 13800.0 12620.0 3560.0 1580.0 3560.0 13800.0 12220.0 13800.0 12620.0 12220.0 11040.0 13400.0 13000.0 13000.0 3160.0 0.0 400.0 13800.0 13000.0 2760.0 12220.0 11820.0 13000.0 2760.0
0.0 3940.0 13400.0 13000.0 12220.0 13000.0 13400.0 13400.0 13000.0 13400.0 13400.0 11420.0 13800.0 13800.0 13400.0 3160.0 13000.0 3560.0 14580.0 13400.0 13800.0 13400.0 13000.0 3560.0 3940.0 13800.0 13800.0 13400.0 12620.0 14180.0 3560.0 13000.0 13000.0 1200.0 3560.0 13400.0 3940.0 13000.0 13400.0 13400.0 11820.0 12620.0 2760.0 12220.0 13800.0 2760.0 11820.0 3940.0 13800.0 14180.0 13000.0 13400.0 13800.0 13800.0 13400.0 13000.0 13400.0 13400.0 12620.0 3160.0 1580.0 3560.0 13400.0 12220.0 14580.0 13400.0 11820.0 10640.0 13400.0 13800.0 13800.0 3160.0 3940.0 0.0 14180.0 12620.0 3160.0 12220.0 13800.0 13400.0 2760.0
0.0 12620.0 3560.0 12220.0 13400.0 13000.0 13000.0 12620.0 14180.0 3560.0 13400.0 2380.0 3560.0 12620.0 1580.0 13000.0 3560.0 12220.0 13000.0 13000.0 13400.0 13400.0 13400.0 13000.0 13000.0 2760.0 12620.0 13400.0 13400.0 11040.0 13400.0 13000.0 11420.0 13400.0 14580.0 2760.0 12220.0 13800.0 13400.0 3160.0 2380.0 13000.0 13000.0 12620.0 13800.0 13000.0 13400.0 12220.0 2380.0 13400.0 2760.0 3560.0 11820.0 3940.0 13400.0 13000.0 14180.0 1980.0 1980.0 13000.0 12220.0 12220.0 12620.0 13000.0 14180.0 13800.0 2760.0 11420.0 12220.0 12620.0 11040.0 12620.0 14180.0 12220.0 0.0 3160.0 14180.0 2760.0 13000.0 13000.0 12220.0
0.0 11820.0 800.0 13000.0 13000.0 12620.0 13400.0 13000.0 12620.0 3940.0 12620.0 1980.0 3940.0 11820.0 3160.0 13000.0 3160.0 13400.0 14580.0 11420.0 13400.0 12220.0 12220.0 11820.0 13800.0 2380.0 13000.0 13400.0 13000.0 13800.0 13000.0 12220.0 12620.0 13800.0 14580.0 1980.0 13000.0 13000.0 12620.0 2380.0 1580.0 11420.0 13400.0 12220.0 13400.0 13000.0 11040.0 13000.0 3560.0 13000.0 2380.0 2380.0 13000.0 4340.0 13400.0 13400.0 13800.0 3560.0 3560.0 13400.0 12220.0 13400.0 13400.0 12620.0 13800.0 13400.0 2380.0 11420.0 13400.0 12220.0 12620.0 12620.0 13800.0 13000.0 3160.0 0.0 13800.0 2760.0 12220.0 12620.0 13400.0
0.0 2380.0 12220.0 12220.0 11420.0 12220.0 12620.0 12620.0 11040.0 13800.0 13000.0 11420.0 13800.0 13000.0 13400.0 2380.0 11820.0 2380.0 14180.0 12620.0 13400.0 13000.0 13000.0 3160.0 3160.0 11420.0 13000.0 13000.0 13800.0 13400.0 3160.0 12220.0 12220.0 3560.0 2760.0 13400.0 2760.0 13000.0 13400.0 12220.0 12620.0 11820.0 2760.0 13400.0 13000.0 2380.0 12620.0 1980.0 13800.0 13400.0 13400.0 13000.0 13400.0 11820.0 12220.0 12620.0 13400.0 13800.0 12620.0 1980.0 3160.0 3160.0 12620.0 12620.0 14180.0 13000.0 11820.0 12220.0 11420.0 12620.0 12620.0 3160.0 3560.0 2380.0 12620.0 11820.0 0.0 11820.0 11820.0 11820.0 2760.0
0.0 13400.0 2760.0 13800.0 13000.0 12220.0 13000.0 12620.0 13000.0 3160.0 12620.0 1200.0 3560.0 13000.0 2760.0 12220.0 2760.0 11820.0 14180.0 13000.0 13800.0 13400.0 13400.0 13400.0 12620.0 3560.0 13400.0 13000.0 12220.0 13400.0 13800.0 12620.0 12620.0 13400.0 13000.0 3940.0 13800.0 13000.0 12620.0 2760.0 1580.0 10640.0 13000.0 12620.0 14180.0 12620.0 12620.0 13400.0 2380.0 13800.0 3160.0 3160.0 12620.0 3560.0 13400.0 13000.0 11420.0 3560.0 2760.0 12620.0 11420.0 11820.0 13400.0 13000.0 14180.0 13400.0 1580.0 10640.0 13400.0 11820.0 12220.0 13000.0 14180.0 12620.0 2760.0 2380.0 13800.0 0.0 12620.0 12220.0 13400.0
0.0 12620.0 12620.0 1580.0 2760.0 13000.0 13000.0 2380.0 3560.0 13000.0 13000.0 12620.0 12620.0 2760.0 13400.0 12220.0 13400.0 13400.0 13800.0 1980.0 11820.0 12620.0 13400.0 12620.0 13400.0 13800.0 1200.0 13000.0 2380.0 3940.0 12620.0 12220.0 12620.0 13000.0 12620.0 13000.0 13400.0 2760.0 2380.0 10240.0 12220.0 11820.0 11420.0 13000.0 3940.0 12220.0 2760.0 13000.0 13400.0 12220.0 11820.0 12220.0 3160.0 13400.0 3160.0 2380.0 13400.0 13800.0 12620.0 13000.0 12620.0 13400.0 2380.0 11040.0 13400.0 3560.0 13000.0 11820.0 13800.0 2380.0 12620.0 13400.0 12620.0 12620.0 13400.0 11820.0 13400.0 13000.0 0.0 11820.0 11820.0
0.0 13400.0 12620.0 12220.0 13000.0 1980.0 1580.0 13000.0 13800.0 13400.0 2760.0 13000.0 13800.0 11420.0 13400.0 12220.0 12620.0 12220.0 2380.0 11040.0 2760.0 1580.0 3160.0 11420.0 13000.0 13400.0 12620.0 2760.0 13000.0 13400.0 13000.0 2380.0 2380.0 13400.0 13400.0 13400.0 12220.0 13400.0 12220.0 11040.0 12620.0 2760.0 12220.0 1580.0 13000.0 10640.0 12220.0 13400.0 14180.0 2760.0 11820.0 12620.0 13800.0 14180.0 11820.0 12620.0 3560.0 13800.0 12620.0 12620.0 13000.0 12220.0 12620.0 1580.0 2380.0 13000.0 13400.0 2380.0 3160.0 13400.0 2380.0 12220.0 13400.0 13400.0 13800.0 11820.0 13400.0 12620.0 11420.0 0.0 12220.0
0.0 3160.0 12620.0 13400.0 11420.0 13000.0 13000.0 12620.0 13000.0 13800.0 13000.0 12620.0 12620.0 12220.0 13400.0 800.0 13000.0 3560.0 12620.0 13400.0 13400.0 11820.0 13000.0 1980.0 1980.0 13400.0 12620.0 11420.0 12620.0 13800.0 2760.0 10640.0 12220.0 3560.0 2760.0 13400.0 3560.0 13000.0 12620.0 12620.0 13000.0 12220.0 2760.0 12620.0 13000.0 3160.0 11820.0 2380.0 13000.0 12220.0 12220.0 11820.0 13400.0 13800.0 13400.0 11420.0 12220.0 13800.0 13800.0 3560.0 2760.0 3560.0 13800.0 13400.0 12220.0 13400.0 12220.0 12220.0 13000.0 12620.0 13000.0 2380.0 3940.0 3160.0 13000.0 13000.0 3940.0 13000.0 13400.0 13000.0 0.0
