80 3
1869 14380 17780 8 4
1620 3728 7552 2 3
1536 14705 18963 8 10
768 11440 15040 2 7
1820 10815 14133 7 6
1470 11908 16476 10 7
23 9093 13357 2 4
648 7974 11484 2 8
1870 6995 10347 9 2
88 12609 16575 7 10
1728 10595 14461 6 7
504 3425 7149 9 8
782 16145 20415 4 8
992 10389 13659 2 2
546 6871 10343 6 1
221 11738 16040 1 1
1386 15862 19658 2 8
931 16029 20587 8 8
153 6481 9803 8 9
221 3776 8224 4 7
576 4195 7937 5 5
425 8034 11466 9 4
1152 11358 15992 8 2
1020 6614 11018 4 2
285 11263 15137 4 9
1672 6609 10795 6 9
1360 4057 7913 3 3
2300 7506 12026 1 10
36 17590 20924 5 2
189 10630 14570 5 7
1606 14274 17946 9 4
1386 8261 12639 2 10
1826 7401 10959 7 5
1056 11874 16574 6 7
1215 8145 12785 2 5
1190 3659 7189 6 3
1260 16976 20488 10 5
2090 10006 14594 10 3
323 14681 18991 8 7
748 6642 9882 9 3
954 5053 9227 9 7
741 20461 24089 8 10
1550 8857 12347 3 5
615 12259 15893 10 1
1606 14528 18862 2 9
1380 14751 18009 4 9
1890 9973 14477 9 2
552 12148 16332 2 8
1104 5427 9789 2 1
1040 8436 11692 10 10
774 6669 10611 1 1
1035 13498 17374 2 10
450 15809 19519 1 3
1584 15678 19602 8 6
1720 8079 12023 7 6
1554 6423 10145 6 10
784 7891 12069 8 4
1426 17172 21132 5 3
1170 14486 18840 10 8
1632 17303 21547 5 10
242 15275 19153 6 7
1056 10414 13826 3 7
748 3207 7605 6 10
180 5270 10026 1 8
68 10204 14096 6 4
1150 14865 18883 3 10
1470 20498 23702 10 7
1302 4200 8040 8 9
912 17081 20383 7 4
1386 5027 8641 2 10
352 13191 16677 9 9
864 4839 8409 3 3
1241 14567 18433 6 1
666 9768 14172 9 3
1716 13176 16472 2 8
975 12807 16377 6 4
1554 11758 15362 5 10
368 5397 10083 2 7
1173 6383 10033 9 10
176 6791 11353 8 3
SETUP
0 61 81 161 141 121 101 141 141 141 61 81 141 121 101 81 61 141 101 141 141 121 121 101 121 141 161 101 101 141 121 121 121 161 141 121 161 121 141 41 101 141 121 121 101 141 61 121 161 41 201 61 81 41 81 101 81 81 161 121 81 141 81 81 81 101 121 101 121 101 181 81 101 161 121 101 81 81 81 121 101
0 0 541 141 601 641 601 581 601 121 581 161 581 121 581 501 561 641 541 101 601 561 81 561 581 601 641 521 521 581 561 581 561 581 621 581 121 581 561 581 621 581 561 561 561 181 121 581 581 581 141 501 621 581 561 101 521 541 641 541 621 581 581 101 601 521 641 601 561 581 621 621 541 161 621 621 581 581 41 581 121
0 581 0 581 121 141 581 581 581 581 601 641 621 601 541 601 81 581 581 581 621 601 601 521 581 561 161 581 581 81 581 581 121 141 601 601 641 601 561 581 121 561 561 581 521 641 621 61 621 621 641 601 601 621 41 621 561 21 601 61 621 601 541 541 601 581 621 141 541 541 141 581 581 661 141 641 561 561 521 541 601
0 141 661 0 621 521 621 601 601 121 601 141 621 81 601 581 561 621 601 121 641 621 121 581 641 621 601 581 581 601 581 621 601 601 661 621 201 621 601 581 621 581 581 601 581 161 121 621 621 581 221 541 621 581 561 61 601 521 641 561 641 601 581 121 621 621 621 641 601 581 661 601 581 201 521 641 581 541 81 601 141
0 541 141 621 0 181 541 561 561 621 581 661 581 541 601 521 141 641 601 621 581 561 601 561 601 601 141 581 581 121 561 621 121 121 581 601 621 501 541 581 161 601 601 601 581 661 601 121 601 581 641 541 521 581 81 621 521 141 601 101 581 581 561 561 621 581 621 101 581 581 161 621 601 641 121 641 621 601 561 581 521
0 581 161 581 101 0 581 561 561 581 561 581 601 521 561 561 141 621 621 601 661 601 561 541 601 601 101 601 541 101 541 601 141 121 621 601 641 601 581 561 141 541 581 601 541 661 581 121 581 561 661 581 601 561 61 521 561 121 601 81 601 621 581 561 581 581 601 141 561 561 141 601 621 641 21 621 601 561 541 561 601
0 581 601 661 581 581 0 121 581 621 521 661 621 601 581 581 581 661 581 621 601 121 581 601 141 161 621 561 101 581 641 141 581 601 601 601 641 141 561 41 581 621 601 581 601 621 541 601 641 521 641 61 141 521 601 601 561 601 201 601 601 601 561 561 621 141 601 581 541 601 661 121 581 641 541 581 121 121 561 641 601
0 561 621 661 581 581 41 0 621 561 561 641 621 601 601 581 601 641 581 641 641 101 621 601 161 61 601 601 121 601 561 141 621 621 621 601 661 121 581 81 601 641 581 601 601 621 561 501 601 541 661 81 141 541 581 601 581 621 201 521 621 581 541 541 601 121 621 601 561 581 681 141 601 661 561 601 141 141 581 621 601
0 601 641 661 601 661 621 581 0 641 581 661 121 621 641 621 621 181 141 621 181 601 561 141 601 641 541 581 641 581 621 581 601 621 601 621 581 601 81 641 621 161 141 581 621 641 601 621 661 181 641 561 521 581 621 621 581 561 681 601 141 601 121 601 621 601 541 641 81 161 601 601 121 641 601 221 621 601 561 601 521
0 121 601 141 601 641 581 581 581 0 621 161 601 61 561 601 581 621 521 141 621 541 81 561 601 601 601 561 541 541 621 601 581 561 601 521 141 601 561 621 601 601 521 581 561 201 61 581 641 621 141 521 621 621 521 141 541 541 641 561 601 601 521 81 581 561 621 641 581 561 641 601 581 161 621 641 601 561 61 561 141
0 561 561 601 581 641 601 601 581 601 0 641 581 561 61 101 561 621 561 581 601 561 561 561 561 581 581 61 581 581 121 581 541 601 141 81 601 581 581 601 601 581 561 81 81 601 501 621 141 641 641 501 601 141 561 581 41 561 621 601 561 121 561 601 121 601 141 541 581 581 621 581 541 621 581 641 581 581 521 121 621
0 141 561 141 621 621 601 601 601 141 601 0 641 61 501 601 581 581 541 141 621 601 141 561 521 601 621 601 601 581 601 561 621 561 601 541 81 621 581 601 561 601 601 621 561 161 141 581 601 601 201 561 621 601 541 101 561 561 601 581 621 621 581 101 581 601 521 561 581 581 581 541 621 201 561 621 601 541 81 561 161
0 621 661 681 621 701 641 681 201 581 681 701 0 641 661 621 701 181 141 661 221 621 661 141 641 681 601 661 641 601 681 561 681 661 681 621 681 641 181 601 701 181 141 601 621 601 621 681 721 201 701 621 661 661 621 621 641 641 681 661 181 681 141 661 601 621 701 681 161 161 721 681 181 681 681 181 681 661 601 661 661
0 81 601 81 581 601 601 581 561 141 601 141 601 0 541 581 621 581 581 121 621 581 101 501 581 621 561 561 601 541 621 581 581 621 601 581 141 581 541 621 581 541 561 561 521 141 141 601 641 621 161 581 601 601 501 141 561 581 601 581 601 581 541 61 581 561 601 601 521 521 581 581 601 141 581 661 581 541 101 541 141
0 601 561 601 621 621 581 601 581 621 121 621 641 541 0 141 581 581 541 641 621 601 621 561 521 601 601 141 601 581 161 601 641 641 121 61 601 621 581 621 541 601 621 141 81 641 601 601 121 621 681 601 621 121 541 581 81 561 601 621 601 141 581 561 101 601 101 561 581 581 621 521 601 661 621 601 581 541 581 81 621
0 521 581 601 641 621 581 561 621 601 81 621 561 621 101 0 601 661 581 601 621 541 581 581 601 601 621 81 561 581 61 601 581 561 181 141 621 561 601 561 601 621 581 121 121 661 581 581 101 561 601 541 641 81 561 621 21 581 661 581 641 141 581 561 161 561 161 621 581 581 621 621 581 641 601 601 621 601 541 101 621
0 641 141 661 101 141 581 581 561 581 601 641 641 581 541 621 0 581 521 561 581 601 601 601 581 621 141 621 601 121 621 541 161 101 601 581 581 601 561 601 101 561 581 521 561 661 601 141 581 601 641 601 581 601 41 621 601 81 601 101 621 601 501 541 561 601 601 121 601 521 181 561 521 601 141 641 501 561 581 541 541
0 561 621 621 601 521 581 601 101 581 601 621 161 561 561 581 561 0 121 641 121 601 581 101 601 621 601 601 581 601 581 561 621 601 641 601 661 561 141 601 601 101 141 541 581 661 601 601 601 121 581 581 601 521 521 541 601 601 621 561 121 561 81 541 581 601 621 581 121 41 661 601 61 621 521 181 521 561 581 561 561
0 621 661 641 641 641 561 561 81 621 601 661 181 561 601 621 561 141 0 601 181 641 621 101 621 601 621 641 621 621 621 581 601 601 581 561 661 581 61 601 661 141 121 601 581 641 621 581 641 121 681 621 601 581 581 601 621 521 641 581 101 561 101 601 621 641 621 601 121 81 641 641 121 681 621 121 581 621 541 601 601
0 101 641 161 621 601 561 541 541 121 561 181 641 141 581 601 601 641 581 0 621 601 141 561 601 581 601 601 621 561 601 581 621 581 561 621 161 561 501 561 601 621 621 581 581 181 101 561 641 561 221 561 581 521 621 141 581 541 661 561 561 541 581 121 601 581 601 581 581 581 621 641 601 161 601 581 621 641 101 661 121
0 621 641 621 601 621 561 541 81 541 561 661 181 581 581 601 621 141 101 661 0 601 601 141 601 581 601 601 581 581 601 601 641 581 561 581 621 561 41 561 621 161 101 601 621 581 581 561 501 81 661 581 581 561 581 661 601 601 661 561 101 561 101 581 621 601 601 601 141 81 621 621 121 661 541 141 641 601 581 621 521
0 641 641 681 661 701 201 181 661 601 681 581 661 621 581 661 641 661 621 661 681 0 641 641 141 201 681 601 181 661 641 181 621 641 681 621 641 161 661 221 621 661 641 641 641 721 581 661 581 681 721 101 181 641 641 661 601 661 161 621 641 621 641 661 661 201 601 641 661 661 661 141 621 581 601 641 181 161 581 661 661
0 141 681 201 581 641 641 601 641 181 601 161 681 161 641 601 581 601 601 141 661 621 0 661 661 641 661 661 621 641 621 621 621 661 661 621 161 601 621 621 561 621 601 601 641 141 141 641 661 641 221 621 601 621 581 181 581 521 621 641 601 641 581 161 641 581 581 661 601 581 641 541 601 201 641 661 581 561 81 621 141
0 581 621 541 561 581 581 561 61 601 621 641 121 581 601 581 621 101 121 561 141 561 561 0 601 601 601 541 581 521 601 561 561 601 581 601 601 581 61 601 581 61 81 541 501 601 621 581 621 141 601 581 581 581 561 581 541 561 581 581 101 561 121 601 561 541 601 601 41 41 641 561 121 641 581 181 561 561 581 601 581
0 561 521 581 581 621 81 101 561 601 601 641 621 501 561 581 581 601 501 601 581 101 601 521 0 101 581 581 141 561 621 121 601 601 581 501 641 101 541 121 601 561 581 581 521 641 601 581 561 581 641 121 121 581 501 561 561 521 101 581 581 581 561 541 541 101 621 521 541 541 601 121 581 641 601 621 81 81 561 541 601
0 641 661 621 601 661 161 161 601 581 581 681 661 621 581 641 661 641 581 641 681 161 601 561 141 0 601 621 101 581 661 141 581 581 641 621 661 81 601 41 641 601 621 581 561 661 601 601 661 661 681 121 121 621 621 621 601 601 181 561 621 541 581 581 641 141 661 641 581 581 681 141 641 681 641 581 161 161 581 661 581
0 661 201 681 121 201 581 641 581 601 641 661 681 641 601 641 141 661 641 661 581 581 621 621 621 641 0 641 641 141 681 561 181 121 661 641 681 621 621 621 181 581 621 541 581 681 641 141 601 621 661 641 621 621 101 681 641 161 621 161 661 661 561 601 601 621 641 181 621 581 221 621 541 621 141 681 561 581 641 601 621
0 581 581 641 641 661 601 581 621 601 121 661 521 561 141 141 641 641 561 581 641 561 601 581 541 541 641 0 581 601 141 601 501 621 161 81 661 601 601 581 621 621 561 161 121 641 601 601 141 621 661 601 561 141 561 621 81 581 621 601 641 121 541 601 141 621 161 581 601 581 581 601 641 661 661 621 621 601 521 141 581
0 621 661 661 561 641 141 141 621 541 641 641 661 581 601 581 601 621 581 641 621 141 501 601 161 141 641 621 0 601 581 121 641 621 661 581 641 101 601 161 581 601 581 581 581 641 581 641 621 641 681 121 121 621 561 661 581 541 181 501 641 581 541 541 601 101 621 641 601 561 661 101 561 581 661 681 81 101 581 601 601
0 581 181 561 101 121 601 581 561 621 641 621 601 541 581 601 161 581 581 581 581 541 581 501 621 581 141 561 581 0 621 561 101 121 581 621 561 581 541 601 121 541 561 561 521 621 621 121 601 641 621 581 581 601 81 601 541 101 581 121 601 581 601 581 581 501 621 121 521 521 161 581 581 641 121 621 581 581 581 581 561
0 581 641 661 601 601 541 521 601 561 101 581 661 601 121 141 621 661 581 641 661 601 621 621 621 561 561 141 601 601 0 641 641 601 181 121 661 581 601 581 621 661 581 141 161 641 581 541 41 581 681 581 621 101 581 641 141 621 701 541 641 101 581 561 161 621 141 621 581 601 661 641 621 681 561 581 641 621 601 141 641
0 641 601 661 621 661 121 161 641 601 581 701 661 581 621 641 621 661 581 681 661 141 661 601 81 161 641 601 181 621 621 0 601 641 661 581 701 141 621 121 641 641 641 561 601 681 601 601 641 581 661 141 161 581 581 641 621 601 161 601 601 601 621 621 521 181 661 601 621 621 681 201 641 701 641 641 161 161 621 621 641
0 561 81 621 141 181 581 581 601 621 601 661 621 541 581 581 141 621 541 561 621 561 581 561 521 601 141 601 561 121 601 601 0 121 621 541 661 581 581 601 141 601 541 621 561 641 601 141 601 581 641 581 541 601 81 601 521 81 601 101 621 581 521 581 581 601 641 81 581 561 161 601 601 661 161 641 601 581 501 581 561
0 561 101 621 101 161 581 561 581 561 601 621 661 541 501 581 101 581 541 581 621 601 621 561 521 521 141 601 601 121 561 621 141 0 581 541 601 581 541 561 81 601 581 621 561 621 581 41 601 621 681 581 601 581 81 601 561 61 601 41 601 581 561 541 581 601 581 81 581 581 161 541 621 681 161 621 601 541 561 581 581
0 541 561 641 641 561 601 621 621 641 161 661 641 561 141 81 621 621 561 641 581 601 601 581 541 621 621 121 581 601 141 621 601 641 0 81 641 621 601 641 641 621 621 141 121 681 641 621 141 621 681 561 581 21 561 581 101 561 621 601 561 161 601 601 121 581 201 561 601 581 661 641 601 601 561 661 601 601 581 141 581
0 561 601 561 581 601 541 561 541 601 121 621 621 481 61 101 581 581 501 581 641 561 581 521 581 601 561 101 601 541 141 581 581 601 101 0 621 581 521 581 581 561 581 101 41 621 601 581 161 581 641 581 581 101 501 601 81 521 601 581 581 81 541 541 121 561 141 601 541 521 581 581 601 621 601 601 581 541 541 61 601
0 81 601 141 601 641 601 601 581 141 601 181 581 121 601 561 561 621 581 101 601 601 81 561 581 581 641 521 581 581 621 501 541 601 641 581 0 601 581 601 641 581 561 561 561 181 141 621 621 601 161 501 601 601 561 101 581 581 621 601 621 581 561 141 521 601 601 601 581 561 621 621 541 161 641 641 581 581 41 601 141
0 641 661 721 621 701 201 181 641 641 641 721 681 641 681 641 681 721 641 601 701 201 661 661 161 181 621 641 201 661 701 141 581 681 661 641 601 0 621 181 701 701 641 641 621 721 641 661 641 661 721 141 161 641 641 701 641 661 241 661 661 661 641 681 641 201 701 621 661 661 681 201 661 721 661 701 161 221 601 681 661
0 581 621 681 581 601 541 521 41 581 581 641 141 601 561 581 641 141 81 641 161 601 601 141 581 561 581 621 621 621 581 601 621 561 541 601 621 541 0 581 621 141 121 581 581 661 581 541 621 101 681 581 561 541 601 641 601 581 641 541 81 521 101 561 621 621 581 581 101 121 601 621 101 661 581 161 601 601 601 641 561
0 641 701 721 661 661 201 241 681 641 661 681 701 641 641 641 641 701 641 701 681 201 601 661 201 201 721 661 121 641 681 181 681 681 721 681 661 181 681 0 601 661 681 641 661 721 661 661 641 681 721 181 201 581 661 681 661 641 241 601 601 681 641 641 681 181 621 701 681 661 641 201 641 701 661 541 181 201 661 681 661
0 601 181 661 181 81 601 641 641 601 581 661 641 581 621 621 141 621 621 621 661 641 621 601 641 661 161 581 601 161 621 561 141 181 661 621 541 641 601 561 0 621 601 621 621 661 581 181 641 561 701 561 661 561 121 581 601 181 661 141 641 621 581 601 581 621 521 141 641 601 81 581 601 681 81 581 641 581 541 641 641
0 581 621 641 521 601 581 541 21 621 601 661 121 561 621 541 621 81 121 621 141 581 581 121 581 581 541 581 621 601 581 541 621 621 601 581 581 521 81 581 621 0 141 581 601 581 601 581 621 141 661 561 541 581 581 621 561 581 521 581 141 601 101 581 521 601 561 601 81 21 601 601 121 661 601 181 601 601 581 601 541
0 581 601 661 581 641 641 621 81 581 601 621 201 581 541 601 621 141 101 621 181 641 521 141 561 581 621 641 521 621 601 601 641 541 641 581 641 581 121 621 581 141 0 601 601 641 601 561 641 141 581 601 601 621 501 641 621 561 641 521 161 581 61 541 541 601 601 601 141 101 661 581 121 621 601 181 581 541 581 541 601
0 601 641 661 581 621 521 621 581 541 101 641 661 581 141 101 621 641 561 661 661 541 601 601 641 661 621 141 581 581 141 621 621 621 181 101 661 601 601 561 621 561 561 0 141 661 581 641 141 561 601 581 601 81 581 661 101 601 601 601 641 161 581 601 141 601 161 621 581 581 681 641 621 661 581 621 641 621 581 121 621
0 581 641 581 601 601 601 581 581 621 141 641 581 561 121 141 621 581 601 561 601 561 581 521 601 601 641 61 561 521 141 601 561 601 121 121 581 601 541 621 561 581 541 101 0 621 621 601 141 621 621 601 621 121 541 641 81 601 621 581 601 121 601 581 121 521 121 601 521 541 621 541 581 621 581 661 561 541 561 121 581
0 121 641 161 521 661 581 601 601 141 581 141 621 81 561 561 641 621 561 161 621 601 141 581 601 581 641 621 581 621 601 601 641 621 621 561 181 541 581 481 601 621 621 621 581 0 121 561 641 621 201 581 561 581 561 201 561 581 641 561 601 581 581 121 621 621 621 601 601 581 641 581 641 81 641 541 661 541 101 601 81
0 81 561 121 561 641 581 581 581 121 621 161 561 101 581 561 561 621 581 81 581 541 81 541 581 581 601 521 581 581 581 561 541 581 641 581 141 581 581 621 621 581 541 541 561 181 0 601 601 621 141 481 601 601 561 101 521 561 621 581 561 581 561 121 581 581 641 601 561 561 601 601 541 141 621 641 561 561 21 581 141
0 541 121 641 81 161 581 561 621 521 601 621 621 581 601 561 141 601 561 621 641 581 601 581 621 501 141 581 581 101 541 601 121 121 641 581 621 561 601 541 141 621 561 601 581 601 561 0 581 621 661 561 581 601 101 601 581 121 661 21 621 561 521 521 581 561 641 161 581 561 181 601 601 661 141 581 641 581 561 601 581
0 601 621 641 601 681 621 621 561 521 161 641 621 561 81 101 621 641 541 641 661 581 581 581 581 601 581 121 561 561 141 621 601 561 161 81 641 541 581 641 621 621 541 101 121 661 561 581 0 641 641 561 601 181 561 641 101 581 661 541 621 61 561 561 141 581 141 621 601 581 661 601 601 661 521 601 621 581 581 121 621
0 541 581 621 581 541 521 601 121 601 501 621 101 561 541 561 541 141 101 581 101 561 561 81 561 581 601 541 581 581 601 581 561 601 581 561 601 581 121 481 541 121 81 561 561 581 501 621 601 0 641 501 581 481 561 581 521 581 641 581 81 581 61 521 601 581 561 541 101 81 621 581 81 601 561 61 561 581 521 601 561
0 141 621 201 601 661 641 621 581 141 621 141 581 121 541 621 601 621 581 161 661 641 21 601 581 661 621 641 641 621 621 601 641 601 641 581 121 581 621 641 581 581 621 621 621 161 141 641 661 641 0 621 621 641 601 121 601 541 621 581 621 581 521 61 581 601 561 601 601 561 621 561 621 201 661 661 601 561 101 521 141
0 621 621 601 601 641 121 121 581 581 621 641 561 581 581 621 541 621 581 561 581 121 541 541 101 101 641 521 101 581 661 81 541 581 621 581 661 121 581 141 621 581 541 541 541 641 641 601 601 621 641 0 121 601 541 561 581 581 141 581 621 581 561 581 581 121 641 601 561 561 601 141 541 621 621 641 101 101 501 581 601
0 601 601 621 581 621 141 121 581 621 561 641 541 581 581 601 581 661 581 581 601 141 581 561 81 141 621 541 121 581 581 121 561 581 561 581 641 121 601 161 621 601 581 581 581 661 561 601 601 641 681 41 0 541 581 601 581 601 181 601 621 601 581 601 621 121 621 601 581 581 641 121 561 601 621 661 121 81 521 601 501
0 541 581 661 641 541 641 621 621 621 161 661 621 581 141 81 621 621 581 621 581 601 601 601 641 641 641 101 581 641 121 601 601 641 181 161 641 621 601 621 661 621 601 141 141 681 641 641 121 621 661 541 581 0 581 581 101 601 661 601 561 161 621 621 161 581 201 661 601 561 661 641 601 601 561 681 641 621 561 161 581
0 641 121 661 161 161 621 641 621 621 581 621 661 581 521 661 141 601 581 681 641 641 621 601 561 641 161 621 601 141 621 601 181 141 641 581 621 581 621 621 101 601 621 621 601 641 601 161 641 621 681 601 601 621 0 641 601 121 641 101 661 581 521 521 581 641 601 121 621 561 181 581 641 661 161 661 621 521 621 521 601
0 161 641 221 621 681 661 641 641 141 681 81 701 141 561 641 661 641 621 181 681 661 101 641 601 581 641 661 541 661 641 581 661 561 661 621 141 641 621 601 641 661 641 641 641 201 161 581 681 681 241 621 661 661 621 0 641 601 681 561 661 641 601 121 621 641 581 641 661 621 641 621 641 181 641 661 621 621 141 641 181
0 521 581 661 641 681 601 581 641 621 141 601 621 621 141 61 601 661 581 621 641 521 581 601 621 621 641 101 561 621 81 621 581 601 181 141 621 601 601 621 641 621 561 121 121 681 601 601 121 601 661 541 661 141 561 621 0 581 661 581 661 161 601 601 141 561 161 641 581 621 661 661 581 621 621 661 621 601 561 141 621
0 641 181 681 141 141 621 601 601 621 661 681 661 601 601 641 61 581 581 581 621 641 601 621 621 641 181 641 581 141 661 601 101 141 641 581 641 601 581 641 161 581 561 581 621 661 661 161 641 641 661 621 601 621 81 661 601 0 641 141 641 601 541 601 601 641 661 181 581 581 221 621 581 661 141 681 561 601 521 601 601
0 621 621 621 601 641 161 141 601 641 581 661 541 601 621 621 601 681 601 621 641 141 601 601 121 161 521 561 141 601 601 141 581 601 581 601 661 141 641 181 641 621 601 581 601 661 581 641 641 661 701 61 41 581 601 621 601 621 0 641 661 621 601 621 641 141 661 621 621 621 661 141 581 641 641 681 141 121 561 621 521
0 601 161 641 81 161 601 621 621 521 641 621 641 581 601 581 161 601 561 641 641 581 581 581 621 641 141 601 581 101 601 581 141 121 641 561 621 561 581 621 141 641 561 601 601 621 561 141 641 641 661 561 581 601 81 641 581 121 661 0 641 561 521 521 581 561 641 161 581 541 181 581 621 681 161 661 641 601 581 601 581
0 561 621 661 581 581 581 601 101 581 601 581 141 601 581 541 601 161 141 641 101 581 581 141 601 621 621 601 601 581 581 541 581 581 641 621 641 601 121 601 621 81 141 521 561 661 621 601 581 141 641 581 601 601 601 601 541 621 601 601 0 621 141 621 581 601 601 641 141 101 661 601 41 601 581 181 621 561 581 621 601
0 601 601 641 541 641 581 581 601 521 141 621 641 581 61 101 601 621 521 601 641 601 601 581 561 561 541 121 581 581 121 601 601 521 141 101 601 501 561 601 581 601 561 61 81 641 561 541 161 601 641 581 581 141 561 621 121 541 641 501 601 0 521 521 121 581 141 601 581 561 661 581 601 681 621 641 621 581 581 141 581
0 621 641 661 661 601 641 641 181 661 621 641 161 581 621 641 661 101 121 681 181 621 601 121 581 661 661 641 601 581 661 561 641 621 641 581 641 641 161 601 581 161 101 621 601 661 621 641 661 161 661 601 581 601 581 641 581 621 641 621 161 621 0 621 541 601 601 621 141 41 641 561 141 641 621 181 601 561 621 621 581
0 161 641 181 601 621 621 601 641 101 601 121 641 121 581 621 641 581 561 181 661 601 141 601 601 601 581 641 601 581 581 561 641 561 661 581 161 541 601 601 581 641 581 581 601 121 141 581 621 601 201 601 581 601 581 161 581 601 641 541 641 541 481 0 541 601 601 641 621 521 661 561 621 181 621 661 601 561 141 621 121
0 621 581 621 641 661 601 621 601 621 161 661 661 541 121 141 621 641 541 641 641 621 641 561 521 601 621 161 661 601 161 641 581 601 161 81 681 581 581 641 641 601 621 141 101 641 661 581 141 641 681 621 601 161 561 601 141 581 621 581 581 101 601 601 0 621 181 561 581 581 641 641 601 681 641 661 601 601 581 121 601
0 581 621 621 621 641 101 81 561 601 621 661 641 601 581 581 621 621 601 641 581 101 561 581 141 81 621 581 141 561 601 81 601 561 581 621 541 101 521 121 641 621 601 541 581 601 621 581 601 621 601 81 121 581 601 641 541 581 181 581 581 561 601 601 581 0 621 561 521 561 641 141 601 661 581 641 121 121 581 641 601
0 581 641 641 641 641 641 621 621 581 141 641 601 601 141 141 601 601 601 581 621 621 581 581 601 621 661 81 601 621 181 521 581 621 161 121 521 621 601 641 561 621 581 121 121 661 601 641 161 641 661 541 641 141 581 561 101 621 621 621 661 141 541 621 81 621 0 641 601 581 541 541 581 661 641 661 621 561 521 141 641
0 621 161 661 81 161 601 621 581 601 641 641 661 601 581 581 101 621 601 641 581 621 621 601 601 541 141 641 621 141 621 581 141 121 641 621 661 581 601 561 121 581 621 561 581 681 641 161 621 641 661 621 581 641 61 661 601 161 621 121 541 581 581 581 601 621 621 0 621 561 201 581 541 621 161 601 521 581 621 581 581
0 541 601 601 601 621 561 521 61 581 601 621 161 581 581 561 601 161 101 621 141 541 541 81 601 581 581 581 581 521 581 621 621 581 541 621 601 541 21 581 621 121 101 521 561 581 601 561 621 121 581 561 581 561 581 641 521 561 641 541 81 541 121 581 641 541 581 581 0 101 601 601 121 641 541 161 621 581 561 621 581
0 621 641 681 641 581 641 621 161 641 641 681 221 601 621 641 621 81 141 681 161 641 661 161 601 661 661 661 641 661 641 521 641 641 681 621 661 621 181 641 601 141 181 581 621 681 641 641 661 161 641 641 661 581 581 601 621 641 661 601 181 621 141 601 561 661 621 641 181 0 681 581 101 661 581 201 581 581 601 621 621
0 581 161 641 161 141 621 621 581 521 581 601 641 561 601 601 141 581 561 641 641 581 581 581 621 641 161 581 581 101 621 601 141 121 581 561 601 641 581 621 61 621 541 621 601 621 561 141 641 621 621 561 601 561 81 581 541 101 601 121 621 641 561 601 601 561 561 161 581 561 0 521 601 661 101 621 601 521 581 601 621
0 561 621 661 621 581 161 141 641 601 541 581 621 601 581 581 621 541 601 641 601 81 581 621 141 141 601 581 81 641 581 81 601 641 581 621 561 141 621 121 501 621 581 601 621 581 561 641 601 581 641 81 101 561 581 601 521 601 101 581 621 621 581 601 581 121 521 601 621 521 581 0 581 661 581 581 101 21 581 621 581
0 601 621 621 541 641 541 581 61 541 581 601 141 581 541 581 641 121 101 601 61 561 561 101 581 581 581 581 581 561 621 521 601 541 601 581 621 561 81 581 581 41 101 501 521 621 581 561 561 101 601 581 581 581 581 641 581 581 561 581 141 601 121 601 541 581 581 601 101 61 641 581 0 561 581 161 601 521 581 601 561
0 141 561 141 601 621 601 581 601 161 601 101 661 61 501 621 581 581 541 101 621 601 121 561 521 601 621 621 581 601 641 621 641 601 601 541 141 581 581 621 561 601 541 621 561 161 141 601 601 621 181 601 621 601 541 121 561 561 601 581 621 581 581 101 561 601 581 561 581 581 621 541 621 0 641 621 601 541 21 581 161
0 581 161 661 141 201 641 621 661 581 601 601 581 641 601 541 161 641 621 661 661 601 541 641 641 661 181 621 521 161 601 621 161 161 661 621 681 621 621 621 141 641 621 621 621 681 621 161 641 621 661 581 641 621 121 661 561 121 681 81 601 621 581 581 641 621 641 181 601 581 201 601 601 641 0 661 581 541 601 621 641
0 681 721 721 681 621 661 681 181 661 641 661 221 661 641 701 581 201 141 641 181 681 681 201 681 721 721 661 681 681 681 621 681 661 701 641 601 681 181 641 561 181 181 621 661 721 641 701 681 161 721 621 681 641 601 641 641 641 701 681 241 681 121 641 641 681 581 681 201 141 621 641 141 641 641 0 601 641 621 641 641
0 621 601 641 561 581 81 141 541 561 601 621 641 581 541 601 541 581 581 601 561 101 581 581 101 141 601 601 121 581 621 61 621 561 601 581 641 121 581 121 581 541 581 521 541 641 581 581 581 581 621 121 121 581 501 601 601 601 121 561 641 581 541 541 561 121 601 581 581 521 661 101 501 581 601 641 0 61 601 521 541
0 601 621 661 621 621 181 181 641 601 541 581 641 621 581 621 621 581 621 641 601 141 581 601 141 141 581 581 81 641 641 81 601 641 641 621 621 181 621 161 561 641 621 621 621 641 561 661 601 641 681 81 161 601 621 641 581 601 141 561 621 641 601 601 581 181 581 601 641 521 621 61 601 661 621 641 141 0 561 661 641
0 161 661 161 621 661 601 581 601 141 621 201 681 81 581 641 641 641 561 81 681 641 101 581 621 621 621 641 561 621 641 641 661 581 621 561 181 581 561 601 621 621 521 601 581 221 161 601 681 621 161 641 641 601 541 201 621 581 681 581 601 561 581 101 581 641 641 641 601 601 661 621 641 181 641 661 621 581 0 581 181
0 621 641 661 601 621 621 601 641 581 141 581 641 581 101 161 621 581 581 661 661 601 621 601 601 621 581 141 601 581 101 561 621 561 181 121 641 541 601 601 581 641 581 101 121 601 581 601 141 601 661 581 581 121 581 641 121 581 641 541 641 61 501 481 81 601 141 641 621 521 661 561 621 621 621 661 601 561 581 0 581
0 121 641 221 561 621 601 581 641 161 661 181 661 141 661 581 661 681 621 221 641 641 201 641 601 621 661 641 641 681 561 661 661 681 561 621 161 581 621 641 661 681 641 681 661 241 181 601 601 641 241 621 601 561 621 161 601 601 681 621 621 661 581 161 661 641 681 641 661 621 721 641 661 181 621 661 681 641 161 661 0
SETUP_COST
0.0 1220.0 1620.0 3220.0 2820.0 2420.0 2020.0 2820.0 2820.0 2820.0 1220.0 1620.0 2820.0 2420.0 2020.0 1620.0 1220.0 2820.0 2020.0 2820.0 2820.0 2420.0 2420.0 2020.0 2420.0 2820.0 3220.0 2020.0 2020.0 2820.0 2420.0 2420.0 2420.0 3220.0 2820.0 2420.0 3220.0 2420.0 2820.0 820.0 2020.0 2820.0 2420.0 2420.0 2020.0 2820.0 1220.0 2420.0 3220.0 820.0 4020.0 1220.0 1620.0 820.0 1620.0 2020.0 1620.0 1620.0 3220.0 2420.0 1620.0 2820.0 1620.0 1620.0 1620.0 2020.0 2420.0 2020.0 2420.0 2020.0 3620.0 1620.0 2020.0 3220.0 2420.0 2020.0 1620.0 1620.0 1620.0 2420.0 2020.0
0.0 0.0 10820.0 2820.0 12020.0 12820.0 12020.0 11620.0 12020.0 2420.0 11620.0 3220.0 11620.0 2420.0 11620.0 10020.0 11220.0 12820.0 10820.0 2020.0 12020.0 11220.0 1620.0 11220.0 11620.0 12020.0 12820.0 10420.0 10420.0 11620.0 11220.0 11620.0 11220.0 11620.0 12420.0 11620.0 2420.0 11620.0 11220.0 11620.0 12420.0 11620.0 11220.0 11220.0 11220.0 3620.0 2420.0 11620.0 11620.0 11620.0 2820.0 10020.0 12420.0 11620.0 11220.0 2020.0 10420.0 10820.0 12820.0 10820.0 12420.0 11620.0 11620.0 2020.0 12020.0 10420.0 12820.0 12020.0 11220.0 11620.0 12420.0 12420.0 10820.0 3220.0 12420.0 12420.0 11620.0 11620.0 820.0 11620.0 2420.0
0.0 11620.0 0.0 11620.0 2420.0 2820.0 11620.0 11620.0 11620.0 11620.0 12020.0 12820.0 12420.0 12020.0 10820.0 12020.0 1620.0 11620.0 11620.0 11620.0 12420.0 12020.0 12020.0 10420.0 11620.0 11220.0 3220.0 11620.0 11620.0 1620.0 11620.0 11620.0 2420.0 2820.0 12020.0 12020.0 12820.0 12020.0 11220.0 11620.0 2420.0 11220.0 11220.0 11620.0 10420.0 12820.0 12420.0 1220.0 12420.0 12420.0 12820.0 12020.0 12020.0 12420.0 820.0 12420.0 11220.0 420.0 12020.0 1220.0 12420.0 12020.0 10820.0 10820.0 12020.0 11620.0 12420.0 2820.0 10820.0 10820.0 2820.0 11620.0 11620.0 13220.0 2820.0 12820.0 11220.0 11220.0 10420.0 10820.0 12020.0
0.0 2820.0 13220.0 0.0 12420.0 10420.0 12420.0 12020.0 12020.0 2420.0 12020.0 2820.0 12420.0 1620.0 12020.0 11620.0 11220.0 12420.0 12020.0 2420.0 12820.0 12420.0 2420.0 11620.0 12820.0 12420.0 12020.0 11620.0 11620.0 12020.0 11620.0 12420.0 12020.0 12020.0 13220.0 12420.0 4020.0 12420.0 12020.0 11620.0 12420.0 11620.0 11620.0 12020.0 11620.0 3220.0 2420.0 12420.0 12420.0 11620.0 4420.0 10820.0 12420.0 11620.0 11220.0 1220.0 12020.0 10420.0 12820.0 11220.0 12820.0 12020.0 11620.0 2420.0 12420.0 12420.0 12420.0 12820.0 12020.0 11620.0 13220.0 12020.0 11620.0 4020.0 10420.0 12820.0 11620.0 10820.0 1620.0 12020.0 2820.0
0.0 10820.0 2820.0 12420.0 0.0 3620.0 10820.0 11220.0 11220.0 12420.0 11620.0 13220.0 11620.0 10820.0 12020.0 10420.0 2820.0 12820.0 12020.0 12420.0 11620.0 11220.0 12020.0 11220.0 12020.0 12020.0 2820.0 11620.0 11620.0 2420.0 11220.0 12420.0 2420.0 2420.0 11620.0 12020.0 12420.0 10020.0 10820.0 11620.0 3220.0 12020.0 12020.0 12020.0 11620.0 13220.0 12020.0 2420.0 12020.0 11620.0 12820.0 10820.0 10420.0 11620.0 1620.0 12420.0 10420.0 2820.0 12020.0 2020.0 11620.0 11620.0 11220.0 11220.0 12420.0 11620.0 12420.0 2020.0 11620.0 11620.0 3220.0 12420.0 12020.0 12820.0 2420.0 12820.0 12420.0 12020.0 11220.0 11620.0 10420.0
0.0 11620.0 3220.0 11620.0 2020.0 0.0 11620.0 11220.0 11220.0 11620.0 11220.0 11620.0 12020.0 10420.0 11220.0 11220.0 2820.0 12420.0 12420.0 12020.0 13220.0 12020.0 11220.0 10820.0 12020.0 12020.0 2020.0 12020.0 10820.0 2020.0 10820.0 12020.0 2820.0 2420.0 12420.0 12020.0 12820.0 12020.0 11620.0 11220.0 2820.0 10820.0 11620.0 12020.0 10820.0 13220.0 11620.0 2420.0 11620.0 11220.0 13220.0 11620.0 12020.0 11220.0 1220.0 10420.0 11220.0 2420.0 12020.0 1620.0 12020.0 12420.0 11620.0 11220.0 11620.0 11620.0 12020.0 2820.0 11220.0 11220.0 2820.0 12020.0 12420.0 12820.0 420.0 12420.0 12020.0 11220.0 10820.0 11220.0 12020.0
0.0 11620.0 12020.0 13220.0 11620.0 11620.0 0.0 2420.0 11620.0 12420.0 10420.0 13220.0 12420.0 12020.0 11620.0 11620.0 11620.0 13220.0 11620.0 12420.0 12020.0 2420.0 11620.0 12020.0 2820.0 3220.0 12420.0 11220.0 2020.0 11620.0 12820.0 2820.0 11620.0 12020.0 12020.0 12020.0 12820.0 2820.0 11220.0 820.0 11620.0 12420.0 12020.0 11620.0 12020.0 12420.0 10820.0 12020.0 12820.0 10420.0 12820.0 1220.0 2820.0 10420.0 12020.0 12020.0 11220.0 12020.0 4020.0 12020.0 12020.0 12020.0 11220.0 11220.0 12420.0 2820.0 12020.0 11620.0 10820.0 12020.0 13220.0 2420.0 11620.0 12820.0 10820.0 11620.0 2420.0 2420.0 11220.0 12820.0 12020.0
0.0 11220.0 12420.0 13220.0 11620.0 11620.0 820.0 0.0 12420.0 11220.0 11220.0 12820.0 12420.0 12020.0 12020.0 11620.0 12020.0 12820.0 11620.0 12820.0 12820.0 2020.0 12420.0 12020.0 3220.0 1220.0 12020.0 12020.0 2420.0 12020.0 11220.0 2820.0 12420.0 12420.0 12420.0 12020.0 13220.0 2420.0 11620.0 1620.0 12020.0 12820.0 11620.0 12020.0 12020.0 12420.0 11220.0 10020.0 12020.0 10820.0 13220.0 1620.0 2820.0 10820.0 11620.0 12020.0 11620.0 12420.0 4020.0 10420.0 12420.0 11620.0 10820.0 10820.0 12020.0 2420.0 12420.0 12020.0 11220.0 11620.0 13620.0 2820.0 12020.0 13220.0 11220.0 12020.0 2820.0 2820.0 11620.0 12420.0 12020.0
0.0 12020.0 12820.0 13220.0 12020.0 13220.0 12420.0 11620.0 0.0 12820.0 11620.0 13220.0 2420.0 12420.0 12820.0 12420.0 12420.0 3620.0 2820.0 12420.0 3620.0 12020.0 11220.0 2820.0 12020.0 12820.0 10820.0 11620.0 12820.0 11620.0 12420.0 11620.0 12020.0 12420.0 12020.0 12420.0 11620.0 12020.0 1620.0 12820.0 12420.0 3220.0 2820.0 11620.0 12420.0 12820.0 12020.0 12420.0 13220.0 3620.0 12820.0 11220.0 10420.0 11620.0 12420.0 12420.0 11620.0 11220.0 13620.0 12020.0 2820.0 12020.0 2420.0 12020.0 12420.0 12020.0 10820.0 12820.0 1620.0 3220.0 12020.0 12020.0 2420.0 12820.0 12020.0 4420.0 12420.0 12020.0 11220.0 12020.0 10420.0
0.0 2420.0 12020.0 2820.0 12020.0 12820.0 11620.0 11620.0 11620.0 0.0 12420.0 3220.0 12020.0 1220.0 11220.0 12020.0 11620.0 12420.0 10420.0 2820.0 12420.0 10820.0 1620.0 11220.0 12020.0 12020.0 12020.0 11220.0 10820.0 10820.0 12420.0 12020.0 11620.0 11220.0 12020.0 10420.0 2820.0 12020.0 11220.0 12420.0 12020.0 12020.0 10420.0 11620.0 11220.0 4020.0 1220.0 11620.0 12820.0 12420.0 2820.0 10420.0 12420.0 12420.0 10420.0 2820.0 10820.0 10820.0 12820.0 11220.0 12020.0 12020.0 10420.0 1620.0 11620.0 11220.0 12420.0 12820.0 11620.0 11220.0 12820.0 12020.0 11620.0 3220.0 12420.0 12820.0 12020.0 11220.0 1220.0 11220.0 2820.0
0.0 11220.0 11220.0 12020.0 11620.0 12820.0 12020.0 12020.0 11620.0 12020.0 0.0 12820.0 11620.0 11220.0 1220.0 2020.0 11220.0 12420.0 11220.0 11620.0 12020.0 11220.0 11220.0 11220.0 11220.0 11620.0 11620.0 1220.0 11620.0 11620.0 2420.0 11620.0 10820.0 12020.0 2820.0 1620.0 12020.0 11620.0 11620.0 12020.0 12020.0 11620.0 11220.0 1620.0 1620.0 12020.0 10020.0 12420.0 2820.0 12820.0 12820.0 10020.0 12020.0 2820.0 11220.0 11620.0 820.0 11220.0 12420.0 12020.0 11220.0 2420.0 11220.0 12020.0 2420.0 12020.0 2820.0 10820.0 11620.0 11620.0 12420.0 11620.0 10820.0 12420.0 11620.0 12820.0 11620.0 11620.0 10420.0 2420.0 12420.0
0.0 2820.0 11220.0 2820.0 12420.0 12420.0 12020.0 12020.0 12020.0 2820.0 12020.0 0.0 12820.0 1220.0 10020.0 12020.0 11620.0 11620.0 10820.0 2820.0 12420.0 12020.0 2820.0 11220.0 10420.0 12020.0 12420.0 12020.0 12020.0 11620.0 12020.0 11220.0 12420.0 11220.0 12020.0 10820.0 1620.0 12420.0 11620.0 12020.0 11220.0 12020.0 12020.0 12420.0 11220.0 3220.0 2820.0 11620.0 12020.0 12020.0 4020.0 11220.0 12420.0 12020.0 10820.0 2020.0 11220.0 11220.0 12020.0 11620.0 12420.0 12420.0 11620.0 2020.0 11620.0 12020.0 10420.0 11220.0 11620.0 11620.0 11620.0 10820.0 12420.0 4020.0 11220.0 12420.0 12020.0 10820.0 1620.0 11220.0 3220.0
0.0 12420.0 13220.0 13620.0 12420.0 14020.0 12820.0 13620.0 4020.0 11620.0 13620.0 14020.0 0.0 12820.0 13220.0 12420.0 14020.0 3620.0 2820.0 13220.0 4420.0 12420.0 13220.0 2820.0 12820.0 13620.0 12020.0 13220.0 12820.0 12020.0 13620.0 11220.0 13620.0 13220.0 13620.0 12420.0 13620.0 12820.0 3620.0 12020.0 14020.0 3620.0 2820.0 12020.0 12420.0 12020.0 12420.0 13620.0 14420.0 4020.0 14020.0 12420.0 13220.0 13220.0 12420.0 12420.0 12820.0 12820.0 13620.0 13220.0 3620.0 13620.0 2820.0 13220.0 12020.0 12420.0 14020.0 13620.0 3220.0 3220.0 14420.0 13620.0 3620.0 13620.0 13620.0 3620.0 13620.0 13220.0 12020.0 13220.0 13220.0
0.0 1620.0 12020.0 1620.0 11620.0 12020.0 12020.0 11620.0 11220.0 2820.0 12020.0 2820.0 12020.0 0.0 10820.0 11620.0 12420.0 11620.0 11620.0 2420.0 12420.0 11620.0 2020.0 10020.0 11620.0 12420.0 11220.0 11220.0 12020.0 10820.0 12420.0 11620.0 11620.0 12420.0 12020.0 11620.0 2820.0 11620.0 10820.0 12420.0 11620.0 10820.0 11220.0 11220.0 10420.0 2820.0 2820.0 12020.0 12820.0 12420.0 3220.0 11620.0 12020.0 12020.0 10020.0 2820.0 11220.0 11620.0 12020.0 11620.0 12020.0 11620.0 10820.0 1220.0 11620.0 11220.0 12020.0 12020.0 10420.0 10420.0 11620.0 11620.0 12020.0 2820.0 11620.0 13220.0 11620.0 10820.0 2020.0 10820.0 2820.0
0.0 12020.0 11220.0 12020.0 12420.0 12420.0 11620.0 12020.0 11620.0 12420.0 2420.0 12420.0 12820.0 10820.0 0.0 2820.0 11620.0 11620.0 10820.0 12820.0 12420.0 12020.0 12420.0 11220.0 10420.0 12020.0 12020.0 2820.0 12020.0 11620.0 3220.0 12020.0 12820.0 12820.0 2420.0 1220.0 12020.0 12420.0 11620.0 12420.0 10820.0 12020.0 12420.0 2820.0 1620.0 12820.0 12020.0 12020.0 2420.0 12420.0 13620.0 12020.0 12420.0 2420.0 10820.0 11620.0 1620.0 11220.0 12020.0 12420.0 12020.0 2820.0 11620.0 11220.0 2020.0 12020.0 2020.0 11220.0 11620.0 11620.0 12420.0 10420.0 12020.0 13220.0 12420.0 12020.0 11620.0 10820.0 11620.0 1620.0 12420.0
0.0 10420.0 11620.0 12020.0 12820.0 12420.0 11620.0 11220.0 12420.0 12020.0 1620.0 12420.0 11220.0 12420.0 2020.0 0.0 12020.0 13220.0 11620.0 12020.0 12420.0 10820.0 11620.0 11620.0 12020.0 12020.0 12420.0 1620.0 11220.0 11620.0 1220.0 12020.0 11620.0 11220.0 3620.0 2820.0 12420.0 11220.0 12020.0 11220.0 12020.0 12420.0 11620.0 2420.0 2420.0 13220.0 11620.0 11620.0 2020.0 11220.0 12020.0 10820.0 12820.0 1620.0 11220.0 12420.0 420.0 11620.0 13220.0 11620.0 12820.0 2820.0 11620.0 11220.0 3220.0 11220.0 3220.0 12420.0 11620.0 11620.0 12420.0 12420.0 11620.0 12820.0 12020.0 12020.0 12420.0 12020.0 10820.0 2020.0 12420.0
0.0 12820.0 2820.0 13220.0 2020.0 2820.0 11620.0 11620.0 11220.0 11620.0 12020.0 12820.0 12820.0 11620.0 10820.0 12420.0 0.0 11620.0 10420.0 11220.0 11620.0 12020.0 12020.0 12020.0 11620.0 12420.0 2820.0 12420.0 12020.0 2420.0 12420.0 10820.0 3220.0 2020.0 12020.0 11620.0 11620.0 12020.0 11220.0 12020.0 2020.0 11220.0 11620.0 10420.0 11220.0 13220.0 12020.0 2820.0 11620.0 12020.0 12820.0 12020.0 11620.0 12020.0 820.0 12420.0 12020.0 1620.0 12020.0 2020.0 12420.0 12020.0 10020.0 10820.0 11220.0 12020.0 12020.0 2420.0 12020.0 10420.0 3620.0 11220.0 10420.0 12020.0 2820.0 12820.0 10020.0 11220.0 11620.0 10820.0 10820.0
0.0 11220.0 12420.0 12420.0 12020.0 10420.0 11620.0 12020.0 2020.0 11620.0 12020.0 12420.0 3220.0 11220.0 11220.0 11620.0 11220.0 0.0 2420.0 12820.0 2420.0 12020.0 11620.0 2020.0 12020.0 12420.0 12020.0 12020.0 11620.0 12020.0 11620.0 11220.0 12420.0 12020.0 12820.0 12020.0 13220.0 11220.0 2820.0 12020.0 12020.0 2020.0 2820.0 10820.0 11620.0 13220.0 12020.0 12020.0 12020.0 2420.0 11620.0 11620.0 12020.0 10420.0 10420.0 10820.0 12020.0 12020.0 12420.0 11220.0 2420.0 11220.0 1620.0 10820.0 11620.0 12020.0 12420.0 11620.0 2420.0 820.0 13220.0 12020.0 1220.0 12420.0 10420.0 3620.0 10420.0 11220.0 11620.0 11220.0 11220.0
0.0 12420.0 13220.0 12820.0 12820.0 12820.0 11220.0 11220.0 1620.0 12420.0 12020.0 13220.0 3620.0 11220.0 12020.0 12420.0 11220.0 2820.0 0.0 12020.0 3620.0 12820.0 12420.0 2020.0 12420.0 12020.0 12420.0 12820.0 12420.0 12420.0 12420.0 11620.0 12020.0 12020.0 11620.0 11220.0 13220.0 11620.0 1220.0 12020.0 13220.0 2820.0 2420.0 12020.0 11620.0 12820.0 12420.0 11620.0 12820.0 2420.0 13620.0 12420.0 12020.0 11620.0 11620.0 12020.0 12420.0 10420.0 12820.0 11620.0 2020.0 11220.0 2020.0 12020.0 12420.0 12820.0 12420.0 12020.0 2420.0 1620.0 12820.0 12820.0 2420.0 13620.0 12420.0 2420.0 11620.0 12420.0 10820.0 12020.0 12020.0
0.0 2020.0 12820.0 3220.0 12420.0 12020.0 11220.0 10820.0 10820.0 2420.0 11220.0 3620.0 12820.0 2820.0 11620.0 12020.0 12020.0 12820.0 11620.0 0.0 12420.0 12020.0 2820.0 11220.0 12020.0 11620.0 12020.0 12020.0 12420.0 11220.0 12020.0 11620.0 12420.0 11620.0 11220.0 12420.0 3220.0 11220.0 10020.0 11220.0 12020.0 12420.0 12420.0 11620.0 11620.0 3620.0 2020.0 11220.0 12820.0 11220.0 4420.0 11220.0 11620.0 10420.0 12420.0 2820.0 11620.0 10820.0 13220.0 11220.0 11220.0 10820.0 11620.0 2420.0 12020.0 11620.0 12020.0 11620.0 11620.0 11620.0 12420.0 12820.0 12020.0 3220.0 12020.0 11620.0 12420.0 12820.0 2020.0 13220.0 2420.0
0.0 12420.0 12820.0 12420.0 12020.0 12420.0 11220.0 10820.0 1620.0 10820.0 11220.0 13220.0 3620.0 11620.0 11620.0 12020.0 12420.0 2820.0 2020.0 13220.0 0.0 12020.0 12020.0 2820.0 12020.0 11620.0 12020.0 12020.0 11620.0 11620.0 12020.0 12020.0 12820.0 11620.0 11220.0 11620.0 12420.0 11220.0 820.0 11220.0 12420.0 3220.0 2020.0 12020.0 12420.0 11620.0 11620.0 11220.0 10020.0 1620.0 13220.0 11620.0 11620.0 11220.0 11620.0 13220.0 12020.0 12020.0 13220.0 11220.0 2020.0 11220.0 2020.0 11620.0 12420.0 12020.0 12020.0 12020.0 2820.0 1620.0 12420.0 12420.0 2420.0 13220.0 10820.0 2820.0 12820.0 12020.0 11620.0 12420.0 10420.0
0.0 12820.0 12820.0 13620.0 13220.0 14020.0 4020.0 3620.0 13220.0 12020.0 13620.0 11620.0 13220.0 12420.0 11620.0 13220.0 12820.0 13220.0 12420.0 13220.0 13620.0 0.0 12820.0 12820.0 2820.0 4020.0 13620.0 12020.0 3620.0 13220.0 12820.0 3620.0 12420.0 12820.0 13620.0 12420.0 12820.0 3220.0 13220.0 4420.0 12420.0 13220.0 12820.0 12820.0 12820.0 14420.0 11620.0 13220.0 11620.0 13620.0 14420.0 2020.0 3620.0 12820.0 12820.0 13220.0 12020.0 13220.0 3220.0 12420.0 12820.0 12420.0 12820.0 13220.0 13220.0 4020.0 12020.0 12820.0 13220.0 13220.0 13220.0 2820.0 12420.0 11620.0 12020.0 12820.0 3620.0 3220.0 11620.0 13220.0 13220.0
0.0 2820.0 13620.0 4020.0 11620.0 12820.0 12820.0 12020.0 12820.0 3620.0 12020.0 3220.0 13620.0 3220.0 12820.0 12020.0 11620.0 12020.0 12020.0 2820.0 13220.0 12420.0 0.0 13220.0 13220.0 12820.0 13220.0 13220.0 12420.0 12820.0 12420.0 12420.0 12420.0 13220.0 13220.0 12420.0 3220.0 12020.0 12420.0 12420.0 11220.0 12420.0 12020.0 12020.0 12820.0 2820.0 2820.0 12820.0 13220.0 12820.0 4420.0 12420.0 12020.0 12420.0 11620.0 3620.0 11620.0 10420.0 12420.0 12820.0 12020.0 12820.0 11620.0 3220.0 12820.0 11620.0 11620.0 13220.0 12020.0 11620.0 12820.0 10820.0 12020.0 4020.0 12820.0 13220.0 11620.0 11220.0 1620.0 12420.0 2820.0
0.0 11620.0 12420.0 10820.0 11220.0 11620.0 11620.0 11220.0 1220.0 12020.0 12420.0 12820.0 2420.0 11620.0 12020.0 11620.0 12420.0 2020.0 2420.0 11220.0 2820.0 11220.0 11220.0 0.0 12020.0 12020.0 12020.0 10820.0 11620.0 10420.0 12020.0 11220.0 11220.0 12020.0 11620.0 12020.0 12020.0 11620.0 1220.0 12020.0 11620.0 1220.0 1620.0 10820.0 10020.0 12020.0 12420.0 11620.0 12420.0 2820.0 12020.0 11620.0 11620.0 11620.0 11220.0 11620.0 10820.0 11220.0 11620.0 11620.0 2020.0 11220.0 2420.0 12020.0 11220.0 10820.0 12020.0 12020.0 820.0 820.0 12820.0 11220.0 2420.0 12820.0 11620.0 3620.0 11220.0 11220.0 11620.0 12020.0 11620.0
0.0 11220.0 10420.0 11620.0 11620.0 12420.0 1620.0 2020.0 11220.0 12020.0 12020.0 12820.0 12420.0 10020.0 11220.0 11620.0 11620.0 12020.0 10020.0 12020.0 11620.0 2020.0 12020.0 10420.0 0.0 2020.0 11620.0 11620.0 2820.0 11220.0 12420.0 2420.0 12020.0 12020.0 11620.0 10020.0 12820.0 2020.0 10820.0 2420.0 12020.0 11220.0 11620.0 11620.0 10420.0 12820.0 12020.0 11620.0 11220.0 11620.0 12820.0 2420.0 2420.0 11620.0 10020.0 11220.0 11220.0 10420.0 2020.0 11620.0 11620.0 11620.0 11220.0 10820.0 10820.0 2020.0 12420.0 10420.0 10820.0 10820.0 12020.0 2420.0 11620.0 12820.0 12020.0 12420.0 1620.0 1620.0 11220.0 10820.0 12020.0
0.0 12820.0 13220.0 12420.0 12020.0 13220.0 3220.0 3220.0 12020.0 11620.0 11620.0 13620.0 13220.0 12420.0 11620.0 12820.0 13220.0 12820.0 11620.0 12820.0 13620.0 3220.0 12020.0 11220.0 2820.0 0.0 12020.0 12420.0 2020.0 11620.0 13220.0 2820.0 11620.0 11620.0 12820.0 12420.0 13220.0 1620.0 12020.0 820.0 12820.0 12020.0 12420.0 11620.0 11220.0 13220.0 12020.0 12020.0 13220.0 13220.0 13620.0 2420.0 2420.0 12420.0 12420.0 12420.0 12020.0 12020.0 3620.0 11220.0 12420.0 10820.0 11620.0 11620.0 12820.0 2820.0 13220.0 12820.0 11620.0 11620.0 13620.0 2820.0 12820.0 13620.0 12820.0 11620.0 3220.0 3220.0 11620.0 13220.0 11620.0
0.0 13220.0 4020.0 13620.0 2420.0 4020.0 11620.0 12820.0 11620.0 12020.0 12820.0 13220.0 13620.0 12820.0 12020.0 12820.0 2820.0 13220.0 12820.0 13220.0 11620.0 11620.0 12420.0 12420.0 12420.0 12820.0 0.0 12820.0 12820.0 2820.0 13620.0 11220.0 3620.0 2420.0 13220.0 12820.0 13620.0 12420.0 12420.0 12420.0 3620.0 11620.0 12420.0 10820.0 11620.0 13620.0 12820.0 2820.0 12020.0 12420.0 13220.0 12820.0 12420.0 12420.0 2020.0 13620.0 12820.0 3220.0 12420.0 3220.0 13220.0 13220.0 11220.0 12020.0 12020.0 12420.0 12820.0 3620.0 12420.0 11620.0 4420.0 12420.0 10820.0 12420.0 2820.0 13620.0 11220.0 11620.0 12820.0 12020.0 12420.0
0.0 11620.0 11620.0 12820.0 12820.0 13220.0 12020.0 11620.0 12420.0 12020.0 2420.0 13220.0 10420.0 11220.0 2820.0 2820.0 12820.0 12820.0 11220.0 11620.0 12820.0 11220.0 12020.0 11620.0 10820.0 10820.0 12820.0 0.0 11620.0 12020.0 2820.0 12020.0 10020.0 12420.0 3220.0 1620.0 13220.0 12020.0 12020.0 11620.0 12420.0 12420.0 11220.0 3220.0 2420.0 12820.0 12020.0 12020.0 2820.0 12420.0 13220.0 12020.0 11220.0 2820.0 11220.0 12420.0 1620.0 11620.0 12420.0 12020.0 12820.0 2420.0 10820.0 12020.0 2820.0 12420.0 3220.0 11620.0 12020.0 11620.0 11620.0 12020.0 12820.0 13220.0 13220.0 12420.0 12420.0 12020.0 10420.0 2820.0 11620.0
0.0 12420.0 13220.0 13220.0 11220.0 12820.0 2820.0 2820.0 12420.0 10820.0 12820.0 12820.0 13220.0 11620.0 12020.0 11620.0 12020.0 12420.0 11620.0 12820.0 12420.0 2820.0 10020.0 12020.0 3220.0 2820.0 12820.0 12420.0 0.0 12020.0 11620.0 2420.0 12820.0 12420.0 13220.0 11620.0 12820.0 2020.0 12020.0 3220.0 11620.0 12020.0 11620.0 11620.0 11620.0 12820.0 11620.0 12820.0 12420.0 12820.0 13620.0 2420.0 2420.0 12420.0 11220.0 13220.0 11620.0 10820.0 3620.0 10020.0 12820.0 11620.0 10820.0 10820.0 12020.0 2020.0 12420.0 12820.0 12020.0 11220.0 13220.0 2020.0 11220.0 11620.0 13220.0 13620.0 1620.0 2020.0 11620.0 12020.0 12020.0
0.0 11620.0 3620.0 11220.0 2020.0 2420.0 12020.0 11620.0 11220.0 12420.0 12820.0 12420.0 12020.0 10820.0 11620.0 12020.0 3220.0 11620.0 11620.0 11620.0 11620.0 10820.0 11620.0 10020.0 12420.0 11620.0 2820.0 11220.0 11620.0 0.0 12420.0 11220.0 2020.0 2420.0 11620.0 12420.0 11220.0 11620.0 10820.0 12020.0 2420.0 10820.0 11220.0 11220.0 10420.0 12420.0 12420.0 2420.0 12020.0 12820.0 12420.0 11620.0 11620.0 12020.0 1620.0 12020.0 10820.0 2020.0 11620.0 2420.0 12020.0 11620.0 12020.0 11620.0 11620.0 10020.0 12420.0 2420.0 10420.0 10420.0 3220.0 11620.0 11620.0 12820.0 2420.0 12420.0 11620.0 11620.0 11620.0 11620.0 11220.0
0.0 11620.0 12820.0 13220.0 12020.0 12020.0 10820.0 10420.0 12020.0 11220.0 2020.0 11620.0 13220.0 12020.0 2420.0 2820.0 12420.0 13220.0 11620.0 12820.0 13220.0 12020.0 12420.0 12420.0 12420.0 11220.0 11220.0 2820.0 12020.0 12020.0 0.0 12820.0 12820.0 12020.0 3620.0 2420.0 13220.0 11620.0 12020.0 11620.0 12420.0 13220.0 11620.0 2820.0 3220.0 12820.0 11620.0 10820.0 820.0 11620.0 13620.0 11620.0 12420.0 2020.0 11620.0 12820.0 2820.0 12420.0 14020.0 10820.0 12820.0 2020.0 11620.0 11220.0 3220.0 12420.0 2820.0 12420.0 11620.0 12020.0 13220.0 12820.0 12420.0 13620.0 11220.0 11620.0 12820.0 12420.0 12020.0 2820.0 12820.0
0.0 12820.0 12020.0 13220.0 12420.0 13220.0 2420.0 3220.0 12820.0 12020.0 11620.0 14020.0 13220.0 11620.0 12420.0 12820.0 12420.0 13220.0 11620.0 13620.0 13220.0 2820.0 13220.0 12020.0 1620.0 3220.0 12820.0 12020.0 3620.0 12420.0 12420.0 0.0 12020.0 12820.0 13220.0 11620.0 14020.0 2820.0 12420.0 2420.0 12820.0 12820.0 12820.0 11220.0 12020.0 13620.0 12020.0 12020.0 12820.0 11620.0 13220.0 2820.0 3220.0 11620.0 11620.0 12820.0 12420.0 12020.0 3220.0 12020.0 12020.0 12020.0 12420.0 12420.0 10420.0 3620.0 13220.0 12020.0 12420.0 12420.0 13620.0 4020.0 12820.0 14020.0 12820.0 12820.0 3220.0 3220.0 12420.0 12420.0 12820.0
0.0 11220.0 1620.0 12420.0 2820.0 3620.0 11620.0 11620.0 12020.0 12420.0 12020.0 13220.0 12420.0 10820.0 11620.0 11620.0 2820.0 12420.0 10820.0 11220.0 12420.0 11220.0 11620.0 11220.0 10420.0 12020.0 2820.0 12020.0 11220.0 2420.0 12020.0 12020.0 0.0 2420.0 12420.0 10820.0 13220.0 11620.0 11620.0 12020.0 2820.0 12020.0 10820.0 12420.0 11220.0 12820.0 12020.0 2820.0 12020.0 11620.0 12820.0 11620.0 10820.0 12020.0 1620.0 12020.0 10420.0 1620.0 12020.0 2020.0 12420.0 11620.0 10420.0 11620.0 11620.0 12020.0 12820.0 1620.0 11620.0 11220.0 3220.0 12020.0 12020.0 13220.0 3220.0 12820.0 12020.0 11620.0 10020.0 11620.0 11220.0
0.0 11220.0 2020.0 12420.0 2020.0 3220.0 11620.0 11220.0 11620.0 11220.0 12020.0 12420.0 13220.0 10820.0 10020.0 11620.0 2020.0 11620.0 10820.0 11620.0 12420.0 12020.0 12420.0 11220.0 10420.0 10420.0 2820.0 12020.0 12020.0 2420.0 11220.0 12420.0 2820.0 0.0 11620.0 10820.0 12020.0 11620.0 10820.0 11220.0 1620.0 12020.0 11620.0 12420.0 11220.0 12420.0 11620.0 820.0 12020.0 12420.0 13620.0 11620.0 12020.0 11620.0 1620.0 12020.0 11220.0 1220.0 12020.0 820.0 12020.0 11620.0 11220.0 10820.0 11620.0 12020.0 11620.0 1620.0 11620.0 11620.0 3220.0 10820.0 12420.0 13620.0 3220.0 12420.0 12020.0 10820.0 11220.0 11620.0 11620.0
0.0 10820.0 11220.0 12820.0 12820.0 11220.0 12020.0 12420.0 12420.0 12820.0 3220.0 13220.0 12820.0 11220.0 2820.0 1620.0 12420.0 12420.0 11220.0 12820.0 11620.0 12020.0 12020.0 11620.0 10820.0 12420.0 12420.0 2420.0 11620.0 12020.0 2820.0 12420.0 12020.0 12820.0 0.0 1620.0 12820.0 12420.0 12020.0 12820.0 12820.0 12420.0 12420.0 2820.0 2420.0 13620.0 12820.0 12420.0 2820.0 12420.0 13620.0 11220.0 11620.0 420.0 11220.0 11620.0 2020.0 11220.0 12420.0 12020.0 11220.0 3220.0 12020.0 12020.0 2420.0 11620.0 4020.0 11220.0 12020.0 11620.0 13220.0 12820.0 12020.0 12020.0 11220.0 13220.0 12020.0 12020.0 11620.0 2820.0 11620.0
0.0 11220.0 12020.0 11220.0 11620.0 12020.0 10820.0 11220.0 10820.0 12020.0 2420.0 12420.0 12420.0 9620.0 1220.0 2020.0 11620.0 11620.0 10020.0 11620.0 12820.0 11220.0 11620.0 10420.0 11620.0 12020.0 11220.0 2020.0 12020.0 10820.0 2820.0 11620.0 11620.0 12020.0 2020.0 0.0 12420.0 11620.0 10420.0 11620.0 11620.0 11220.0 11620.0 2020.0 820.0 12420.0 12020.0 11620.0 3220.0 11620.0 12820.0 11620.0 11620.0 2020.0 10020.0 12020.0 1620.0 10420.0 12020.0 11620.0 11620.0 1620.0 10820.0 10820.0 2420.0 11220.0 2820.0 12020.0 10820.0 10420.0 11620.0 11620.0 12020.0 12420.0 12020.0 12020.0 11620.0 10820.0 10820.0 1220.0 12020.0
0.0 1620.0 12020.0 2820.0 12020.0 12820.0 12020.0 12020.0 11620.0 2820.0 12020.0 3620.0 11620.0 2420.0 12020.0 11220.0 11220.0 12420.0 11620.0 2020.0 12020.0 12020.0 1620.0 11220.0 11620.0 11620.0 12820.0 10420.0 11620.0 11620.0 12420.0 10020.0 10820.0 12020.0 12820.0 11620.0 0.0 12020.0 11620.0 12020.0 12820.0 11620.0 11220.0 11220.0 11220.0 3620.0 2820.0 12420.0 12420.0 12020.0 3220.0 10020.0 12020.0 12020.0 11220.0 2020.0 11620.0 11620.0 12420.0 12020.0 12420.0 11620.0 11220.0 2820.0 10420.0 12020.0 12020.0 12020.0 11620.0 11220.0 12420.0 12420.0 10820.0 3220.0 12820.0 12820.0 11620.0 11620.0 820.0 12020.0 2820.0
0.0 12820.0 13220.0 14420.0 12420.0 14020.0 4020.0 3620.0 12820.0 12820.0 12820.0 14420.0 13620.0 12820.0 13620.0 12820.0 13620.0 14420.0 12820.0 12020.0 14020.0 4020.0 13220.0 13220.0 3220.0 3620.0 12420.0 12820.0 4020.0 13220.0 14020.0 2820.0 11620.0 13620.0 13220.0 12820.0 12020.0 0.0 12420.0 3620.0 14020.0 14020.0 12820.0 12820.0 12420.0 14420.0 12820.0 13220.0 12820.0 13220.0 14420.0 2820.0 3220.0 12820.0 12820.0 14020.0 12820.0 13220.0 4820.0 13220.0 13220.0 13220.0 12820.0 13620.0 12820.0 4020.0 14020.0 12420.0 13220.0 13220.0 13620.0 4020.0 13220.0 14420.0 13220.0 14020.0 3220.0 4420.0 12020.0 13620.0 13220.0
0.0 11620.0 12420.0 13620.0 11620.0 12020.0 10820.0 10420.0 820.0 11620.0 11620.0 12820.0 2820.0 12020.0 11220.0 11620.0 12820.0 2820.0 1620.0 12820.0 3220.0 12020.0 12020.0 2820.0 11620.0 11220.0 11620.0 12420.0 12420.0 12420.0 11620.0 12020.0 12420.0 11220.0 10820.0 12020.0 12420.0 10820.0 0.0 11620.0 12420.0 2820.0 2420.0 11620.0 11620.0 13220.0 11620.0 10820.0 12420.0 2020.0 13620.0 11620.0 11220.0 10820.0 12020.0 12820.0 12020.0 11620.0 12820.0 10820.0 1620.0 10420.0 2020.0 11220.0 12420.0 12420.0 11620.0 11620.0 2020.0 2420.0 12020.0 12420.0 2020.0 13220.0 11620.0 3220.0 12020.0 12020.0 12020.0 12820.0 11220.0
0.0 12820.0 14020.0 14420.0 13220.0 13220.0 4020.0 4820.0 13620.0 12820.0 13220.0 13620.0 14020.0 12820.0 12820.0 12820.0 12820.0 14020.0 12820.0 14020.0 13620.0 4020.0 12020.0 13220.0 4020.0 4020.0 14420.0 13220.0 2420.0 12820.0 13620.0 3620.0 13620.0 13620.0 14420.0 13620.0 13220.0 3620.0 13620.0 0.0 12020.0 13220.0 13620.0 12820.0 13220.0 14420.0 13220.0 13220.0 12820.0 13620.0 14420.0 3620.0 4020.0 11620.0 13220.0 13620.0 13220.0 12820.0 4820.0 12020.0 12020.0 13620.0 12820.0 12820.0 13620.0 3620.0 12420.0 14020.0 13620.0 13220.0 12820.0 4020.0 12820.0 14020.0 13220.0 10820.0 3620.0 4020.0 13220.0 13620.0 13220.0
0.0 12020.0 3620.0 13220.0 3620.0 1620.0 12020.0 12820.0 12820.0 12020.0 11620.0 13220.0 12820.0 11620.0 12420.0 12420.0 2820.0 12420.0 12420.0 12420.0 13220.0 12820.0 12420.0 12020.0 12820.0 13220.0 3220.0 11620.0 12020.0 3220.0 12420.0 11220.0 2820.0 3620.0 13220.0 12420.0 10820.0 12820.0 12020.0 11220.0 0.0 12420.0 12020.0 12420.0 12420.0 13220.0 11620.0 3620.0 12820.0 11220.0 14020.0 11220.0 13220.0 11220.0 2420.0 11620.0 12020.0 3620.0 13220.0 2820.0 12820.0 12420.0 11620.0 12020.0 11620.0 12420.0 10420.0 2820.0 12820.0 12020.0 1620.0 11620.0 12020.0 13620.0 1620.0 11620.0 12820.0 11620.0 10820.0 12820.0 12820.0
0.0 11620.0 12420.0 12820.0 10420.0 12020.0 11620.0 10820.0 420.0 12420.0 12020.0 13220.0 2420.0 11220.0 12420.0 10820.0 12420.0 1620.0 2420.0 12420.0 2820.0 11620.0 11620.0 2420.0 11620.0 11620.0 10820.0 11620.0 12420.0 12020.0 11620.0 10820.0 12420.0 12420.0 12020.0 11620.0 11620.0 10420.0 1620.0 11620.0 12420.0 0.0 2820.0 11620.0 12020.0 11620.0 12020.0 11620.0 12420.0 2820.0 13220.0 11220.0 10820.0 11620.0 11620.0 12420.0 11220.0 11620.0 10420.0 11620.0 2820.0 12020.0 2020.0 11620.0 10420.0 12020.0 11220.0 12020.0 1620.0 420.0 12020.0 12020.0 2420.0 13220.0 12020.0 3620.0 12020.0 12020.0 11620.0 12020.0 10820.0
0.0 11620.0 12020.0 13220.0 11620.0 12820.0 12820.0 12420.0 1620.0 11620.0 12020.0 12420.0 4020.0 11620.0 10820.0 12020.0 12420.0 2820.0 2020.0 12420.0 3620.0 12820.0 10420.0 2820.0 11220.0 11620.0 12420.0 12820.0 10420.0 12420.0 12020.0 12020.0 12820.0 10820.0 12820.0 11620.0 12820.0 11620.0 2420.0 12420.0 11620.0 2820.0 0.0 12020.0 12020.0 12820.0 12020.0 11220.0 12820.0 2820.0 11620.0 12020.0 12020.0 12420.0 10020.0 12820.0 12420.0 11220.0 12820.0 10420.0 3220.0 11620.0 1220.0 10820.0 10820.0 12020.0 12020.0 12020.0 2820.0 2020.0 13220.0 11620.0 2420.0 12420.0 12020.0 3620.0 11620.0 10820.0 11620.0 10820.0 12020.0
0.0 12020.0 12820.0 13220.0 11620.0 12420.0 10420.0 12420.0 11620.0 10820.0 2020.0 12820.0 13220.0 11620.0 2820.0 2020.0 12420.0 12820.0 11220.0 13220.0 13220.0 10820.0 12020.0 12020.0 12820.0 13220.0 12420.0 2820.0 11620.0 11620.0 2820.0 12420.0 12420.0 12420.0 3620.0 2020.0 13220.0 12020.0 12020.0 11220.0 12420.0 11220.0 11220.0 0.0 2820.0 13220.0 11620.0 12820.0 2820.0 11220.0 12020.0 11620.0 12020.0 1620.0 11620.0 13220.0 2020.0 12020.0 12020.0 12020.0 12820.0 3220.0 11620.0 12020.0 2820.0 12020.0 3220.0 12420.0 11620.0 11620.0 13620.0 12820.0 12420.0 13220.0 11620.0 12420.0 12820.0 12420.0 11620.0 2420.0 12420.0
0.0 11620.0 12820.0 11620.0 12020.0 12020.0 12020.0 11620.0 11620.0 12420.0 2820.0 12820.0 11620.0 11220.0 2420.0 2820.0 12420.0 11620.0 12020.0 11220.0 12020.0 11220.0 11620.0 10420.0 12020.0 12020.0 12820.0 1220.0 11220.0 10420.0 2820.0 12020.0 11220.0 12020.0 2420.0 2420.0 11620.0 12020.0 10820.0 12420.0 11220.0 11620.0 10820.0 2020.0 0.0 12420.0 12420.0 12020.0 2820.0 12420.0 12420.0 12020.0 12420.0 2420.0 10820.0 12820.0 1620.0 12020.0 12420.0 11620.0 12020.0 2420.0 12020.0 11620.0 2420.0 10420.0 2420.0 12020.0 10420.0 10820.0 12420.0 10820.0 11620.0 12420.0 11620.0 13220.0 11220.0 10820.0 11220.0 2420.0 11620.0
0.0 2420.0 12820.0 3220.0 10420.0 13220.0 11620.0 12020.0 12020.0 2820.0 11620.0 2820.0 12420.0 1620.0 11220.0 11220.0 12820.0 12420.0 11220.0 3220.0 12420.0 12020.0 2820.0 11620.0 12020.0 11620.0 12820.0 12420.0 11620.0 12420.0 12020.0 12020.0 12820.0 12420.0 12420.0 11220.0 3620.0 10820.0 11620.0 9620.0 12020.0 12420.0 12420.0 12420.0 11620.0 0.0 2420.0 11220.0 12820.0 12420.0 4020.0 11620.0 11220.0 11620.0 11220.0 4020.0 11220.0 11620.0 12820.0 11220.0 12020.0 11620.0 11620.0 2420.0 12420.0 12420.0 12420.0 12020.0 12020.0 11620.0 12820.0 11620.0 12820.0 1620.0 12820.0 10820.0 13220.0 10820.0 2020.0 12020.0 1620.0
0.0 1620.0 11220.0 2420.0 11220.0 12820.0 11620.0 11620.0 11620.0 2420.0 12420.0 3220.0 11220.0 2020.0 11620.0 11220.0 11220.0 12420.0 11620.0 1620.0 11620.0 10820.0 1620.0 10820.0 11620.0 11620.0 12020.0 10420.0 11620.0 11620.0 11620.0 11220.0 10820.0 11620.0 12820.0 11620.0 2820.0 11620.0 11620.0 12420.0 12420.0 11620.0 10820.0 10820.0 11220.0 3620.0 0.0 12020.0 12020.0 12420.0 2820.0 9620.0 12020.0 12020.0 11220.0 2020.0 10420.0 11220.0 12420.0 11620.0 11220.0 11620.0 11220.0 2420.0 11620.0 11620.0 12820.0 12020.0 11220.0 11220.0 12020.0 12020.0 10820.0 2820.0 12420.0 12820.0 11220.0 11220.0 420.0 11620.0 2820.0
0.0 10820.0 2420.0 12820.0 1620.0 3220.0 11620.0 11220.0 12420.0 10420.0 12020.0 12420.0 12420.0 11620.0 12020.0 11220.0 2820.0 12020.0 11220.0 12420.0 12820.0 11620.0 12020.0 11620.0 12420.0 10020.0 2820.0 11620.0 11620.0 2020.0 10820.0 12020.0 2420.0 2420.0 12820.0 11620.0 12420.0 11220.0 12020.0 10820.0 2820.0 12420.0 11220.0 12020.0 11620.0 12020.0 11220.0 0.0 11620.0 12420.0 13220.0 11220.0 11620.0 12020.0 2020.0 12020.0 11620.0 2420.0 13220.0 420.0 12420.0 11220.0 10420.0 10420.0 11620.0 11220.0 12820.0 3220.0 11620.0 11220.0 3620.0 12020.0 12020.0 13220.0 2820.0 11620.0 12820.0 11620.0 11220.0 12020.0 11620.0
0.0 12020.0 12420.0 12820.0 12020.0 13620.0 12420.0 12420.0 11220.0 10420.0 3220.0 12820.0 12420.0 11220.0 1620.0 2020.0 12420.0 12820.0 10820.0 12820.0 13220.0 11620.0 11620.0 11620.0 11620.0 12020.0 11620.0 2420.0 11220.0 11220.0 2820.0 12420.0 12020.0 11220.0 3220.0 1620.0 12820.0 10820.0 11620.0 12820.0 12420.0 12420.0 10820.0 2020.0 2420.0 13220.0 11220.0 11620.0 0.0 12820.0 12820.0 11220.0 12020.0 3620.0 11220.0 12820.0 2020.0 11620.0 13220.0 10820.0 12420.0 1220.0 11220.0 11220.0 2820.0 11620.0 2820.0 12420.0 12020.0 11620.0 13220.0 12020.0 12020.0 13220.0 10420.0 12020.0 12420.0 11620.0 11620.0 2420.0 12420.0
0.0 10820.0 11620.0 12420.0 11620.0 10820.0 10420.0 12020.0 2420.0 12020.0 10020.0 12420.0 2020.0 11220.0 10820.0 11220.0 10820.0 2820.0 2020.0 11620.0 2020.0 11220.0 11220.0 1620.0 11220.0 11620.0 12020.0 10820.0 11620.0 11620.0 12020.0 11620.0 11220.0 12020.0 11620.0 11220.0 12020.0 11620.0 2420.0 9620.0 10820.0 2420.0 1620.0 11220.0 11220.0 11620.0 10020.0 12420.0 12020.0 0.0 12820.0 10020.0 11620.0 9620.0 11220.0 11620.0 10420.0 11620.0 12820.0 11620.0 1620.0 11620.0 1220.0 10420.0 12020.0 11620.0 11220.0 10820.0 2020.0 1620.0 12420.0 11620.0 1620.0 12020.0 11220.0 1220.0 11220.0 11620.0 10420.0 12020.0 11220.0
0.0 2820.0 12420.0 4020.0 12020.0 13220.0 12820.0 12420.0 11620.0 2820.0 12420.0 2820.0 11620.0 2420.0 10820.0 12420.0 12020.0 12420.0 11620.0 3220.0 13220.0 12820.0 420.0 12020.0 11620.0 13220.0 12420.0 12820.0 12820.0 12420.0 12420.0 12020.0 12820.0 12020.0 12820.0 11620.0 2420.0 11620.0 12420.0 12820.0 11620.0 11620.0 12420.0 12420.0 12420.0 3220.0 2820.0 12820.0 13220.0 12820.0 0.0 12420.0 12420.0 12820.0 12020.0 2420.0 12020.0 10820.0 12420.0 11620.0 12420.0 11620.0 10420.0 1220.0 11620.0 12020.0 11220.0 12020.0 12020.0 11220.0 12420.0 11220.0 12420.0 4020.0 13220.0 13220.0 12020.0 11220.0 2020.0 10420.0 2820.0
0.0 12420.0 12420.0 12020.0 12020.0 12820.0 2420.0 2420.0 11620.0 11620.0 12420.0 12820.0 11220.0 11620.0 11620.0 12420.0 10820.0 12420.0 11620.0 11220.0 11620.0 2420.0 10820.0 10820.0 2020.0 2020.0 12820.0 10420.0 2020.0 11620.0 13220.0 1620.0 10820.0 11620.0 12420.0 11620.0 13220.0 2420.0 11620.0 2820.0 12420.0 11620.0 10820.0 10820.0 10820.0 12820.0 12820.0 12020.0 12020.0 12420.0 12820.0 0.0 2420.0 12020.0 10820.0 11220.0 11620.0 11620.0 2820.0 11620.0 12420.0 11620.0 11220.0 11620.0 11620.0 2420.0 12820.0 12020.0 11220.0 11220.0 12020.0 2820.0 10820.0 12420.0 12420.0 12820.0 2020.0 2020.0 10020.0 11620.0 12020.0
0.0 12020.0 12020.0 12420.0 11620.0 12420.0 2820.0 2420.0 11620.0 12420.0 11220.0 12820.0 10820.0 11620.0 11620.0 12020.0 11620.0 13220.0 11620.0 11620.0 12020.0 2820.0 11620.0 11220.0 1620.0 2820.0 12420.0 10820.0 2420.0 11620.0 11620.0 2420.0 11220.0 11620.0 11220.0 11620.0 12820.0 2420.0 12020.0 3220.0 12420.0 12020.0 11620.0 11620.0 11620.0 13220.0 11220.0 12020.0 12020.0 12820.0 13620.0 820.0 0.0 10820.0 11620.0 12020.0 11620.0 12020.0 3620.0 12020.0 12420.0 12020.0 11620.0 12020.0 12420.0 2420.0 12420.0 12020.0 11620.0 11620.0 12820.0 2420.0 11220.0 12020.0 12420.0 13220.0 2420.0 1620.0 10420.0 12020.0 10020.0
0.0 10820.0 11620.0 13220.0 12820.0 10820.0 12820.0 12420.0 12420.0 12420.0 3220.0 13220.0 12420.0 11620.0 2820.0 1620.0 12420.0 12420.0 11620.0 12420.0 11620.0 12020.0 12020.0 12020.0 12820.0 12820.0 12820.0 2020.0 11620.0 12820.0 2420.0 12020.0 12020.0 12820.0 3620.0 3220.0 12820.0 12420.0 12020.0 12420.0 13220.0 12420.0 12020.0 2820.0 2820.0 13620.0 12820.0 12820.0 2420.0 12420.0 13220.0 10820.0 11620.0 0.0 11620.0 11620.0 2020.0 12020.0 13220.0 12020.0 11220.0 3220.0 12420.0 12420.0 3220.0 11620.0 4020.0 13220.0 12020.0 11220.0 13220.0 12820.0 12020.0 12020.0 11220.0 13620.0 12820.0 12420.0 11220.0 3220.0 11620.0
0.0 12820.0 2420.0 13220.0 3220.0 3220.0 12420.0 12820.0 12420.0 12420.0 11620.0 12420.0 13220.0 11620.0 10420.0 13220.0 2820.0 12020.0 11620.0 13620.0 12820.0 12820.0 12420.0 12020.0 11220.0 12820.0 3220.0 12420.0 12020.0 2820.0 12420.0 12020.0 3620.0 2820.0 12820.0 11620.0 12420.0 11620.0 12420.0 12420.0 2020.0 12020.0 12420.0 12420.0 12020.0 12820.0 12020.0 3220.0 12820.0 12420.0 13620.0 12020.0 12020.0 12420.0 0.0 12820.0 12020.0 2420.0 12820.0 2020.0 13220.0 11620.0 10420.0 10420.0 11620.0 12820.0 12020.0 2420.0 12420.0 11220.0 3620.0 11620.0 12820.0 13220.0 3220.0 13220.0 12420.0 10420.0 12420.0 10420.0 12020.0
0.0 3220.0 12820.0 4420.0 12420.0 13620.0 13220.0 12820.0 12820.0 2820.0 13620.0 1620.0 14020.0 2820.0 11220.0 12820.0 13220.0 12820.0 12420.0 3620.0 13620.0 13220.0 2020.0 12820.0 12020.0 11620.0 12820.0 13220.0 10820.0 13220.0 12820.0 11620.0 13220.0 11220.0 13220.0 12420.0 2820.0 12820.0 12420.0 12020.0 12820.0 13220.0 12820.0 12820.0 12820.0 4020.0 3220.0 11620.0 13620.0 13620.0 4820.0 12420.0 13220.0 13220.0 12420.0 0.0 12820.0 12020.0 13620.0 11220.0 13220.0 12820.0 12020.0 2420.0 12420.0 12820.0 11620.0 12820.0 13220.0 12420.0 12820.0 12420.0 12820.0 3620.0 12820.0 13220.0 12420.0 12420.0 2820.0 12820.0 3620.0
0.0 10420.0 11620.0 13220.0 12820.0 13620.0 12020.0 11620.0 12820.0 12420.0 2820.0 12020.0 12420.0 12420.0 2820.0 1220.0 12020.0 13220.0 11620.0 12420.0 12820.0 10420.0 11620.0 12020.0 12420.0 12420.0 12820.0 2020.0 11220.0 12420.0 1620.0 12420.0 11620.0 12020.0 3620.0 2820.0 12420.0 12020.0 12020.0 12420.0 12820.0 12420.0 11220.0 2420.0 2420.0 13620.0 12020.0 12020.0 2420.0 12020.0 13220.0 10820.0 13220.0 2820.0 11220.0 12420.0 0.0 11620.0 13220.0 11620.0 13220.0 3220.0 12020.0 12020.0 2820.0 11220.0 3220.0 12820.0 11620.0 12420.0 13220.0 13220.0 11620.0 12420.0 12420.0 13220.0 12420.0 12020.0 11220.0 2820.0 12420.0
0.0 12820.0 3620.0 13620.0 2820.0 2820.0 12420.0 12020.0 12020.0 12420.0 13220.0 13620.0 13220.0 12020.0 12020.0 12820.0 1220.0 11620.0 11620.0 11620.0 12420.0 12820.0 12020.0 12420.0 12420.0 12820.0 3620.0 12820.0 11620.0 2820.0 13220.0 12020.0 2020.0 2820.0 12820.0 11620.0 12820.0 12020.0 11620.0 12820.0 3220.0 11620.0 11220.0 11620.0 12420.0 13220.0 13220.0 3220.0 12820.0 12820.0 13220.0 12420.0 12020.0 12420.0 1620.0 13220.0 12020.0 0.0 12820.0 2820.0 12820.0 12020.0 10820.0 12020.0 12020.0 12820.0 13220.0 3620.0 11620.0 11620.0 4420.0 12420.0 11620.0 13220.0 2820.0 13620.0 11220.0 12020.0 10420.0 12020.0 12020.0
0.0 12420.0 12420.0 12420.0 12020.0 12820.0 3220.0 2820.0 12020.0 12820.0 11620.0 13220.0 10820.0 12020.0 12420.0 12420.0 12020.0 13620.0 12020.0 12420.0 12820.0 2820.0 12020.0 12020.0 2420.0 3220.0 10420.0 11220.0 2820.0 12020.0 12020.0 2820.0 11620.0 12020.0 11620.0 12020.0 13220.0 2820.0 12820.0 3620.0 12820.0 12420.0 12020.0 11620.0 12020.0 13220.0 11620.0 12820.0 12820.0 13220.0 14020.0 1220.0 820.0 11620.0 12020.0 12420.0 12020.0 12420.0 0.0 12820.0 13220.0 12420.0 12020.0 12420.0 12820.0 2820.0 13220.0 12420.0 12420.0 12420.0 13220.0 2820.0 11620.0 12820.0 12820.0 13620.0 2820.0 2420.0 11220.0 12420.0 10420.0
0.0 12020.0 3220.0 12820.0 1620.0 3220.0 12020.0 12420.0 12420.0 10420.0 12820.0 12420.0 12820.0 11620.0 12020.0 11620.0 3220.0 12020.0 11220.0 12820.0 12820.0 11620.0 11620.0 11620.0 12420.0 12820.0 2820.0 12020.0 11620.0 2020.0 12020.0 11620.0 2820.0 2420.0 12820.0 11220.0 12420.0 11220.0 11620.0 12420.0 2820.0 12820.0 11220.0 12020.0 12020.0 12420.0 11220.0 2820.0 12820.0 12820.0 13220.0 11220.0 11620.0 12020.0 1620.0 12820.0 11620.0 2420.0 13220.0 0.0 12820.0 11220.0 10420.0 10420.0 11620.0 11220.0 12820.0 3220.0 11620.0 10820.0 3620.0 11620.0 12420.0 13620.0 3220.0 13220.0 12820.0 12020.0 11620.0 12020.0 11620.0
0.0 11220.0 12420.0 13220.0 11620.0 11620.0 11620.0 12020.0 2020.0 11620.0 12020.0 11620.0 2820.0 12020.0 11620.0 10820.0 12020.0 3220.0 2820.0 12820.0 2020.0 11620.0 11620.0 2820.0 12020.0 12420.0 12420.0 12020.0 12020.0 11620.0 11620.0 10820.0 11620.0 11620.0 12820.0 12420.0 12820.0 12020.0 2420.0 12020.0 12420.0 1620.0 2820.0 10420.0 11220.0 13220.0 12420.0 12020.0 11620.0 2820.0 12820.0 11620.0 12020.0 12020.0 12020.0 12020.0 10820.0 12420.0 12020.0 12020.0 0.0 12420.0 2820.0 12420.0 11620.0 12020.0 12020.0 12820.0 2820.0 2020.0 13220.0 12020.0 820.0 12020.0 11620.0 3620.0 12420.0 11220.0 11620.0 12420.0 12020.0
0.0 12020.0 12020.0 12820.0 10820.0 12820.0 11620.0 11620.0 12020.0 10420.0 2820.0 12420.0 12820.0 11620.0 1220.0 2020.0 12020.0 12420.0 10420.0 12020.0 12820.0 12020.0 12020.0 11620.0 11220.0 11220.0 10820.0 2420.0 11620.0 11620.0 2420.0 12020.0 12020.0 10420.0 2820.0 2020.0 12020.0 10020.0 11220.0 12020.0 11620.0 12020.0 11220.0 1220.0 1620.0 12820.0 11220.0 10820.0 3220.0 12020.0 12820.0 11620.0 11620.0 2820.0 11220.0 12420.0 2420.0 10820.0 12820.0 10020.0 12020.0 0.0 10420.0 10420.0 2420.0 11620.0 2820.0 12020.0 11620.0 11220.0 13220.0 11620.0 12020.0 13620.0 12420.0 12820.0 12420.0 11620.0 11620.0 2820.0 11620.0
0.0 12420.0 12820.0 13220.0 13220.0 12020.0 12820.0 12820.0 3620.0 13220.0 12420.0 12820.0 3220.0 11620.0 12420.0 12820.0 13220.0 2020.0 2420.0 13620.0 3620.0 12420.0 12020.0 2420.0 11620.0 13220.0 13220.0 12820.0 12020.0 11620.0 13220.0 11220.0 12820.0 12420.0 12820.0 11620.0 12820.0 12820.0 3220.0 12020.0 11620.0 3220.0 2020.0 12420.0 12020.0 13220.0 12420.0 12820.0 13220.0 3220.0 13220.0 12020.0 11620.0 12020.0 11620.0 12820.0 11620.0 12420.0 12820.0 12420.0 3220.0 12420.0 0.0 12420.0 10820.0 12020.0 12020.0 12420.0 2820.0 820.0 12820.0 11220.0 2820.0 12820.0 12420.0 3620.0 12020.0 11220.0 12420.0 12420.0 11620.0
0.0 3220.0 12820.0 3620.0 12020.0 12420.0 12420.0 12020.0 12820.0 2020.0 12020.0 2420.0 12820.0 2420.0 11620.0 12420.0 12820.0 11620.0 11220.0 3620.0 13220.0 12020.0 2820.0 12020.0 12020.0 12020.0 11620.0 12820.0 12020.0 11620.0 11620.0 11220.0 12820.0 11220.0 13220.0 11620.0 3220.0 10820.0 12020.0 12020.0 11620.0 12820.0 11620.0 11620.0 12020.0 2420.0 2820.0 11620.0 12420.0 12020.0 4020.0 12020.0 11620.0 12020.0 11620.0 3220.0 11620.0 12020.0 12820.0 10820.0 12820.0 10820.0 9620.0 0.0 10820.0 12020.0 12020.0 12820.0 12420.0 10420.0 13220.0 11220.0 12420.0 3620.0 12420.0 13220.0 12020.0 11220.0 2820.0 12420.0 2420.0
0.0 12420.0 11620.0 12420.0 12820.0 13220.0 12020.0 12420.0 12020.0 12420.0 3220.0 13220.0 13220.0 10820.0 2420.0 2820.0 12420.0 12820.0 10820.0 12820.0 12820.0 12420.0 12820.0 11220.0 10420.0 12020.0 12420.0 3220.0 13220.0 12020.0 3220.0 12820.0 11620.0 12020.0 3220.0 1620.0 13620.0 11620.0 11620.0 12820.0 12820.0 12020.0 12420.0 2820.0 2020.0 12820.0 13220.0 11620.0 2820.0 12820.0 13620.0 12420.0 12020.0 3220.0 11220.0 12020.0 2820.0 11620.0 12420.0 11620.0 11620.0 2020.0 12020.0 12020.0 0.0 12420.0 3620.0 11220.0 11620.0 11620.0 12820.0 12820.0 12020.0 13620.0 12820.0 13220.0 12020.0 12020.0 11620.0 2420.0 12020.0
0.0 11620.0 12420.0 12420.0 12420.0 12820.0 2020.0 1620.0 11220.0 12020.0 12420.0 13220.0 12820.0 12020.0 11620.0 11620.0 12420.0 12420.0 12020.0 12820.0 11620.0 2020.0 11220.0 11620.0 2820.0 1620.0 12420.0 11620.0 2820.0 11220.0 12020.0 1620.0 12020.0 11220.0 11620.0 12420.0 10820.0 2020.0 10420.0 2420.0 12820.0 12420.0 12020.0 10820.0 11620.0 12020.0 12420.0 11620.0 12020.0 12420.0 12020.0 1620.0 2420.0 11620.0 12020.0 12820.0 10820.0 11620.0 3620.0 11620.0 11620.0 11220.0 12020.0 12020.0 11620.0 0.0 12420.0 11220.0 10420.0 11220.0 12820.0 2820.0 12020.0 13220.0 11620.0 12820.0 2420.0 2420.0 11620.0 12820.0 12020.0
0.0 11620.0 12820.0 12820.0 12820.0 12820.0 12820.0 12420.0 12420.0 11620.0 2820.0 12820.0 12020.0 12020.0 2820.0 2820.0 12020.0 12020.0 12020.0 11620.0 12420.0 12420.0 11620.0 11620.0 12020.0 12420.0 13220.0 1620.0 12020.0 12420.0 3620.0 10420.0 11620.0 12420.0 3220.0 2420.0 10420.0 12420.0 12020.0 12820.0 11220.0 12420.0 11620.0 2420.0 2420.0 13220.0 12020.0 12820.0 3220.0 12820.0 13220.0 10820.0 12820.0 2820.0 11620.0 11220.0 2020.0 12420.0 12420.0 12420.0 13220.0 2820.0 10820.0 12420.0 1620.0 12420.0 0.0 12820.0 12020.0 11620.0 10820.0 10820.0 11620.0 13220.0 12820.0 13220.0 12420.0 11220.0 10420.0 2820.0 12820.0
0.0 12420.0 3220.0 13220.0 1620.0 3220.0 12020.0 12420.0 11620.0 12020.0 12820.0 12820.0 13220.0 12020.0 11620.0 11620.0 2020.0 12420.0 12020.0 12820.0 11620.0 12420.0 12420.0 12020.0 12020.0 10820.0 2820.0 12820.0 12420.0 2820.0 12420.0 11620.0 2820.0 2420.0 12820.0 12420.0 13220.0 11620.0 12020.0 11220.0 2420.0 11620.0 12420.0 11220.0 11620.0 13620.0 12820.0 3220.0 12420.0 12820.0 13220.0 12420.0 11620.0 12820.0 1220.0 13220.0 12020.0 3220.0 12420.0 2420.0 10820.0 11620.0 11620.0 11620.0 12020.0 12420.0 12420.0 0.0 12420.0 11220.0 4020.0 11620.0 10820.0 12420.0 3220.0 12020.0 10420.0 11620.0 12420.0 11620.0 11620.0
0.0 10820.0 12020.0 12020.0 12020.0 12420.0 11220.0 10420.0 1220.0 11620.0 12020.0 12420.0 3220.0 11620.0 11620.0 11220.0 12020.0 3220.0 2020.0 12420.0 2820.0 10820.0 10820.0 1620.0 12020.0 11620.0 11620.0 11620.0 11620.0 10420.0 11620.0 12420.0 12420.0 11620.0 10820.0 12420.0 12020.0 10820.0 420.0 11620.0 12420.0 2420.0 2020.0 10420.0 11220.0 11620.0 12020.0 11220.0 12420.0 2420.0 11620.0 11220.0 11620.0 11220.0 11620.0 12820.0 10420.0 11220.0 12820.0 10820.0 1620.0 10820.0 2420.0 11620.0 12820.0 10820.0 11620.0 11620.0 0.0 2020.0 12020.0 12020.0 2420.0 12820.0 10820.0 3220.0 12420.0 11620.0 11220.0 12420.0 11620.0
0.0 12420.0 12820.0 13620.0 12820.0 11620.0 12820.0 12420.0 3220.0 12820.0 12820.0 13620.0 4420.0 12020.0 12420.0 12820.0 12420.0 1620.0 2820.0 13620.0 3220.0 12820.0 13220.0 3220.0 12020.0 13220.0 13220.0 13220.0 12820.0 13220.0 12820.0 10420.0 12820.0 12820.0 13620.0 12420.0 13220.0 12420.0 3620.0 12820.0 12020.0 2820.0 3620.0 11620.0 12420.0 13620.0 12820.0 12820.0 13220.0 3220.0 12820.0 12820.0 13220.0 11620.0 11620.0 12020.0 12420.0 12820.0 13220.0 12020.0 3620.0 12420.0 2820.0 12020.0 11220.0 13220.0 12420.0 12820.0 3620.0 0.0 13620.0 11620.0 2020.0 13220.0 11620.0 4020.0 11620.0 11620.0 12020.0 12420.0 12420.0
0.0 11620.0 3220.0 12820.0 3220.0 2820.0 12420.0 12420.0 11620.0 10420.0 11620.0 12020.0 12820.0 11220.0 12020.0 12020.0 2820.0 11620.0 11220.0 12820.0 12820.0 11620.0 11620.0 11620.0 12420.0 12820.0 3220.0 11620.0 11620.0 2020.0 12420.0 12020.0 2820.0 2420.0 11620.0 11220.0 12020.0 12820.0 11620.0 12420.0 1220.0 12420.0 10820.0 12420.0 12020.0 12420.0 11220.0 2820.0 12820.0 12420.0 12420.0 11220.0 12020.0 11220.0 1620.0 11620.0 10820.0 2020.0 12020.0 2420.0 12420.0 12820.0 11220.0 12020.0 12020.0 11220.0 11220.0 3220.0 11620.0 11220.0 0.0 10420.0 12020.0 13220.0 2020.0 12420.0 12020.0 10420.0 11620.0 12020.0 12420.0
0.0 11220.0 12420.0 13220.0 12420.0 11620.0 3220.0 2820.0 12820.0 12020.0 10820.0 11620.0 12420.0 12020.0 11620.0 11620.0 12420.0 10820.0 12020.0 12820.0 12020.0 1620.0 11620.0 12420.0 2820.0 2820.0 12020.0 11620.0 1620.0 12820.0 11620.0 1620.0 12020.0 12820.0 11620.0 12420.0 11220.0 2820.0 12420.0 2420.0 10020.0 12420.0 11620.0 12020.0 12420.0 11620.0 11220.0 12820.0 12020.0 11620.0 12820.0 1620.0 2020.0 11220.0 11620.0 12020.0 10420.0 12020.0 2020.0 11620.0 12420.0 12420.0 11620.0 12020.0 11620.0 2420.0 10420.0 12020.0 12420.0 10420.0 11620.0 0.0 11620.0 13220.0 11620.0 11620.0 2020.0 420.0 11620.0 12420.0 11620.0
0.0 12020.0 12420.0 12420.0 10820.0 12820.0 10820.0 11620.0 1220.0 10820.0 11620.0 12020.0 2820.0 11620.0 10820.0 11620.0 12820.0 2420.0 2020.0 12020.0 1220.0 11220.0 11220.0 2020.0 11620.0 11620.0 11620.0 11620.0 11620.0 11220.0 12420.0 10420.0 12020.0 10820.0 12020.0 11620.0 12420.0 11220.0 1620.0 11620.0 11620.0 820.0 2020.0 10020.0 10420.0 12420.0 11620.0 11220.0 11220.0 2020.0 12020.0 11620.0 11620.0 11620.0 11620.0 12820.0 11620.0 11620.0 11220.0 11620.0 2820.0 12020.0 2420.0 12020.0 10820.0 11620.0 11620.0 12020.0 2020.0 1220.0 12820.0 11620.0 0.0 11220.0 11620.0 3220.0 12020.0 10420.0 11620.0 12020.0 11220.0
0.0 2820.0 11220.0 2820.0 12020.0 12420.0 12020.0 11620.0 12020.0 3220.0 12020.0 2020.0 13220.0 1220.0 10020.0 12420.0 11620.0 11620.0 10820.0 2020.0 12420.0 12020.0 2420.0 11220.0 10420.0 12020.0 12420.0 12420.0 11620.0 12020.0 12820.0 12420.0 12820.0 12020.0 12020.0 10820.0 2820.0 11620.0 11620.0 12420.0 11220.0 12020.0 10820.0 12420.0 11220.0 3220.0 2820.0 12020.0 12020.0 12420.0 3620.0 12020.0 12420.0 12020.0 10820.0 2420.0 11220.0 11220.0 12020.0 11620.0 12420.0 11620.0 11620.0 2020.0 11220.0 12020.0 11620.0 11220.0 11620.0 11620.0 12420.0 10820.0 12420.0 0.0 12820.0 12420.0 12020.0 10820.0 420.0 11620.0 3220.0
0.0 11620.0 3220.0 13220.0 2820.0 4020.0 12820.0 12420.0 13220.0 11620.0 12020.0 12020.0 11620.0 12820.0 12020.0 10820.0 3220.0 12820.0 12420.0 13220.0 13220.0 12020.0 10820.0 12820.0 12820.0 13220.0 3620.0 12420.0 10420.0 3220.0 12020.0 12420.0 3220.0 3220.0 13220.0 12420.0 13620.0 12420.0 12420.0 12420.0 2820.0 12820.0 12420.0 12420.0 12420.0 13620.0 12420.0 3220.0 12820.0 12420.0 13220.0 11620.0 12820.0 12420.0 2420.0 13220.0 11220.0 2420.0 13620.0 1620.0 12020.0 12420.0 11620.0 11620.0 12820.0 12420.0 12820.0 3620.0 12020.0 11620.0 4020.0 12020.0 12020.0 12820.0 0.0 13220.0 11620.0 10820.0 12020.0 12420.0 12820.0
0.0 13620.0 14420.0 14420.0 13620.0 12420.0 13220.0 13620.0 3620.0 13220.0 12820.0 13220.0 4420.0 13220.0 12820.0 14020.0 11620.0 4020.0 2820.0 12820.0 3620.0 13620.0 13620.0 4020.0 13620.0 14420.0 14420.0 13220.0 13620.0 13620.0 13620.0 12420.0 13620.0 13220.0 14020.0 12820.0 12020.0 13620.0 3620.0 12820.0 11220.0 3620.0 3620.0 12420.0 13220.0 14420.0 12820.0 14020.0 13620.0 3220.0 14420.0 12420.0 13620.0 12820.0 12020.0 12820.0 12820.0 12820.0 14020.0 13620.0 4820.0 13620.0 2420.0 12820.0 12820.0 13620.0 11620.0 13620.0 4020.0 2820.0 12420.0 12820.0 2820.0 12820.0 12820.0 0.0 12020.0 12820.0 12420.0 12820.0 12820.0
0.0 12420.0 12020.0 12820.0 11220.0 11620.0 1620.0 2820.0 10820.0 11220.0 12020.0 12420.0 12820.0 11620.0 10820.0 12020.0 10820.0 11620.0 11620.0 12020.0 11220.0 2020.0 11620.0 11620.0 2020.0 2820.0 12020.0 12020.0 2420.0 11620.0 12420.0 1220.0 12420.0 11220.0 12020.0 11620.0 12820.0 2420.0 11620.0 2420.0 11620.0 10820.0 11620.0 10420.0 10820.0 12820.0 11620.0 11620.0 11620.0 11620.0 12420.0 2420.0 2420.0 11620.0 10020.0 12020.0 12020.0 12020.0 2420.0 11220.0 12820.0 11620.0 10820.0 10820.0 11220.0 2420.0 12020.0 11620.0 11620.0 10420.0 13220.0 2020.0 10020.0 11620.0 12020.0 12820.0 0.0 1220.0 12020.0 10420.0 10820.0
0.0 12020.0 12420.0 13220.0 12420.0 12420.0 3620.0 3620.0 12820.0 12020.0 10820.0 11620.0 12820.0 12420.0 11620.0 12420.0 12420.0 11620.0 12420.0 12820.0 12020.0 2820.0 11620.0 12020.0 2820.0 2820.0 11620.0 11620.0 1620.0 12820.0 12820.0 1620.0 12020.0 12820.0 12820.0 12420.0 12420.0 3620.0 12420.0 3220.0 11220.0 12820.0 12420.0 12420.0 12420.0 12820.0 11220.0 13220.0 12020.0 12820.0 13620.0 1620.0 3220.0 12020.0 12420.0 12820.0 11620.0 12020.0 2820.0 11220.0 12420.0 12820.0 12020.0 12020.0 11620.0 3620.0 11620.0 12020.0 12820.0 10420.0 12420.0 1220.0 12020.0 13220.0 12420.0 12820.0 2820.0 0.0 11220.0 13220.0 12820.0
0.0 3220.0 13220.0 3220.0 12420.0 13220.0 12020.0 11620.0 12020.0 2820.0 12420.0 4020.0 13620.0 1620.0 11620.0 12820.0 12820.0 12820.0 11220.0 1620.0 13620.0 12820.0 2020.0 11620.0 12420.0 12420.0 12420.0 12820.0 11220.0 12420.0 12820.0 12820.0 13220.0 11620.0 12420.0 11220.0 3620.0 11620.0 11220.0 12020.0 12420.0 12420.0 10420.0 12020.0 11620.0 4420.0 3220.0 12020.0 13620.0 12420.0 3220.0 12820.0 12820.0 12020.0 10820.0 4020.0 12420.0 11620.0 13620.0 11620.0 12020.0 11220.0 11620.0 2020.0 11620.0 12820.0 12820.0 12820.0 12020.0 12020.0 13220.0 12420.0 12820.0 3620.0 12820.0 13220.0 12420.0 11620.0 0.0 11620.0 3620.0
0.0 12420.0 12820.0 13220.0 12020.0 12420.0 12420.0 12020.0 12820.0 11620.0 2820.0 11620.0 12820.0 11620.0 2020.0 3220.0 12420.0 11620.0 11620.0 13220.0 13220.0 12020.0 12420.0 12020.0 12020.0 12420.0 11620.0 2820.0 12020.0 11620.0 2020.0 11220.0 12420.0 11220.0 3620.0 2420.0 12820.0 10820.0 12020.0 12020.0 11620.0 12820.0 11620.0 2020.0 2420.0 12020.0 11620.0 12020.0 2820.0 12020.0 13220.0 11620.0 11620.0 2420.0 11620.0 12820.0 2420.0 11620.0 12820.0 10820.0 12820.0 1220.0 10020.0 9620.0 1620.0 12020.0 2820.0 12820.0 12420.0 10420.0 13220.0 11220.0 12420.0 12420.0 12420.0 13220.0 12020.0 11220.0 11620.0 0.0 11620.0
0.0 2420.0 12820.0 4420.0 11220.0 12420.0 12020.0 11620.0 12820.0 3220.0 13220.0 3620.0 13220.0 2820.0 13220.0 11620.0 13220.0 13620.0 12420.0 4420.0 12820.0 12820.0 4020.0 12820.0 12020.0 12420.0 13220.0 12820.0 12820.0 13620.0 11220.0 13220.0 13220.0 13620.0 11220.0 12420.0 3220.0 11620.0 12420.0 12820.0 13220.0 13620.0 12820.0 13620.0 13220.0 4820.0 3620.0 12020.0 12020.0 12820.0 4820.0 12420.0 12020.0 11220.0 12420.0 3220.0 12020.0 12020.0 13620.0 12420.0 12420.0 13220.0 11620.0 3220.0 13220.0 12820.0 13620.0 12820.0 13220.0 12420.0 14420.0 12820.0 13220.0 3620.0 12420.0 13220.0 13620.0 12820.0 3220.0 13220.0 0.0
