100 5
1246 11620 8 4
1260 6510 2 3
896 15344 8 10
672 11480 2 7
1274 9828 7 6
980 15386 10 7
14 7784 2 4
504 7336 2 8
1190 6524 9 2
56 15806 7 10
1008 13566 6 7
392 5390 9 8
476 15834 4 8
868 11578 2 2
364 7854 6 1
182 14154 1 1
882 15386 2 8
686 13804 8 8
126 6132 8 9
182 6930 4 7
504 5838 5 5
350 11256 9 4
672 9478 8 2
840 9562 4 2
210 15246 4 9
1232 7938 6 9
1120 6916 3 3
1288 8904 1 10
28 15890 5 2
126 14560 5 7
1022 15512 9 4
1078 9534 2 10
1162 8848 7 5
616 15414 6 7
1134 7882 2 5
980 5880 6 3
882 15456 10 5
1330 14210 10 3
266 12698 8 7
476 7952 9 3
742 5894 9 7
546 15442 8 10
868 10206 3 5
574 13552 10 1
1022 13776 2 9
966 13524 4 9
1260 8484 9 2
322 15428 2 8
672 5502 2 1
910 10262 10 10
602 8330 1 1
630 15750 2 10
350 13314 1 3
924 12740 8 6
1204 7574 7 6
1036 7560 6 10
686 8652 8 4
868 13832 5 3
910 15204 10 8
1344 13468 5 10
154 15708 6 7
616 8764 3 7
476 5502 6 10
168 8288 1 8
56 11704 6 4
644 13286 3 10
1372 15330 10 7
868 7070 8 9
798 15456 7 4
924 6972 2 10
224 13636 9 9
504 7182 3 3
1022 12992 6 1
518 10920 9 3
1092 15106 2 8
546 13314 6 4
1036 15666 5 10
224 8946 2 7
966 8904 9 10
154 7490 8 3
154 12222 8 7
448 10122 10 5
1036 7574 1 2
42 13454 7 8
1260 15708 9 9
1204 7378 4 6
770 5348 7 9
308 12026 10 6
560 13566 8 4
126 12264 6 10
560 13888 3 9
672 12516 3 8
266 14952 7 8
826 12278 10 5
1288 8764 10 4
1120 8064 2 10
686 12656 9 1
1008 10262 10 1
742 8022 2 4
588 10948 7 8
SETUP
0 350 42 266 308 308 252 350 280 392 322 350 238 476 168 336 196 308 378 294 182 252 476 140 350 392 350 434 462 392 238 294 336 280 504 140 224 322 252 350 420 280 420 364 56 448 378 378 336 434 322 322 448 182 238 392 476 294 336 476 378 196 112 238 476 308 210 308 266 434 392 336 322 420 84 210 392 126 196 392 98 238 336 322 266 462 336 294 532 350 378 238 406 336 364 238 378 392 112 252 336
0 0 420 462 392 434 308 448 448 238 448 476 574 308 364 350 434 322 448 392 238 532 364 420 588 448 406 350 546 490 490 336 322 336 490 224 350 154 434 574 280 406 434 434 476 434 504 476 392 378 154 378 644 308 378 308 378 140 350 392 266 294 350 462 336 140 378 322 322 336 350 448 420 378 406 266 406 392 392 238 364 462 336 350 252 518 392 504 434 196 490 336 434 350 462 308 280 238 392 294 434
0 504 0 364 280 336 420 308 476 448 420 406 546 518 126 448 392 392 336 252 350 406 434 98 434 490 350 406 602 350 196 392 392 420 490 98 252 378 308 322 420 434 434 392 420 532 504 462 378 392 378 392 560 406 392 364 434 350 448 448 350 154 378 210 448 364 308 336 224 392 350 392 434 378 392 378 350 98 308 406 238 448 294 280 434 630 294 266 490 406 378 210 364 448 336 196 350 462 280 224 350
0 588 308 0 266 252 336 308 420 224 420 364 616 490 126 406 364 392 406 322 266 462 294 308 532 448 210 490 560 322 308 378 490 322 434 210 350 336 266 504 448 392 490 420 462 196 378 532 294 476 322 350 546 168 476 280 434 308 406 420 210 224 112 336 434 322 364 140 336 392 490 406 504 238 392 294 378 196 350 490 294 392 266 392 266 560 406 238 364 280 462 70 238 406 518 308 210 406 364 322 280
0 518 224 336 0 420 406 350 532 392 448 350 602 420 28 392 476 322 476 224 336 364 406 42 462 420 322 448 574 266 336 364 518 392 546 238 280 308 252 406 196 364 434 448 392 532 504 532 308 518 308 336 518 378 392 378 434 280 392 350 308 126 378 252 378 294 280 434 420 434 224 336 476 350 322 364 406 238 266 462 210 490 378 364 406 560 406 168 476 350 434 182 392 392 434 406 322 392 210 364 322
0 420 364 322 420 0 252 294 392 182 392 434 532 266 322 294 364 280 322 238 182 378 308 406 420 322 336 294 588 434 182 294 448 280 462 84 294 112 392 448 224 364 378 336 378 378 364 434 336 378 112 322 294 252 378 420 336 84 294 350 224 140 294 406 294 98 294 14 280 294 308 336 378 308 308 210 294 84 252 392 224 406 280 266 210 476 294 350 378 140 350 196 364 294 420 252 196 182 336 196 154
0 532 224 532 392 378 0 504 560 448 448 462 588 560 336 364 252 364 560 378 308 378 434 168 532 518 476 336 574 462 406 350 462 392 574 42 336 406 378 364 518 462 350 476 182 630 308 476 462 602 406 434 574 378 420 504 434 378 448 644 336 378 350 420 546 392 336 392 392 392 420 448 420 448 196 322 504 308 476 434 210 308 406 280 406 224 322 476 504 434 504 350 504 364 392 364 336 490 336 224 378
0 532 168 280 406 322 168 0 476 224 126 462 336 378 294 350 378 322 420 336 336 406 476 266 532 504 140 420 420 364 308 98 462 392 420 126 182 406 364 420 322 280 420 308 252 476 336 280 308 560 392 322 462 140 406 350 140 406 378 462 378 238 70 364 406 392 336 336 154 98 238 210 224 112 238 322 280 252 224 420 252 378 448 350 224 392 224 406 462 238 462 252 294 350 266 126 378 434 336 294 266
0 504 546 420 462 266 518 546 0 448 518 630 644 532 476 546 602 434 588 504 448 462 532 490 672 588 476 406 644 378 448 434 420 546 588 112 518 378 518 252 490 504 546 364 504 616 434 546 420 644 378 588 560 462 532 560 574 350 532 518 448 406 448 560 560 364 532 280 490 532 504 364 490 476 434 476 560 336 518 336 406 518 518 364 476 616 406 588 616 406 588 420 504 546 280 462 448 448 588 462 420
0 462 350 266 490 490 392 280 364 0 392 406 462 378 392 364 406 210 350 154 420 308 336 294 518 294 252 420 504 364 420 224 476 168 490 168 210 378 308 476 322 434 308 210 476 462 392 476 280 504 378 392 462 294 336 420 406 350 392 462 252 56 238 378 350 364 210 406 280 364 364 210 420 280 434 98 168 434 210 392 140 434 308 252 392 532 280 280 406 322 434 112 364 406 406 252 252 280 406 350 322
0 518 126 364 378 448 378 378 364 112 0 490 504 406 224 364 504 308 448 266 322 406 434 224 490 392 350 434 546 238 322 322 350 280 434 224 252 336 392 434 210 350 406 224 420 560 490 154 280 518 336 308 560 378 434 420 504 308 364 476 350 168 336 322 392 322 238 462 350 462 322 238 98 336 350 210 266 210 308 364 238 266 406 224 112 546 266 364 504 364 434 210 364 364 140 322 350 322 322 168 308
0 406 448 434 406 434 350 518 266 406 350 0 462 350 434 504 490 336 210 448 406 490 406 434 336 532 294 392 616 350 462 364 336 448 504 294 336 322 378 420 280 490 182 182 504 476 266 336 406 476 308 462 448 322 490 84 406 294 504 434 434 462 364 546 378 308 420 448 308 364 322 182 406 294 476 378 406 504 406 490 322 392 406 182 336 434 224 560 588 350 476 392 448 504 448 280 434 392 420 126 266
0 420 196 238 210 378 238 294 378 182 84 140 0 252 238 182 364 266 336 238 182 336 308 238 378 378 252 294 476 308 266 266 420 280 448 168 126 98 28 406 224 154 224 126 224 378 308 238 336 434 98 126 420 252 434 210 252 70 182 336 210 224 280 392 280 84 294 266 266 280 294 140 182 252 154 210 308 168 168 364 168 322 280 168 196 350 210 364 378 140 406 280 378 182 224 238 210 182 140 238 252
0 308 266 238 210 406 322 378 140 364 308 434 504 0 238 182 364 322 378 112 266 336 364 238 392 476 280 42 490 266 266 266 238 350 406 126 238 210 336 392 336 168 196 252 224 434 280 182 308 462 210 126 420 56 336 434 406 266 182 84 280 238 280 448 42 210 266 364 210 364 154 252 126 364 168 294 308 168 182 364 168 182 350 350 322 350 252 378 448 252 406 280 392 182 168 308 280 294 140 294 308
0 490 196 308 154 392 378 322 504 392 434 448 574 392 0 392 448 294 448 196 308 336 378 182 560 476 294 420 546 238 392 336 490 364 518 210 252 420 350 378 350 476 406 490 490 504 476 504 280 490 420 434 490 350 378 406 448 392 392 322 294 98 350 224 392 406 252 406 392 406 364 378 448 322 420 336 476 280 238 434 182 476 350 336 504 574 378 140 448 364 462 154 364 392 406 378 294 490 350 406 434
0 588 252 490 504 336 406 462 490 238 126 518 630 532 350 0 588 322 574 392 350 392 560 350 616 490 476 532 672 266 448 448 476 406 560 350 378 434 406 322 336 476 434 350 504 686 504 280 308 644 350 434 630 392 476 448 588 406 434 602 476 294 462 448 518 420 364 336 350 546 448 350 224 462 476 322 392 336 434 490 364 392 490 350 238 182 392 490 630 448 462 336 392 434 266 322 476 434 448 294 392
0 462 252 294 280 462 378 434 476 210 364 406 574 504 308 238 0 364 420 308 322 196 434 308 448 490 336 532 546 448 322 336 490 378 518 238 364 350 308 476 462 224 476 364 294 490 546 476 420 532 350 182 490 196 336 490 378 322 238 420 350 266 336 280 490 336 350 434 364 336 434 364 420 378 224 308 336 224 238 434 238 70 294 406 434 420 434 434 504 378 322 308 504 238 462 336 266 434 196 350 448
0 476 336 238 350 308 364 308 406 308 210 280 490 392 308 168 420 0 378 378 308 406 448 378 378 406 322 420 546 224 392 266 462 322 448 308 210 238 182 294 308 294 112 308 364 392 196 364 266 588 238 266 434 350 364 280 322 224 322 462 364 364 280 406 406 238 364 308 182 280 196 210 308 406 294 252 280 308 182 364 252 462 322 56 210 336 98 434 518 280 350 294 238 322 322 154 364 322 280 252 140
0 462 406 378 210 490 448 392 462 378 462 546 644 462 238 336 322 406 0 336 378 448 504 238 392 476 238 308 518 462 280 406 140 462 308 336 224 308 448 476 84 322 518 406 364 546 490 126 420 560 308 280 462 448 336 392 504 280 336 448 420 322 420 448 252 294 210 476 462 462 364 406 392 196 322 406 364 322 308 504 280 322 448 448 406 518 476 364 546 322 322 336 504 336 434 448 420 378 294 420 434
0 630 196 406 378 518 238 490 560 462 462 588 532 434 308 336 476 434 518 0 420 378 532 280 546 602 378 308 560 364 378 434 588 518 616 28 434 392 490 504 504 322 532 504 392 490 532 448 406 574 378 280 588 378 518 546 602 364 336 518 448 350 434 392 196 378 448 518 406 560 532 266 392 476 322 448 462 280 336 532 336 350 476 462 490 462 476 448 602 420 504 336 490 336 434 378 364 462 294 406 392
0 546 280 266 238 378 70 294 434 392 294 364 392 406 266 196 308 140 392 266 0 364 392 224 406 224 182 378 504 350 294 154 448 98 364 112 126 308 266 364 252 182 252 252 238 448 322 378 154 490 308 140 448 224 434 280 420 280 196 490 308 252 168 308 308 294 280 364 98 378 266 266 378 364 182 28 224 182 196 392 196 350 364 182 322 294 168 392 462 350 420 266 238 196 336 70 308 392 154 294 210
0 266 224 378 364 308 196 378 490 392 294 406 448 350 308 308 322 182 322 392 126 0 518 322 532 350 294 392 588 392 266 280 448 224 490 224 252 378 308 294 364 308 280 182 182 462 364 434 224 378 378 266 322 14 154 364 504 350 308 434 420 378 280 378 378 364 336 308 210 462 350 182 364 294 210 154 140 308 322 392 210 364 490 224 378 420 252 434 588 336 126 308 308 308 322 196 280 392 280 322 252
0 462 294 280 280 336 308 168 378 28 280 210 378 322 308 238 252 224 280 182 252 322 0 308 448 308 266 364 476 392 336 238 406 196 378 196 196 168 98 476 280 224 322 224 266 448 406 392 154 518 168 196 476 294 336 140 294 140 238 406 266 84 238 308 294 154 224 224 294 252 364 224 378 266 224 112 182 224 224 420 154 112 322 252 266 420 294 294 420 196 322 126 98 238 420 266 266 252 196 196 336
0 588 406 420 392 448 420 420 560 364 476 322 574 434 420 364 490 336 448 364 364 462 490 0 420 392 420 476 546 546 308 448 546 462 630 210 308 280 210 602 392 336 448 476 364 560 518 574 490 504 280 308 602 434 504 350 406 252 350 518 392 266 448 462 378 266 420 448 420 462 476 308 532 490 294 392 434 196 350 518 308 448 406 378 378 532 420 476 560 322 476 322 560 364 532 420 392 364 182 322 462
0 350 462 448 308 238 364 420 350 420 350 420 560 210 336 364 560 210 462 308 294 546 546 350 0 504 434 252 686 210 420 322 252 392 420 322 406 350 308 490 140 364 308 308 420 602 392 392 266 602 336 336 532 70 378 392 532 322 378 294 462 378 336 406 238 336 476 252 378 490 210 322 336 420 364 322 462 308 378 364 378 392 504 252 406 392 294 476 616 378 364 420 350 378 378 350 336 112 294 434 336
0 532 490 518 504 532 462 406 476 336 532 518 574 546 392 476 560 322 308 490 392 280 322 546 700 0 448 588 476 406 364 336 448 294 616 448 238 406 406 518 392 434 434 392 448 658 504 434 462 406 252 504 420 280 420 448 532 448 504 490 434 392 350 602 504 392 224 532 392 490 448 392 434 504 476 420 350 434 448 420 112 420 504 378 504 658 406 518 588 350 406 434 406 504 462 378 434 336 504 448 210
0 546 350 462 476 462 448 280 462 350 406 364 476 518 476 448 378 434 322 364 448 560 336 448 658 490 0 560 602 364 168 378 448 364 476 266 378 378 308 630 392 434 462 448 504 560 532 434 406 462 308 392 434 420 588 434 420 350 448 350 238 406 350 532 350 364 518 350 350 378 420 364 476 280 434 434 420 406 392 476 434 434 308 476 476 616 420 266 322 322 630 112 406 448 518 322 252 378 406 420 476
0 504 448 406 392 434 378 406 518 406 336 476 490 392 420 336 406 294 532 420 308 476 532 420 560 490 336 0 644 224 448 448 448 406 574 336 238 322 378 420 434 336 392 210 406 602 476 154 266 504 322 294 602 364 490 406 532 294 350 476 434 406 448 420 420 308 238 448 308 504 322 224 98 322 336 336 406 336 350 518 322 252 308 336 420 504 224 490 588 364 476 322 350 350 140 280 434 406 308 350 266
0 532 336 70 252 308 336 350 434 84 322 406 406 308 182 280 420 126 280 238 336 378 350 280 504 364 252 350 0 350 322 266 182 252 350 252 294 364 308 406 350 420 238 126 406 266 322 364 364 434 364 392 532 238 420 350 294 336 448 392 266 140 168 406 336 350 280 196 280 252 294 140 420 252 406 182 98 266 280 406 210 448 336 182 322 462 196 294 420 350 448 126 294 448 420 266 266 350 406 266 252
0 490 364 280 308 378 154 210 420 294 252 252 476 294 308 168 392 70 308 350 84 434 420 308 448 308 266 266 476 0 364 238 448 182 420 182 210 224 154 350 322 266 182 336 322 462 252 406 56 462 224 224 476 308 378 182 336 196 168 378 336 336 238 196 322 210 308 252 168 294 252 280 350 308 266 112 308 266 224 420 266 420 392 112 280 350 154 434 490 252 364 350 140 168 378 154 336 294 238 238 196
0 602 280 392 350 434 280 112 546 336 238 574 448 420 378 462 476 434 154 448 448 518 588 378 532 616 252 448 532 476 0 210 280 504 448 238 294 266 476 532 224 392 532 420 364 588 434 280 406 630 448 420 574 252 490 462 252 420 448 504 490 350 182 364 392 434 364 434 266 210 350 322 336 224 350 434 392 364 336 532 364 462 560 462 336 504 336 504 574 294 462 364 406 462 378 238 490 532 434 406 378
0 518 364 350 322 350 378 266 392 364 252 378 252 406 280 294 476 224 364 280 364 420 448 350 490 448 322 406 462 406 378 0 476 364 336 280 98 336 280 336 448 266 336 224 336 504 280 350 266 518 336 238 532 84 406 252 392 308 280 476 364 182 14 406 392 322 252 322 70 350 238 238 350 336 266 294 196 266 280 476 252 434 434 266 168 462 140 392 518 322 392 224 210 280 322 42 350 364 238 308 182
0 378 294 406 70 490 420 420 322 448 336 420 588 490 98 224 420 392 392 210 406 308 448 98 518 448 378 182 518 322 406 350 0 336 168 224 280 378 308 476 266 434 434 392 462 588 504 322 378 574 378 406 588 322 462 266 392 350 364 322 364 196 364 322 392 364 266 504 406 350 294 392 266 392 392 434 448 294 336 532 154 434 322 364 448 392 392 238 518 210 434 224 462 364 308 392 364 462 280 308 392
0 574 350 364 378 406 420 308 448 406 308 420 294 448 336 252 476 280 420 322 420 392 406 406 546 126 322 448 518 434 420 56 518 0 378 336 140 392 322 392 504 322 378 280 392 546 336 406 322 532 378 280 420 126 462 308 448 364 252 532 308 224 70 420 210 378 294 378 112 406 280 280 406 350 322 350 238 322 294 490 224 364 378 322 224 420 182 336 476 364 434 168 252 252 364 84 308 420 294 350 238
0 560 266 364 434 378 252 350 406 280 168 364 420 448 392 56 322 364 392 308 392 434 280 364 476 420 210 448 546 308 238 182 518 322 0 154 280 322 252 364 378 364 476 392 336 546 462 322 350 434 322 350 546 266 434 406 224 294 392 406 196 210 196 462 476 308 350 378 238 182 322 406 266 224 322 378 364 140 294 448 280 378 266 322 280 224 322 224 350 280 420 56 350 392 308 224 196 406 350 266 364
0 616 448 602 364 602 504 644 602 448 616 602 700 518 392 490 532 434 672 588 434 364 546 392 700 644 462 308 546 532 560 518 602 532 700 0 476 378 504 644 490 588 546 518 406 644 616 448 574 700 364 574 672 364 504 658 588 350 490 602 462 490 532 602 560 364 462 532 518 546 560 518 392 490 336 462 490 462 546 700 350 406 518 490 476 644 518 490 616 406 490 322 616 490 434 490 392 448 560 504 378
0 476 336 462 462 504 336 182 532 392 294 574 504 490 322 378 518 392 462 378 406 532 560 434 644 546 322 532 602 322 448 266 588 504 602 308 0 532 476 490 504 448 490 308 378 420 518 448 364 574 532 490 532 308 350 336 308 518 378 574 476 280 252 490 518 532 434 504 322 266 406 322 392 280 406 434 448 434 392 588 364 560 532 392 392 560 392 448 630 224 336 336 448 378 238 308 476 602 504 322 448
0 462 266 308 322 294 252 434 294 392 294 532 420 154 224 196 280 350 448 266 420 476 406 350 462 532 308 196 504 364 336 182 392 462 476 224 280 0 420 434 434 294 350 406 336 504 420 336 322 532 364 280 504 154 490 434 224 364 196 238 434 308 196 308 196 350 420 168 238 182 308 378 280 280 308 392 364 238 252 434 322 336 434 196 112 378 238 350 588 42 490 350 392 196 322 224 434 308 294 140 280
0 392 238 210 182 350 210 266 350 154 280 112 476 224 210 154 336 238 308 210 154 308 280 210 350 364 252 266 448 406 238 238 392 252 420 140 98 70 0 462 196 126 294 280 196 350 364 406 308 434 70 98 392 224 406 182 294 42 154 308 182 196 252 364 252 56 266 238 238 252 266 280 350 294 126 182 280 140 140 336 140 294 252 266 168 322 308 336 350 112 378 252 350 154 322 210 182 154 112 210 350
0 392 392 336 420 28 266 308 406 210 364 378 392 280 336 294 378 196 336 252 210 392 322 420 434 336 238 308 546 126 196 182 462 308 476 98 266 126 280 0 238 364 294 112 392 392 308 462 168 392 126 336 308 252 280 308 350 98 294 364 238 154 196 322 308 112 308 28 238 308 322 126 392 224 322 224 308 98 266 406 238 420 294 238 224 462 280 378 392 154 364 210 252 294 28 224 210 210 336 224 168
0 378 322 392 364 420 406 420 644 518 462 518 658 518 392 336 420 476 448 392 336 420 518 266 308 560 434 546 630 518 308 420 504 434 560 322 378 434 420 406 0 308 588 490 294 462 406 518 336 490 434 280 434 378 266 462 546 420 336 574 434 378 434 476 182 434 378 420 434 504 294 462 490 462 238 364 462 322 322 490 252 336 490 504 448 504 504 462 588 448 238 294 420 336 420 406 434 420 294 448 364
0 364 350 84 350 252 378 224 448 294 350 420 350 322 196 392 308 336 224 168 350 322 350 378 336 448 266 322 518 364 112 112 308 336 448 14 210 294 322 364 308 0 448 308 308 280 392 350 294 308 294 336 266 196 280 364 350 322 392 392 266 70 126 392 350 280 224 210 168 308 336 154 350 294 322 378 294 14 14 210 154 364 210 196 280 504 238 294 420 280 252 126 308 392 392 154 266 378 350 140 280
0 574 266 448 490 448 252 392 406 434 364 462 378 280 378 392 322 364 420 336 406 308 420 364 462 448 224 322 448 364 280 182 504 322 350 210 266 448 406 448 504 364 0 350 336 294 84 280 392 644 434 406 630 252 462 378 224 434 448 364 420 350 196 462 308 448 266 336 238 182 322 112 224 462 294 406 364 350 378 574 140 378 224 210 350 476 238 490 532 378 434 322 322 434 266 210 420 504 406 140 294
0 490 448 308 392 462 448 406 308 420 364 420 280 182 350 364 476 364 434 280 434 476 406 420 476 560 126 224 448 378 294 336 406 448 518 126 364 364 308 448 490 336 378 0 406 490 448 364 406 308 378 308 476 154 490 490 434 350 350 266 322 406 336 518 210 364 448 434 336 392 336 14 308 126 336 406 434 336 238 322 350 364 378 210 364 532 252 392 434 252 476 224 476 364 350 308 322 462 308 154 294
0 462 42 378 322 252 196 336 518 350 406 308 518 420 168 280 140 266 378 294 126 210 420 140 364 336 308 378 406 392 238 280 294 224 462 140 168 266 196 350 378 308 364 378 0 546 448 336 280 434 266 266 392 210 350 378 462 238 280 490 336 196 280 238 434 252 168 252 224 420 392 378 266 364 28 154 336 140 322 448 42 196 336 308 238 406 294 294 490 294 336 196 364 280 322 196 336 350 280 266 336
0 406 280 280 378 280 280 112 448 336 238 182 448 350 364 224 448 350 224 364 350 294 420 378 462 546 252 322 420 364 308 210 350 448 336 210 294 280 210 434 294 196 364 350 322 0 434 350 112 504 266 294 462 252 294 98 252 252 224 434 392 266 182 252 238 266 364 168 266 210 336 322 336 210 336 378 378 210 210 406 336 392 406 196 336 406 238 490 546 308 266 322 42 224 378 238 392 350 308 140 280
0 518 182 364 420 448 168 364 448 448 350 476 336 322 308 350 392 322 462 266 322 252 546 280 574 532 266 364 560 462 378 98 476 420 434 140 196 434 364 434 546 280 434 322 252 560 0 322 308 574 392 336 546 182 406 350 140 406 378 392 462 280 112 378 350 420 350 420 154 98 238 154 322 434 224 350 280 266 294 490 238 378 476 364 266 392 238 434 574 406 378 322 308 350 364 140 448 462 336 392 280
0 490 308 266 252 434 322 266 462 266 336 462 546 336 280 210 392 350 406 280 266 364 378 280 420 350 308 378 518 420 294 308 406 364 490 210 98 182 364 532 294 196 448 378 266 462 504 0 420 504 182 154 462 336 448 420 392 154 210 420 294 266 308 476 364 168 84 350 350 350 378 336 294 364 196 294 336 196 210 406 210 350 364 378 280 392 420 406 448 210 420 308 448 210 322 322 294 266 168 322 462
0 448 322 238 280 322 322 154 378 252 252 210 490 252 252 126 434 308 266 308 252 406 378 308 462 462 294 224 434 378 336 252 392 350 378 238 196 168 112 434 294 224 378 308 294 434 448 364 0 420 168 196 434 294 336 140 294 154 126 336 294 294 224 154 280 168 266 210 308 252 294 308 308 266 238 280 266 224 182 364 238 392 350 238 280 308 280 392 448 210 308 294 84 126 350 280 294 252 210 182 336
0 196 238 350 182 434 308 238 350 238 350 308 448 350 42 224 294 252 364 112 266 224 224 210 504 350 294 280 336 182 308 238 112 238 280 126 182 224 210 420 336 294 196 168 364 490 280 98 112 0 224 252 504 224 336 238 266 252 224 98 140 140 238 252 308 210 182 322 210 224 168 182 42 252 294 294 350 210 280 14 56 210 210 294 322 308 280 182 294 252 350 182 196 224 84 252 140 266 266 280 322
0 322 476 350 462 434 490 448 588 434 448 392 434 462 462 434 560 420 490 462 434 532 560 490 532 630 406 504 644 574 490 196 532 532 518 392 280 350 280 518 476 406 518 280 434 546 476 532 448 588 0 378 546 266 378 448 574 322 434 546 462 364 196 602 420 336 434 322 252 532 210 294 546 406 364 462 378 378 294 476 378 406 532 406 350 602 322 574 630 392 532 406 392 434 504 224 462 84 392 434 364
0 406 154 126 98 280 210 266 378 252 182 308 392 322 126 56 252 224 252 126 140 224 252 126 266 350 154 350 364 322 154 154 308 238 336 56 182 168 210 378 280 42 322 224 112 308 406 336 294 350 168 0 308 224 308 364 392 140 56 406 168 112 154 336 308 154 168 252 210 350 308 196 280 266 42 168 182 42 56 252 56 210 224 224 252 238 266 252 322 210 294 154 322 56 322 182 168 252 14 168 308
0 518 252 294 308 434 238 420 518 406 308 336 406 378 308 182 462 336 434 420 406 336 392 336 448 476 434 392 490 350 378 168 294 350 448 196 252 224 364 420 434 280 448 392 322 490 168 462 308 546 434 392 0 238 462 406 210 406 182 462 490 336 182 280 406 420 294 322 224 168 308 322 406 504 308 378 350 280 224 420 168 448 476 182 336 350 224 434 294 28 448 350 364 182 448 196 490 504 406 126 266
0 616 406 574 602 462 308 616 490 392 294 546 700 658 490 504 546 350 406 546 504 588 700 462 700 672 420 630 700 518 518 602 532 560 672 336 434 518 448 630 490 560 448 504 476 700 532 448 574 658 504 532 686 0 518 602 616 490 574 700 630 448 602 602 644 504 532 350 406 616 532 518 392 392 406 490 532 420 504 644 420 546 532 392 406 532 434 616 672 504 490 490 546 574 434 378 280 378 532 448 476
0 126 378 364 336 420 378 238 518 308 252 266 546 378 266 308 462 280 266 336 308 392 392 364 518 378 308 420 560 406 126 308 336 322 504 294 252 224 168 406 350 294 378 280 350 504 462 322 336 224 224 252 546 364 0 336 364 210 308 322 294 238 308 476 406 224 350 392 364 322 392 280 266 336 280 336 252 294 294 238 238 434 364 322 336 406 350 322 462 266 504 168 420 308 308 336 294 308 266 364 112
0 336 392 364 336 364 280 434 462 322 266 518 560 406 364 420 462 266 140 462 322 462 322 364 378 462 364 322 644 280 406 434 266 378 434 308 266 252 420 350 210 448 378 364 434 518 448 252 322 518 252 406 378 392 420 0 462 224 434 434 364 378 434 476 378 238 336 378 238 420 252 378 364 322 434 308 336 434 434 532 406 322 420 112 266 504 154 490 518 280 406 420 378 434 378 210 364 322 420 56 196
0 546 210 392 392 406 42 336 462 420 336 378 434 476 336 224 280 294 434 406 210 280 462 196 532 420 378 364 490 476 406 350 364 294 406 70 168 336 280 392 448 322 378 294 168 574 336 406 336 434 336 308 560 280 420 322 0 322 364 490 364 364 308 406 406 336 238 406 140 420 308 308 350 406 112 238 266 308 336 448 112 266 434 322 308 266 210 462 532 378 406 364 280 224 392 112 364 420 322 252 252
0 350 294 336 336 308 182 378 322 112 322 350 448 182 238 224 308 196 448 266 112 406 238 336 462 322 280 224 532 364 364 210 406 210 378 210 224 28 308 448 154 280 308 308 350 308 378 364 266 560 28 252 518 182 378 350 252 0 224 266 140 168 224 336 210 14 322 196 196 210 224 322 308 252 280 140 280 266 266 462 238 336 210 224 126 392 266 378 308 70 364 210 308 224 350 182 154 112 266 168 308
0 434 252 126 294 336 406 252 490 238 140 490 392 364 140 14 406 322 266 280 350 392 406 322 364 490 308 406 308 266 210 154 336 406 280 126 238 392 378 322 266 112 434 252 350 308 434 280 308 406 350 378 308 224 322 392 378 420 0 448 322 182 168 294 392 392 322 252 210 336 378 196 224 350 364 336 336 112 56 252 252 392 308 294 252 182 280 266 476 322 294 182 336 14 266 182 322 378 392 238 336
0 364 210 406 378 406 252 322 308 420 322 476 490 294 336 322 406 294 504 28 210 392 448 308 406 434 336 322 560 392 364 294 406 308 448 42 154 140 406 392 252 322 112 364 392 392 196 392 364 406 140 294 420 280 252 364 336 308 322 0 364 364 294 406 210 126 308 308 126 294 84 224 336 364 322 238 322 294 336 420 252 364 336 308 238 476 196 462 434 168 448 350 420 322 378 252 364 210 308 252 238
0 392 210 294 364 308 378 238 224 112 336 210 420 378 322 280 168 294 322 266 308 350 98 294 532 252 154 392 434 224 322 182 364 126 238 266 168 252 196 406 364 308 392 294 294 406 378 420 224 560 252 280 462 252 406 210 364 224 336 462 0 168 182 378 336 238 308 196 140 322 308 210 420 112 224 196 266 266 224 392 238 196 70 280 336 462 210 378 168 238 392 210 168 336 392 112 14 336 294 224 252
0 406 294 210 434 462 336 224 406 294 336 350 490 448 336 350 350 378 350 98 364 252 280 378 462 378 196 406 448 322 364 238 434 266 434 126 154 322 252 532 434 378 490 420 420 406 518 420 224 462 322 336 406 252 280 364 350 294 336 406 196 0 252 322 294 308 154 350 308 308 448 280 364 224 378 378 378 378 154 336 84 378 252 378 406 518 378 224 350 266 378 56 308 350 392 280 196 392 350 364 378
0 560 448 378 420 532 364 392 560 462 350 518 616 588 266 308 518 406 420 266 532 406 448 448 616 546 364 392 616 476 532 364 462 434 588 280 322 462 420 616 476 546 518 560 518 574 280 504 392 630 462 504 560 70 448 518 406 434 504 574 350 168 0 420 462 448 322 420 434 364 504 420 448 392 476 546 546 476 308 504 252 546 420 378 154 490 420 378 518 434 532 224 476 504 490 406 350 364 518 518 462
0 448 308 560 434 420 364 294 280 504 420 476 616 504 308 378 406 434 490 378 294 378 490 336 490 504 434 546 588 448 350 392 364 392 336 378 126 434 378 518 546 476 238 434 266 518 308 364 378 266 434 434 588 378 322 462 434 406 490 350 406 406 364 0 364 420 126 308 308 392 154 336 308 406 196 322 406 378 490 280 210 364 448 434 406 560 378 434 560 350 392 392 448 490 350 280 406 364 448 378 420
0 490 238 210 182 378 294 350 462 336 280 406 476 420 210 154 336 308 350 210 238 308 336 210 364 448 252 448 462 406 238 238 392 322 420 140 266 266 308 462 378 140 420 308 196 406 504 434 392 434 266 98 392 308 406 462 462 238 154 490 252 196 252 434 0 252 266 336 294 420 406 280 378 364 126 252 280 140 140 336 140 154 322 322 336 322 364 350 406 294 378 252 406 154 420 280 252 336 112 266 406
0 336 280 322 322 294 168 364 308 406 308 406 434 168 224 210 294 182 462 266 98 448 420 322 448 308 280 210 518 378 350 196 392 196 462 196 210 14 294 434 140 266 294 294 336 518 364 350 252 546 14 238 504 168 392 378 238 336 210 252 392 322 210 322 196 0 364 182 182 196 210 308 294 280 266 126 308 252 252 448 280 350 448 210 112 378 252 364 546 56 364 364 322 210 336 168 392 98 252 154 294
0 476 350 462 392 504 350 182 546 406 308 546 518 490 322 392 434 392 476 392 406 532 560 420 658 560 322 490 602 336 364 280 322 504 490 308 14 448 448 504 504 462 504 322 392 434 476 266 378 588 448 420 532 322 364 336 308 420 392 574 476 294 252 504 518 434 0 518 336 266 420 322 210 280 406 434 462 434 392 588 364 378 336 392 406 560 406 462 532 238 336 336 462 392 238 308 476 252 434 336 448
0 490 392 322 434 126 364 280 504 308 406 490 546 378 322 308 364 322 322 238 308 378 406 462 406 420 336 378 588 420 168 308 434 364 560 84 294 224 378 448 336 420 420 322 364 490 350 434 350 364 224 448 406 378 364 406 350 196 308 462 322 140 308 420 406 210 280 0 364 308 392 336 378 350 294 322 294 70 252 378 210 420 266 252 238 490 294 350 476 154 350 182 364 308 420 336 308 308 448 196 154
0 462 322 294 266 294 364 210 392 308 196 490 490 420 294 224 420 294 378 294 308 392 420 294 434 392 336 462 532 350 322 294 476 308 406 224 42 336 378 280 406 210 392 252 280 462 476 350 364 518 336 182 476 336 350 252 336 308 224 504 336 280 280 504 392 322 196 308 0 294 182 252 294 308 210 238 266 210 224 420 224 378 392 350 308 406 84 420 490 266 336 322 308 224 266 140 336 420 182 308 126
0 434 84 266 322 350 84 266 392 364 266 378 252 406 210 266 294 224 364 280 252 322 448 182 476 448 322 336 462 420 280 14 406 336 336 42 98 336 280 336 448 196 336 224 154 462 280 308 210 476 294 238 462 84 322 252 42 308 294 490 364 182 14 280 364 322 252 336 70 0 154 238 350 336 154 266 196 182 210 392 154 308 378 280 168 308 140 336 518 322 392 224 210 266 322 42 350 364 252 294 182
0 294 392 420 406 392 518 406 588 364 266 434 546 462 420 364 504 294 434 322 448 518 560 434 336 546 406 504 672 504 294 308 336 462 504 336 392 406 336 378 462 350 392 294 420 574 476 420 504 406 406 308 616 378 182 518 546 378 364 490 462 420 308 490 224 392 476 406 364 504 0 294 364 406 350 462 252 350 364 420 364 364 532 336 378 546 364 504 630 434 602 336 504 364 406 336 462 448 322 434 280
0 476 448 406 392 574 504 392 308 420 350 406 280 182 406 350 476 476 434 280 434 504 406 420 560 546 126 210 658 434 280 448 406 434 546 294 392 350 308 560 490 336 364 406 406 602 448 350 476 574 364 294 546 224 504 476 532 350 350 252 308 406 448 630 210 364 434 462 378 490 322 0 294 392 336 462 476 336 350 504 350 350 378 448 448 532 434 392 434 392 588 224 476 350 336 420 308 448 308 462 476
0 420 364 322 308 476 294 322 434 322 392 392 406 308 336 266 448 210 448 336 224 420 434 336 476 406 252 336 560 140 350 364 364 322 532 252 154 238 294 490 350 252 308 126 322 518 392 70 182 420 238 210 518 280 504 322 448 210 266 392 350 322 364 336 336 224 154 392 308 406 392 140 0 238 252 252 392 252 266 434 266 168 420 252 336 448 294 462 518 266 476 350 266 266 56 294 350 322 224 266 336
0 462 364 182 420 434 350 322 504 378 280 406 462 420 308 294 406 434 322 406 392 588 378 448 434 518 42 462 322 406 210 224 406 406 406 308 308 308 350 518 406 392 490 434 406 378 490 434 406 504 308 434 364 294 378 462 322 392 280 392 280 392 224 392 392 294 462 322 280 280 420 252 378 0 420 420 406 378 126 322 434 462 350 294 378 462 336 308 350 126 364 140 420 294 420 252 280 392 448 238 378
0 448 112 364 336 322 168 322 532 322 392 280 490 392 238 308 210 238 448 364 112 182 434 210 434 322 280 434 392 378 308 252 266 196 434 210 140 238 182 420 350 280 350 350 70 518 420 308 266 504 238 252 462 182 322 350 448 224 294 476 336 266 252 308 406 238 140 322 196 406 364 364 252 420 0 126 322 210 294 490 14 168 406 280 210 392 266 364 504 280 308 266 336 294 294 168 350 322 252 336 308
0 574 420 434 448 476 504 392 518 476 378 504 364 518 406 322 476 350 490 392 476 462 476 196 532 196 392 448 588 406 490 126 560 84 462 406 210 462 392 462 224 392 448 350 462 616 406 476 392 462 448 350 504 196 448 378 518 434 322 546 378 294 140 490 280 448 364 448 182 476 280 350 476 420 392 0 308 392 364 476 294 434 448 392 294 490 266 406 546 434 448 252 322 322 308 168 392 490 364 420 308
0 504 350 280 378 322 392 336 350 336 238 322 322 224 322 196 462 42 182 322 336 420 448 420 420 420 168 252 476 266 322 308 322 336 462 168 224 280 210 308 266 336 154 42 406 322 224 308 308 336 280 308 462 196 378 322 364 252 350 294 350 392 322 448 252 266 378 336 196 322 210 42 322 154 336 266 0 336 210 350 294 392 364 84 252 378 112 392 476 280 364 266 266 350 336 168 350 364 308 182 154
0 420 350 280 364 252 378 224 476 364 336 420 504 448 350 406 294 350 252 168 378 308 350 406 350 448 266 322 518 364 112 308 378 336 490 14 224 294 322 406 336 448 448 420 336 434 532 378 294 308 294 406 462 322 308 420 350 322 406 392 252 70 294 392 364 280 224 252 308 308 322 350 350 294 350 392 406 0 210 322 154 350 210 196 350 588 224 280 420 322 280 126 378 406 392 294 252 378 420 126 280
0 378 336 70 336 322 378 364 448 280 350 434 336 308 182 378 420 322 210 378 336 490 350 364 322 504 252 350 518 392 364 98 294 392 434 280 196 392 336 406 294 364 434 322 294 266 378 336 336 490 392 336 252 182 266 350 350 364 378 392 266 280 112 406 336 378 350 196 154 406 336 140 434 308 322 364 280 266 0 196 322 462 336 364 266 490 238 294 434 280 238 126 294 378 420 140 266 420 336 378 280
0 182 294 392 168 434 294 224 336 224 336 336 462 406 196 308 280 406 434 294 420 406 210 196 532 364 280 266 322 350 294 224 98 252 266 210 280 252 308 434 350 406 518 406 364 518 490 406 350 490 336 392 588 294 490 336 266 308 434 406 126 266 224 406 434 322 350 322 252 224 364 336 350 238 350 322 378 196 350 0 238 322 196 378 350 294 336 322 280 280 476 308 280 434 392 238 126 252 364 322 378
0 434 392 448 504 476 364 308 546 364 420 532 476 518 448 434 476 350 490 504 294 168 420 476 700 308 448 560 378 448 434 238 448 196 574 392 140 406 476 462 518 476 448 336 350 546 518 392 392 546 392 434 490 182 322 434 434 378 434 602 336 406 252 532 392 392 126 476 294 392 434 350 336 406 364 322 308 476 476 560 0 504 392 294 406 588 336 518 490 350 294 364 434 434 364 266 336 364 448 448 378
0 700 196 490 476 518 350 504 420 378 532 602 518 658 322 532 560 490 364 448 518 588 630 294 630 658 350 602 630 490 392 280 504 546 602 294 364 518 504 504 448 462 602 476 434 686 546 420 476 588 560 504 658 350 588 518 322 546 560 560 532 350 280 392 602 560 364 532 336 280 420 490 364 308 420 462 462 294 434 602 420 0 490 476 434 574 406 448 658 434 560 406 476 532 406 308 210 532 462 406 448
0 532 350 392 364 462 308 364 574 308 392 406 630 448 392 266 98 224 462 392 238 294 504 280 546 462 420 420 574 168 420 392 574 336 546 322 210 378 308 518 490 322 336 462 378 588 406 546 210 518 224 280 462 294 434 336 462 350 322 518 434 364 392 350 476 364 448 420 336 420 406 434 490 462 322 266 420 322 336 518 322 154 0 266 434 448 308 532 602 406 420 406 294 266 434 308 364 294 294 392 364
0 434 280 406 392 266 322 336 350 266 168 420 462 434 266 336 476 238 406 420 252 350 546 378 476 364 322 434 630 182 434 322 462 280 406 336 168 364 322 252 364 336 350 266 350 546 420 322 224 546 364 294 490 364 322 322 462 336 336 518 462 322 336 364 350 350 308 266 126 420 140 266 266 378 336 210 224 336 350 518 350 420 518 0 168 518 42 392 616 350 294 364 266 336 280 112 448 364 308 336 98
0 448 308 420 266 504 476 434 616 406 546 504 686 476 112 504 560 406 560 308 406 448 490 294 630 588 406 518 658 350 504 448 602 476 630 322 364 322 406 490 322 420 518 406 518 602 588 616 392 602 322 490 602 462 490 518 546 294 504 434 406 210 462 336 406 308 364 490 434 504 476 406 560 434 532 434 532 392 350 546 294 560 462 448 0 686 490 252 560 364 560 266 476 504 518 476 406 210 462 462 406
0 420 378 378 490 154 406 448 546 336 350 420 532 420 448 308 462 140 476 392 336 532 462 462 518 476 378 448 686 266 336 322 602 434 588 238 350 266 322 140 378 434 252 252 336 532 336 504 308 532 266 406 448 392 308 378 462 238 420 490 378 294 336 448 448 252 448 168 322 420 336 252 448 364 350 364 420 224 322 504 364 518 434 196 350 0 238 504 504 294 280 350 378 434 168 294 350 336 420 350 280
0 392 252 378 350 224 448 294 322 224 126 504 420 406 224 308 448 224 364 378 392 322 504 336 434 322 280 434 588 322 392 280 434 238 364 294 126 322 392 210 322 294 322 224 308 504 406 280 294 504 322 266 448 322 280 280 420 294 308 476 420 280 294 434 322 308 280 224 98 378 98 224 224 336 294 168 182 294 308 476 308 392 476 266 238 490 0 350 574 350 266 336 238 308 238 70 406 406 266 294 56
0 504 392 350 406 462 252 294 490 392 350 350 574 392 392 266 490 168 406 210 182 532 518 406 532 392 364 322 574 98 462 336 532 280 518 224 294 308 252 448 420 364 266 434 420 546 350 378 140 560 308 322 560 406 378 280 434 294 266 196 434 308 336 294 406 308 406 350 266 392 266 378 322 406 350 210 392 364 322 504 364 490 490 210 364 434 252 0 588 350 448 364 224 266 364 252 434 392 336 322 294
0 238 42 350 322 154 294 322 308 336 392 56 322 224 168 322 392 224 252 266 238 406 448 140 392 420 168 266 476 154 210 336 378 308 532 112 294 252 308 350 336 378 238 224 406 238 308 378 196 406 252 350 448 266 406 126 378 224 322 308 350 168 350 238 252 238 322 42 266 336 364 56 350 336 336 266 322 98 280 420 238 406 294 224 280 476 266 294 0 196 378 210 280 322 378 238 336 336 308 168 182
0 588 238 280 294 420 224 406 518 392 294 490 392 518 294 168 434 322 420 420 392 462 378 322 434 518 462 378 462 336 364 154 490 434 434 182 238 448 392 406 420 266 434 378 308 462 434 434 294 532 448 378 462 224 462 406 196 434 168 602 476 322 168 266 448 448 392 406 210 154 294 350 378 490 294 364 336 266 210 406 308 462 462 168 322 336 210 420 602 0 448 336 350 168 434 182 476 518 392 112 252
0 140 98 308 364 182 238 252 476 336 280 294 546 350 224 182 196 308 294 350 182 252 406 196 406 392 336 322 462 280 154 322 336 266 462 196 210 252 182 168 364 294 406 280 56 490 364 350 98 252 252 280 196 266 28 238 378 224 182 336 322 252 322 252 378 238 210 182 266 336 392 280 294 350 84 210 266 182 238 266 84 238 378 336 280 364 336 350 476 210 0 182 182 182 196 238 322 336 280 280 126
0 532 336 364 378 448 406 378 364 252 448 308 560 420 406 350 308 336 350 378 350 490 238 406 560 378 154 462 504 266 322 322 490 266 378 168 294 266 210 546 392 336 434 434 392 518 518 476 308 420 266 294 532 392 546 350 406 252 350 364 140 308 322 462 448 266 448 336 280 364 434 350 462 182 322 336 406 336 294 434 336 336 210 378 378 518 350 168 308 224 532 0 308 350 504 252 140 350 308 322 392
0 364 238 308 350 238 238 84 448 294 196 280 406 308 322 182 420 322 182 364 322 476 378 336 420 518 210 280 392 336 294 168 308 420 294 196 252 238 168 392 266 294 420 364 280 490 406 308 70 476 224 252 420 210 252 56 210 210 182 392 350 266 140 210 196 224 336 126 224 168 294 280 294 182 294 336 336 196 238 434 308 350 392 168 294 364 196 448 504 266 224 308 0 182 336 196 350 308 266 98 252
0 462 252 182 448 336 406 238 490 238 126 518 462 420 308 14 406 322 322 280 350 392 448 350 434 490 364 420 308 266 210 210 406 406 280 126 308 392 420 322 336 112 434 350 406 378 490 280 308 406 350 434 378 294 378 448 378 406 434 504 364 182 224 294 448 392 322 322 280 336 434 252 224 350 434 336 392 112 126 308 252 392 308 294 238 182 336 392 518 392 364 224 392 0 266 252 364 378 448 238 378
0 378 462 378 406 462 252 294 392 392 336 350 364 266 392 266 490 168 406 364 182 532 490 392 532 392 210 294 518 98 378 322 476 280 518 210 294 308 252 448 420 350 266 84 420 546 350 434 140 378 308 322 560 238 476 280 434 280 266 336 392 406 336 294 294 294 406 350 266 392 350 98 378 196 350 210 392 364 308 392 364 448 462 210 364 434 252 476 518 322 448 308 224 266 0 238 392 392 336 224 294
0 490 336 308 294 322 392 238 364 322 224 434 350 364 308 252 434 196 336 322 336 406 448 322 462 420 308 406 560 378 336 322 462 336 308 252 56 364 336 308 420 238 294 196 308 476 378 322 238 490 364 196 504 336 378 224 364 336 252 448 350 308 294 378 364 350 210 294 28 322 196 196 322 308 238 266 154 238 252 434 252 392 420 238 336 434 98 448 518 280 350 350 168 252 280 0 350 448 210 266 154
0 560 434 294 392 420 462 336 224 406 322 504 462 476 406 364 518 294 322 420 434 518 476 420 546 518 154 490 434 448 322 322 364 434 406 322 168 420 434 406 364 336 406 294 406 490 378 420 336 602 420 308 462 406 476 322 434 448 364 490 392 406 336 476 462 406 322 406 140 392 308 308 420 112 336 364 266 350 224 392 350 504 462 280 434 532 210 420 462 238 462 252 280 364 392 112 0 322 308 224 252
0 238 434 406 378 546 420 462 518 350 476 308 476 378 406 350 532 434 504 406 350 504 476 406 560 560 322 420 644 574 434 434 560 448 616 322 294 266 210 644 392 336 490 210 392 546 574 560 504 504 266 294 588 350 602 378 490 252 350 462 392 406 448 574 406 266 462 434 434 448 462 210 504 322 336 378 476 336 336 462 336 392 448 406 378 518 448 546 546 308 574 420 546 350 518 406 392 0 308 350 490
0 560 224 420 448 434 280 434 588 434 448 392 490 462 350 392 322 238 560 476 224 294 546 322 252 434 392 504 504 462 420 364 378 308 546 322 252 350 294 532 392 392 350 462 182 602 420 420 378 616 280 364 574 308 448 462 560 336 406 546 462 378 378 420 490 350 252 434 308 518 420 448 364 532 126 252 434 322 406 602 126 280 518 280 322 504 322 476 588 392 420 378 448 420 406 280 462 364 0 364 378
0 490 350 462 448 322 378 392 420 294 224 476 504 504 322 378 518 224 462 448 322 420 280 434 322 420 378 266 686 238 490 378 532 336 462 392 224 420 378 308 420 392 322 322 392 602 406 378 280 602 420 364 546 392 378 378 518 392 392 574 518 350 392 420 350 406 378 322 196 476 196 322 322 406 392 266 280 392 392 574 406 378 420 70 224 546 112 448 672 406 364 392 336 392 336 168 504 420 364 0 154
0 490 364 406 322 322 518 476 490 476 364 448 462 350 182 336 588 182 322 378 476 518 546 364 546 280 238 392 616 392 406 266 448 210 588 294 350 420 350 308 406 476 280 182 448 462 364 448 434 476 420 434 602 280 378 462 490 392 448 434 462 280 266 392 378 406 420 322 322 448 350 182 462 294 476 406 140 392 350 490 350 532 490 224 378 504 252 308 546 420 406 322 406 448 336 294 462 490 448 322 0
