80 3
576 11376 1 7
1683 4182 5 1
1863 10120 10 9
175 14025 4 5
1020 6596 7 1
1260 4620 5 6
1581 10200 9 6
1120 6940 6 3
836 8835 6 4
416 4928 10 2
760 7120 3 8
1400 15000 9 8
1072 4832 5 9
861 11802 2 7
425 8275 2 8
1632 6288 5 9
1368 6864 6 3
1992 13536 8 8
1700 6953 4 4
576 15912 5 4
972 4536 4 8
2125 12050 5 6
960 8816 10 5
19 10355 4 10
2328 12624 10 7
1113 7245 7 2
1230 4485 8 9
162 4248 7 3
520 11380 5 10
1113 7980 2 10
1659 7182 8 6
1188 10472 2 10
176 8624 4 3
1292 11799 5 6
391 13685 7 4
935 6120 1 5
154 13750 9 1
544 3910 2 5
264 5060 5 5
1520 8417 4 1
1444 6498 8 8
220 7640 5 5
1539 8189 8 3
72 9072 10 5
748 13618 8 2
1242 10404 7 9
2175 15675 2 7
930 3690 9 4
1530 11286 10 7
935 4743 6 3
1340 11100 9 10
1230 9825 2 7
2208 9432 10 5
240 9872 10 2
1088 5200 9 3
1332 6012 2 9
900 7260 5 9
570 5805 8 5
1426 11293 10 9
1843 7771 3 4
1444 8968 2 9
1520 7616 6 4
1771 11109 8 6
1848 6552 7 9
340 9180 6 1
2070 6808 5 9
760 8160 6 9
1950 6725 9 10
1449 15042 8 4
575 14214 7 9
1659 10794 9 5
580 8660 9 2
288 4960 9 5
585 4275 3 4
1320 7348 8 6
814 12540 8 1
567 7896 9 1
1992 14064 3 4
735 8694 9 9
2500 7000 8 7
SETUP
0 280 420 220 580 640 660 580 200 500 180 440 300 360 460 780 440 280 680 620 560 280 460 500 320 320 640 320 580 440 680 480 700 380 780 740 440 760 660 500 160 560 480 520 400 320 440 500 480 620 360 620 560 620 600 400 460 540 280 560 600 440 520 420 560 520 640 320 280 420 340 480 900 660 500 460 340 740 440 360 540
0 0 140 760 540 680 380 400 440 540 280 540 560 520 180 600 260 460 420 500 380 400 180 460 560 140 620 440 340 460 420 440 520 360 580 480 500 480 480 220 400 400 340 240 420 500 260 380 360 340 220 340 420 360 340 120 180 340 20 480 520 320 240 620 600 420 500 140 320 240 500 200 700 380 540 320 600 660 560 500 380
0 580 0 900 400 540 520 260 300 420 260 540 660 500 560 520 120 620 520 360 240 360 540 520 420 20 780 540 280 400 460 560 400 500 740 860 540 840 400 420 260 260 560 660 500 440 540 420 580 500 440 380 280 560 440 520 540 600 500 640 740 500 640 560 840 280 740 420 560 100 420 560 880 740 680 180 700 580 620 520 540
0 80 220 0 380 500 440 380 320 280 300 600 80 160 240 620 220 300 480 460 420 400 240 300 480 120 440 100 360 300 480 520 500 180 560 540 560 540 500 280 280 360 420 300 480 240 320 280 420 420 280 400 340 420 400 180 240 420 80 560 380 220 300 360 340 400 420 200 60 200 420 260 700 460 280 240 120 520 220 560 440
0 180 320 940 0 760 120 480 380 400 420 560 400 480 360 740 340 640 580 580 540 520 360 400 440 220 380 440 500 420 580 500 600 280 760 640 680 660 620 400 400 460 400 420 460 580 440 140 520 520 400 520 500 520 500 300 360 520 180 660 680 500 420 680 460 500 340 320 180 320 580 380 880 560 400 400 460 740 440 680 560
0 560 280 940 680 0 540 540 560 680 540 640 760 620 620 700 380 740 780 540 500 640 640 780 520 280 700 700 560 300 640 820 660 160 620 680 800 820 580 580 520 520 600 460 660 460 580 280 840 160 720 640 560 540 720 660 680 660 560 100 600 680 780 300 500 560 760 460 540 360 680 720 660 900 720 460 700 140 580 780 400
0 80 200 820 380 640 0 360 260 280 300 460 300 360 240 620 220 520 480 460 420 400 240 280 340 120 440 320 400 300 480 500 500 180 640 540 560 540 500 280 280 360 380 300 440 460 320 20 420 400 280 400 380 420 400 180 240 400 80 560 580 380 300 580 340 400 220 200 60 200 480 260 760 440 280 280 340 620 340 560 440
0 340 480 1100 460 580 280 0 520 540 520 580 560 620 500 260 480 580 420 100 400 620 320 560 460 380 700 580 460 440 200 580 440 440 840 800 360 640 140 460 500 220 520 560 580 620 460 280 540 680 400 660 340 600 340 440 360 340 340 680 540 580 580 740 600 660 480 460 320 140 640 380 780 560 540 240 600 720 600 680 620
0 520 660 1100 800 1020 600 640 0 740 640 920 740 700 680 580 500 920 660 420 600 600 420 740 800 520 880 680 660 760 520 900 640 620 900 980 760 720 460 680 740 760 600 740 660 540 260 420 600 860 480 760 680 680 580 640 420 340 520 480 860 620 760 640 800 560 760 140 520 600 700 440 720 640 740 580 660 940 720 760 620
0 540 500 960 760 820 500 460 680 0 360 800 780 500 680 480 540 880 500 540 680 760 280 640 680 440 920 580 640 420 640 520 800 300 740 720 660 620 360 600 640 680 480 480 560 320 500 400 500 280 380 700 640 300 420 620 320 380 540 680 720 660 760 440 820 720 640 600 540 520 600 340 780 520 760 540 680 900 220 660 540
0 500 440 640 680 480 720 480 380 760 0 820 700 240 540 700 560 840 900 560 620 460 680 640 700 440 900 620 660 600 660 660 780 600 1040 680 480 920 600 600 340 680 580 440 600 340 460 700 320 580 180 820 720 700 820 620 680 700 500 580 480 820 740 460 820 580 900 520 540 480 440 640 1000 820 760 620 580 600 660 940 600
0 580 580 1060 860 540 520 500 640 800 660 0 560 520 520 500 640 780 800 600 120 380 600 760 700 580 940 580 160 400 700 780 720 680 660 780 560 900 460 580 660 720 700 540 760 340 440 540 780 680 660 740 780 700 760 700 600 320 580 640 720 600 440 460 860 80 640 620 580 420 220 620 740 800 800 740 580 680 700 720 420
0 300 400 780 520 440 640 380 260 660 240 580 0 80 380 620 500 240 440 460 360 340 220 480 460 400 620 40 300 660 560 540 640 560 500 660 520 560 500 440 220 600 420 520 480 180 300 580 440 560 320 640 540 540 360 420 260 540 300 540 320 600 540 280 600 320 360 400 440 480 340 280 640 460 640 480 60 460 160 600 520
0 260 400 800 460 620 560 620 200 600 160 580 700 0 320 600 460 600 660 620 380 260 440 680 460 360 820 440 440 620 600 460 620 500 840 740 440 740 480 360 160 600 460 500 400 100 220 500 480 480 340 600 620 460 580 380 440 480 280 660 240 580 500 220 760 340 660 320 480 440 260 460 900 640 700 540 340 760 420 760 460
0 360 380 820 640 540 500 560 580 680 420 660 680 500 0 600 200 300 480 440 460 220 260 380 620 320 680 520 160 320 540 280 640 200 640 600 400 560 480 60 540 580 420 360 480 340 380 300 440 180 320 460 600 200 400 240 260 480 140 620 620 440 360 440 440 420 580 260 440 340 480 280 680 460 540 500 720 660 620 600 440
0 80 220 840 380 620 20 60 280 300 320 460 300 380 260 0 240 540 340 140 440 420 100 300 340 120 440 340 400 320 240 520 480 180 580 540 400 400 180 300 300 260 280 320 340 480 340 40 280 420 160 420 380 420 260 200 100 380 100 560 580 400 320 580 360 400 240 220 80 180 420 120 620 320 300 280 360 640 340 440 460
0 580 500 1040 660 700 680 700 600 840 580 820 700 500 540 660 0 500 680 760 260 680 740 400 700 500 900 740 320 520 800 820 560 400 620 940 740 900 600 580 560 740 840 700 820 320 720 500 860 380 760 260 620 620 680 680 740 700 580 800 740 500 580 440 860 240 800 600 720 580 360 780 880 960 560 680 720 460 820 880 560
0 80 220 560 580 720 440 440 480 620 360 580 620 600 240 660 300 0 480 540 440 460 240 500 460 200 400 500 400 540 480 520 580 420 640 540 580 540 540 300 440 440 400 300 460 560 340 460 420 420 280 400 460 420 400 180 240 420 80 560 600 380 320 620 360 480 580 220 400 280 560 280 760 460 620 360 660 720 620 580 460
0 580 200 960 400 740 500 460 340 620 320 740 800 560 740 720 320 560 0 540 440 420 720 140 620 200 760 580 480 580 640 620 480 520 920 1000 600 500 600 500 300 440 620 760 560 640 600 520 640 620 500 580 480 640 600 680 700 680 580 580 800 600 560 740 840 480 720 480 560 300 500 720 720 900 300 380 840 760 700 720 700
0 240 380 1000 380 800 180 220 440 460 480 500 460 540 420 180 400 500 500 0 600 580 260 460 380 300 600 500 560 480 100 680 640 340 740 720 560 560 60 460 460 420 440 480 500 640 380 200 460 580 320 580 260 580 420 360 260 260 260 620 440 480 480 740 520 560 400 380 240 340 580 300 780 480 460 160 520 800 520 600 520
0 480 480 940 760 440 420 440 580 700 560 720 700 400 640 400 520 820 700 520 0 660 500 660 600 480 840 680 60 460 620 860 620 580 540 680 480 800 580 640 540 660 580 440 660 240 620 420 680 580 560 780 680 580 640 600 500 600 480 540 640 780 720 340 740 740 540 520 460 320 660 520 720 700 700 640 740 560 740 840 320
0 720 760 960 820 800 740 460 360 880 340 760 880 580 780 720 840 640 820 560 660 0 780 960 640 760 940 600 480 680 660 640 680 760 960 1000 180 1020 600 700 320 680 640 780 580 660 600 700 640 760 520 1040 740 760 740 820 780 700 720 840 420 980 940 760 1000 780 940 500 780 380 260 740 1080 920 1000 700 520 840 720 1040 460
0 260 400 1020 480 940 440 660 580 720 540 620 720 780 440 860 520 640 240 740 620 640 0 380 500 400 860 700 460 660 660 660 700 540 840 720 740 720 740 480 540 640 600 500 660 640 520 460 600 540 480 600 360 600 160 380 440 600 260 720 780 500 500 760 780 680 660 400 500 500 320 460 600 640 540 280 780 920 760 760 520
0 440 240 820 260 660 380 500 220 660 180 720 660 420 600 760 360 760 680 600 480 300 600 0 600 240 640 460 520 480 680 480 620 500 940 860 460 500 640 660 180 480 500 620 420 520 460 380 500 480 360 620 520 780 600 560 600 540 440 700 660 460 420 640 700 520 600 340 420 340 360 600 720 780 180 420 700 780 580 760 560
0 540 640 1020 760 660 600 620 500 860 480 140 260 320 620 580 600 480 700 700 240 500 460 720 0 500 720 280 280 340 800 780 800 760 740 900 680 800 580 680 460 740 660 660 720 420 540 600 680 800 560 860 760 780 620 660 500 440 560 240 420 720 560 540 840 200 600 640 640 520 340 520 860 700 860 660 300 700 400 840 520
0 580 460 900 400 540 520 260 300 720 260 540 660 500 560 520 120 600 520 360 320 360 540 500 420 0 780 540 380 380 460 560 380 500 740 860 540 840 400 420 260 260 560 700 500 440 540 420 580 500 440 380 280 560 440 520 540 600 500 640 740 500 640 540 840 280 740 420 560 100 420 560 880 740 680 180 700 580 640 880 620
0 440 360 1000 460 520 480 540 540 640 380 580 660 620 280 680 460 540 500 620 560 480 280 460 460 360 0 120 380 440 640 540 580 300 680 560 600 580 560 320 500 600 20 340 80 540 340 420 440 440 320 320 340 460 420 220 280 440 100 580 320 420 340 660 660 640 600 220 420 300 600 300 720 480 620 520 420 640 240 600 480
0 440 540 900 660 400 620 560 640 860 280 780 860 500 580 680 540 780 420 660 760 720 180 560 660 540 920 0 260 620 700 740 820 560 720 780 560 520 560 520 600 780 400 540 460 440 700 640 420 560 280 780 540 660 340 540 220 780 440 500 740 680 680 560 740 780 560 580 640 520 500 260 620 440 720 460 780 540 120 560 480
0 560 600 1100 700 720 700 720 540 680 520 660 780 360 660 680 480 780 660 780 540 620 740 620 540 600 1040 720 0 400 680 820 560 780 500 800 780 860 560 580 500 840 680 560 740 180 560 580 740 820 700 740 620 540 620 680 740 560 580 780 600 780 800 300 840 700 480 460 660 260 620 760 660 780 780 720 700 860 780 1060 720
0 760 720 1100 620 620 740 880 820 1000 800 620 740 820 740 840 640 680 600 880 440 680 700 620 500 720 980 740 500 0 980 720 460 780 980 640 860 1000 920 500 780 820 860 800 920 660 820 500 740 760 760 900 540 640 520 680 700 920 580 720 920 380 800 780 1040 700 500 700 780 180 700 720 960 900 780 640 600 760 820 860 740
0 460 340 1100 280 880 380 460 620 660 480 400 540 600 580 420 440 660 740 540 520 620 500 660 280 340 640 500 560 600 0 780 660 560 980 640 520 600 280 640 580 440 560 420 620 700 280 400 680 720 560 700 160 700 660 560 500 160 460 520 680 440 660 740 720 480 600 580 440 420 600 520 820 720 660 60 480 840 620 840 440
0 620 760 560 840 1020 820 840 580 840 560 960 620 400 700 800 780 580 940 920 760 660 720 840 840 660 960 660 820 800 980 0 1000 660 900 1080 820 700 680 740 540 900 860 840 780 480 620 760 860 860 740 940 900 840 860 740 740 540 620 1020 640 780 860 600 880 740 980 680 600 740 660 780 940 960 840 800 680 1060 640 1080 820
0 380 260 800 200 520 320 520 540 580 400 340 460 500 280 580 180 560 220 420 440 500 240 340 220 260 580 480 140 540 520 260 0 460 640 580 440 540 460 40 500 360 400 340 480 320 360 320 420 460 300 440 80 180 140 220 240 460 120 440 620 420 340 440 640 400 520 240 360 320 540 260 540 440 520 240 500 640 600 580 480
0 440 580 1100 700 760 380 580 640 660 580 760 660 640 480 540 580 720 720 380 400 680 500 620 640 480 800 560 440 140 480 660 520 0 840 780 860 660 420 440 660 740 480 680 540 460 700 120 720 600 580 480 580 580 640 560 540 640 440 860 440 520 680 580 720 760 600 580 440 320 800 560 900 740 660 520 540 900 440 860 500
0 80 220 840 560 640 440 400 240 620 220 600 640 300 260 640 280 540 160 500 440 320 260 300 500 220 680 240 400 540 480 520 600 440 0 520 400 560 520 300 200 460 420 300 460 120 340 460 260 420 300 420 480 420 260 200 260 420 80 560 540 380 320 240 680 500 580 220 400 320 380 280 700 460 460 380 640 720 360 580 460
0 600 160 1040 500 600 540 420 440 560 420 680 800 640 720 520 260 740 380 500 380 520 620 260 560 160 880 540 440 540 600 720 540 460 880 0 680 480 520 560 400 400 580 740 500 580 660 540 620 440 500 520 440 700 600 660 620 740 600 700 880 640 660 700 860 440 740 560 580 240 560 640 340 400 420 340 860 720 660 660 680
0 540 600 800 660 620 780 640 200 920 160 660 780 400 700 780 680 480 640 600 480 260 600 780 540 600 780 440 540 500 500 460 500 760 1020 840 0 840 660 540 160 840 460 600 400 500 440 540 480 740 340 880 580 580 560 660 600 520 540 660 640 800 780 600 840 740 880 320 700 220 340 560 900 760 920 540 740 760 540 880 540
0 340 480 800 740 980 640 560 740 760 620 840 780 740 500 620 520 260 500 660 640 640 280 640 700 460 660 720 660 560 740 780 680 660 900 800 800 0 500 540 700 320 620 560 680 560 280 440 640 680 500 660 620 680 420 440 460 380 340 520 720 400 440 680 620 600 780 160 540 540 600 480 240 660 760 540 680 920 760 780 640
0 200 340 960 500 760 140 180 400 420 440 580 420 500 380 140 360 660 460 260 560 540 220 420 460 240 560 460 520 440 360 640 600 300 700 680 520 520 0 420 420 380 400 440 460 600 460 160 400 540 280 540 500 540 380 320 220 500 220 680 400 440 440 700 480 520 360 340 200 300 540 240 740 440 420 400 480 760 480 560 580
0 420 340 780 680 500 440 520 520 620 360 600 640 460 260 540 160 540 440 380 420 460 220 540 620 280 680 480 120 500 480 240 580 440 600 540 560 500 420 0 480 520 380 320 440 280 340 300 400 420 260 420 560 140 360 200 200 420 80 560 600 400 320 400 680 380 540 220 400 300 500 240 740 420 620 460 680 600 600 540 460
0 520 460 660 600 480 640 480 60 780 20 720 720 260 560 620 540 760 700 460 640 120 460 660 600 460 860 280 540 620 560 320 680 600 940 700 300 700 500 600 0 700 320 460 260 360 300 460 340 600 200 800 480 700 620 640 460 380 520 520 500 660 760 460 820 600 740 180 540 460 200 420 760 600 780 560 600 620 400 740 400
0 620 540 1100 840 860 660 700 740 840 580 680 840 800 320 820 520 600 500 740 780 540 360 640 780 480 760 620 480 640 820 600 760 500 720 760 700 660 700 380 700 0 540 520 600 640 540 620 540 500 420 780 720 500 520 260 360 640 300 720 800 600 520 760 760 740 680 420 600 560 680 380 880 580 800 620 900 940 740 660 660
0 540 500 1000 440 500 560 660 720 820 360 580 700 600 680 680 580 540 520 680 540 680 280 560 460 500 540 100 360 440 780 820 560 300 800 880 660 620 560 600 680 600 0 640 80 540 340 400 500 640 380 780 320 740 440 620 320 420 540 560 740 440 780 640 640 640 660 220 580 280 600 340 700 540 720 520 740 640 220 660 580
0 120 40 860 420 580 480 300 320 320 300 560 340 400 280 540 160 560 520 380 260 400 280 320 440 40 480 240 320 340 480 540 420 220 680 240 560 580 420 320 280 280 160 0 220 460 360 320 460 440 320 420 320 460 440 220 280 300 120 600 620 420 340 520 380 320 620 240 100 120 440 300 580 500 320 220 380 440 360 540 160
0 480 440 940 380 440 500 600 660 760 300 520 640 540 620 720 560 600 440 680 480 740 220 500 400 440 600 40 300 500 740 760 500 360 740 800 600 560 600 540 620 540 80 580 0 460 400 480 440 580 320 800 260 680 360 560 260 480 480 540 780 520 700 580 720 580 580 280 540 220 540 280 640 460 660 480 680 580 160 600 520
0 440 580 960 620 800 520 560 360 520 340 500 620 180 480 520 600 760 800 600 560 440 580 800 380 500 960 600 600 700 500 640 780 660 1000 840 600 820 400 540 320 740 640 660 580 0 400 520 660 660 520 760 660 360 720 560 580 380 440 600 420 660 680 120 860 520 740 300 580 580 440 600 1040 780 800 560 520 940 600 920 640
0 280 420 1040 580 860 640 580 540 480 500 720 500 580 440 820 240 720 600 660 500 360 440 500 600 320 640 520 540 520 680 660 400 380 840 740 540 740 700 420 500 560 620 500 680 560 0 480 620 620 480 500 460 440 520 380 440 620 280 760 780 580 500 680 540 480 780 400 260 400 600 480 920 660 480 500 540 700 640 760 640
0 340 480 1100 640 860 280 640 520 540 460 720 560 600 500 740 480 780 620 560 680 660 380 560 600 380 700 460 660 520 660 780 760 380 900 800 760 720 620 560 540 620 360 560 440 500 600 0 620 680 480 660 660 680 540 460 420 680 340 820 820 640 580 600 600 660 480 480 320 460 700 460 940 640 540 560 600 880 320 760 680
0 380 120 960 520 620 420 160 340 540 320 620 600 560 560 400 240 640 580 240 360 420 480 600 500 120 740 580 400 300 340 620 460 480 860 700 160 600 300 400 300 380 500 460 560 560 600 420 0 600 200 500 400 540 500 500 480 500 380 720 680 620 620 660 520 400 620 480 380 160 500 340 820 520 600 300 660 700 700 640 600
0 460 600 800 720 780 400 600 640 680 580 580 680 660 480 560 580 740 640 400 400 700 500 620 460 500 820 580 460 160 500 660 520 20 480 780 860 680 440 440 660 740 480 660 560 480 720 140 720 0 600 500 600 580 660 580 540 640 460 680 460 520 700 580 720 640 600 600 440 320 660 580 520 760 680 520 560 900 440 740 260
0 360 260 1080 660 700 540 300 480 580 460 740 580 660 540 540 380 760 720 380 480 560 540 580 620 260 720 500 540 420 480 760 600 420 860 500 300 740 420 540 440 500 420 260 480 700 620 520 140 400 0 640 540 680 640 480 540 540 380 800 820 680 600 700 640 540 760 500 360 300 620 460 820 660 580 440 520 700 620 760 420
0 320 380 780 400 780 500 580 340 780 320 680 780 560 480 540 480 240 520 500 520 420 480 140 560 380 640 580 560 260 540 620 640 140 360 780 600 640 540 520 300 620 600 540 560 480 560 240 600 120 500 0 640 660 620 420 480 660 320 780 580 240 540 600 600 660 720 440 560 440 500 520 620 700 300 560 680 920 560 800 380
0 300 200 1060 120 720 240 440 480 520 440 260 380 460 480 700 300 520 700 540 360 540 480 520 140 200 500 420 420 480 640 620 580 400 860 760 380 780 580 520 440 280 520 540 580 560 380 260 640 640 520 560 0 640 620 420 480 580 300 360 540 620 540 600 580 340 460 440 300 280 460 500 1000 680 520 360 440 760 520 700 660
0 480 600 900 540 680 420 400 420 700 260 680 700 500 660 400 260 740 660 240 460 500 500 640 540 140 840 620 500 520 340 700 520 540 860 940 680 800 280 560 380 380 520 700 580 580 620 160 580 620 440 520 420 0 580 600 500 500 480 780 680 640 720 680 760 420 640 560 480 240 560 520 1020 720 700 320 760 700 480 840 760
0 520 280 1040 340 820 460 540 440 700 400 480 600 640 680 800 400 500 100 640 520 500 600 220 360 280 720 560 320 660 720 700 560 600 800 660 580 580 680 580 380 500 560 420 620 500 600 460 720 700 580 660 220 720 0 620 600 700 520 580 760 680 640 600 780 540 660 560 500 380 580 620 440 800 380 120 640 840 680 800 560
0 360 400 880 580 600 540 440 500 720 440 420 740 560 60 560 260 340 340 480 520 280 100 440 520 220 500 360 220 380 580 340 600 240 460 640 440 400 440 120 460 460 280 420 340 380 440 360 280 240 160 520 460 240 260 0 100 520 180 660 680 500 420 500 500 480 420 320 500 300 420 120 620 320 600 360 660 700 480 400 480
0 260 320 1020 480 600 440 360 540 640 500 560 640 720 360 460 420 560 240 440 540 580 20 380 440 320 700 280 400 420 540 520 640 460 500 560 360 300 340 300 500 560 180 320 240 580 500 460 200 460 60 600 360 440 160 320 0 580 280 680 740 520 500 680 700 600 340 380 420 360 340 40 540 220 540 280 560 660 400 340 480
0 340 480 1100 640 880 280 300 540 560 560 720 560 640 440 260 360 720 580 400 620 480 360 560 600 380 700 580 560 440 500 720 520 440 840 800 660 660 140 480 560 520 520 560 580 680 120 280 540 580 420 620 580 560 500 460 360 0 340 820 540 300 580 800 600 580 500 480 320 440 660 380 880 560 560 540 320 820 600 700 280
0 340 260 920 640 700 380 440 440 540 280 520 560 520 180 600 360 460 400 520 480 380 180 540 620 260 600 440 320 460 540 440 580 360 580 460 500 480 480 220 400 500 340 240 400 500 260 380 340 340 220 620 540 360 320 120 180 340 0 480 520 320 240 620 600 540 500 140 320 360 500 200 700 380 540 440 600 660 560 500 380
0 500 640 1100 660 540 780 520 540 960 520 780 840 760 660 780 380 860 780 600 580 620 680 760 660 260 1020 780 620 640 700 820 640 700 980 960 780 960 640 680 500 500 820 720 760 580 760 680 800 680 700 640 540 720 700 620 660 840 500 0 980 760 740 700 1040 540 980 640 820 360 660 700 1080 880 620 440 900 680 900 1000 860
0 620 440 1100 440 840 560 420 720 720 560 340 460 540 760 680 560 700 840 520 400 720 680 840 220 440 820 500 460 560 620 940 700 720 940 880 780 1020 560 720 680 640 800 640 860 640 760 560 680 920 560 820 720 860 760 720 720 660 620 460 0 920 720 740 880 380 760 700 600 540 460 740 1080 920 820 620 100 900 620 960 660
0 860 860 1100 760 780 840 580 660 1060 640 780 900 880 900 820 800 840 760 660 600 320 760 760 660 860 1100 900 640 160 760 880 620 920 1100 780 480 1100 700 640 620 800 940 940 880 820 580 640 900 920 820 1040 680 780 680 840 840 920 720 880 720 0 940 940 1100 600 640 800 840 320 560 880 1100 1060 940 780 760 900 800 1000 760
0 420 560 780 580 920 700 700 600 640 560 620 640 720 580 840 360 860 600 800 620 500 380 640 500 460 780 640 540 660 820 660 400 520 860 880 420 680 720 440 560 700 540 640 600 680 160 640 560 740 440 620 460 560 520 540 380 640 420 740 280 720 0 800 680 600 700 440 400 560 700 400 900 580 640 640 380 820 760 700 800
0 560 700 980 660 920 660 640 660 780 500 800 780 740 740 640 500 980 700 480 540 640 460 780 680 380 920 660 600 760 400 940 680 660 940 740 800 760 520 720 620 620 640 780 620 580 300 420 640 860 520 760 540 260 620 680 460 380 560 520 740 660 580 0 840 520 800 180 560 480 640 480 980 680 780 440 700 940 720 800 660
0 320 460 720 840 880 680 700 160 860 420 820 780 660 500 740 540 260 720 580 680 520 500 740 700 440 640 600 480 640 680 720 720 500 840 780 700 800 620 540 400 680 660 540 660 640 400 560 660 480 540 660 720 660 640 440 500 500 320 640 840 620 560 760 0 720 820 280 640 440 600 520 860 700 860 620 800 920 720 820 200
0 520 500 980 800 460 460 480 560 720 600 760 480 440 460 440 560 700 740 560 40 660 520 700 640 500 880 500 100 480 660 700 640 620 580 720 500 820 600 500 580 700 620 480 680 260 500 460 720 620 580 820 720 620 680 620 520 640 520 560 640 820 360 380 780 0 560 540 500 360 140 560 760 740 720 680 500 600 620 640 340
0 560 380 820 380 760 500 620 340 780 320 240 360 440 740 680 480 580 680 720 340 320 560 140 120 380 760 380 400 460 820 620 760 400 840 320 480 620 680 780 300 620 620 720 560 520 600 500 620 620 480 740 640 880 720 680 600 540 560 340 520 580 540 640 840 320 0 480 560 460 440 640 660 700 300 540 420 400 500 880 620
0 400 540 1100 700 880 480 500 660 600 620 840 620 580 560 460 360 840 520 600 480 480 300 620 720 380 760 560 520 640 700 780 520 500 780 840 640 600 340 540 620 620 460 600 520 400 120 280 480 740 360 620 580 560 440 500 300 220 400 360 740 500 620 520 660 440 620 0 380 480 560 320 820 500 600 540 520 820 600 640 480
0 20 160 780 320 600 380 320 280 240 240 540 240 320 180 560 180 460 420 400 380 340 200 240 460 60 380 280 340 260 420 460 440 120 580 480 520 480 440 240 240 300 360 240 420 400 280 240 360 360 220 340 340 360 340 140 200 360 20 500 540 320 260 520 280 340 520 160 0 160 420 220 720 400 240 240 300 620 380 520 400
0 580 560 1060 440 460 560 700 780 840 680 460 580 660 580 660 480 520 440 700 280 780 540 580 340 560 820 580 320 300 800 560 300 620 820 860 720 820 740 340 740 640 680 640 760 500 660 320 580 600 580 740 360 460 360 520 520 740 400 560 740 680 640 620 880 540 780 540 620 0 660 560 800 740 740 480 640 600 640 800 580
0 720 640 960 880 900 720 740 920 640 900 900 800 840 720 700 740 960 760 820 720 940 800 900 780 640 1080 820 480 640 920 580 740 520 960 860 1060 1080 860 760 880 880 760 620 820 660 960 620 900 500 760 980 800 900 800 820 800 900 720 1000 860 1000 940 780 980 920 920 840 700 440 0 820 1000 1000 920 700 820 920 840 1020 200
0 520 280 1040 460 580 460 320 500 700 480 540 660 720 340 440 400 540 620 420 520 560 380 440 420 280 780 340 380 380 500 500 620 520 740 620 320 280 320 260 460 540 360 580 300 540 560 460 180 520 360 560 340 400 540 280 380 640 340 640 720 660 580 660 680 560 320 440 500 320 660 0 500 200 600 460 720 620 420 320 720
0 560 700 1100 860 1100 500 520 760 780 740 940 780 860 740 480 580 1020 820 620 840 680 580 780 820 600 920 720 860 780 720 980 720 660 1060 1020 860 880 360 760 780 740 640 800 700 760 340 280 760 900 640 840 800 760 740 680 580 860 560 1040 760 800 800 700 840 800 720 700 560 660 900 600 0 780 780 760 840 700 600 920 940
0 340 340 880 280 560 280 300 520 540 420 400 540 600 500 260 440 360 560 380 520 660 340 560 280 340 640 160 400 580 480 780 620 440 840 800 520 100 140 560 560 420 180 560 120 580 380 280 540 680 400 660 160 680 480 460 360 460 340 520 540 500 540 700 600 480 480 260 320 320 620 380 320 0 540 520 580 680 260 680 620
0 280 420 660 100 480 220 480 60 480 20 560 500 260 440 640 420 720 680 480 620 120 440 500 440 320 480 300 540 320 560 320 680 380 840 700 300 540 520 480 20 560 320 460 260 360 300 220 340 600 200 600 480 620 600 380 440 380 280 520 500 300 500 460 540 600 420 180 260 400 200 420 560 620 0 500 540 620 400 740 400
0 400 280 1060 220 820 340 540 560 620 440 360 480 560 560 800 400 620 720 640 460 640 500 620 240 280 600 460 520 580 740 720 660 500 960 860 480 780 680 620 520 380 600 620 680 640 480 360 680 740 540 660 100 740 640 520 500 660 400 460 640 700 620 700 660 440 560 540 400 380 560 520 1000 700 620 0 540 860 580 800 740
0 660 340 1100 740 740 600 320 620 760 460 640 740 700 660 580 460 900 740 420 300 700 640 840 520 340 1020 780 360 720 520 860 600 760 840 980 680 960 460 620 580 540 840 740 840 540 780 600 780 820 640 720 620 760 660 760 660 660 660 760 860 840 620 640 920 280 800 760 640 440 360 700 1020 880 860 520 0 840 880 860 560
0 420 140 1020 540 680 660 400 420 560 400 500 620 500 580 640 260 740 660 480 360 500 600 640 380 140 560 560 420 520 580 700 520 520 860 560 660 880 520 560 380 380 460 320 520 320 680 560 720 620 580 520 420 680 580 540 580 600 420 620 720 640 660 440 680 420 860 560 400 240 540 620 760 800 640 320 680 0 680 640 460
0 320 420 780 560 620 500 460 540 740 160 660 740 400 460 560 420 660 300 540 640 600 80 440 540 420 800 380 500 520 580 620 740 560 600 660 460 400 440 400 480 660 280 420 340 480 580 520 300 560 160 660 440 540 220 420 120 660 340 720 620 580 560 600 620 660 440 460 520 460 400 140 640 320 600 340 660 760 0 440 360
0 560 620 1040 640 700 760 820 600 1020 560 700 820 800 720 780 700 500 440 760 520 660 740 380 580 620 880 800 560 80 780 780 540 380 600 700 840 880 800 560 560 860 840 780 800 720 820 480 800 360 740 260 600 700 600 680 720 900 560 800 820 440 800 840 840 760 560 700 800 240 740 760 860 940 540 700 660 820 800 0 620
0 520 440 1080 680 700 680 700 720 720 700 700 740 640 520 840 560 760 680 680 520 740 680 740 580 440 880 660 280 440 780 800 540 320 760 660 860 960 720 560 680 680 560 420 620 460 760 420 700 300 560 780 600 700 600 620 680 700 520 800 740 820 740 580 780 720 760 640 500 240 840 720 800 900 720 500 620 720 740 940 0
