50 2
429 6448 2 3
1040 8177 7 10
117 4485 1 1
884 8463 4 10
572 3458 3 8
585 9945 7 8
312 9334 5 8
13 9490 7 6
520 9620 7 3
442 3796 5 8
819 4147 7 6
780 7527 10 5
1001 6396 5 10
806 6838 5 2
689 4043 7 7
1235 4212 10 1
1053 6201 9 7
481 7917 10 9
533 9932 10 8
1235 6773 9 9
533 6955 4 6
715 7358 6 9
1118 5330 6 9
1144 4927 9 4
169 4069 1 6
39 5668 9 4
832 3965 3 8
611 5473 9 7
234 5954 2 7
780 9269 5 6
871 6006 2 3
1053 9126 3 9
559 5421 1 8
1235 5707 2 4
13 4979 9 1
546 4420 4 4
533 8658 9 8
871 10062 5 5
1170 5018 2 2
299 5590 5 7
377 6695 9 5
338 6292 8 1
936 7384 7 9
741 5824 3 7
1183 4394 4 7
182 7085 5 2
1300 7449 4 3
221 8333 5 3
1001 5421 7 3
780 8879 3 7
SETUP
0 104 104 104 65 130 78 78 104 104 65 78 104 91 65 65 104 117 91 91 52 52 65 52 39 39 117 78 104 52 26 91 13 117 104 65 117 65 117 104 78 78 91 104 91 78 78 104 91 91 91
0 0 429 416 442 468 429 416 104 429 403 377 143 442 442 442 468 455 429 416 416 78 104 416 416 403 130 117 143 429 91 117 403 104 442 429 442 390 455 416 390 52 442 442 416 429 416 481 117 455 442
0 455 0 429 26 130 91 455 429 429 130 416 481 416 104 468 481 455 455 468 78 429 455 403 442 416 455 468 468 442 481 429 442 455 429 416 429 442 429 117 104 416 455 455 442 91 403 143 429 130 442
0 455 455 0 390 481 390 442 416 130 468 117 468 403 416 117 104 117 91 156 403 416 429 403 403 455 455 416 455 91 481 442 117 416 416 91 455 429 377 429 442 442 130 468 429 455 429 442 416 455 78
0 455 117 416 0 104 65 442 403 403 117 403 455 403 91 442 455 429 429 442 78 416 429 403 416 390 455 442 468 429 455 442 442 429 416 416 442 416 403 91 78 403 455 442 429 91 390 117 416 117 416
0 403 91 416 91 0 91 429 377 416 91 429 364 403 91 377 468 429 403 429 65 377 416 390 403 442 416 390 416 416 390 416 416 416 403 364 390 403 416 91 117 429 403 429 416 65 429 117 403 65 377
0 468 117 351 78 117 0 390 442 429 130 390 442 403 91 390 442 442 364 442 91 377 377 416 351 416 416 403 416 364 455 429 403 377 416 429 455 377 390 104 78 390 442 416 429 78 429 130 416 104 416
0 455 416 429 416 442 416 0 403 390 455 403 390 65 416 377 455 390 351 403 403 377 390 78 39 91 429 390 403 377 416 416 403 442 78 416 91 39 91 416 416 403 416 78 91 390 91 442 403 442 364
0 117 416 429 442 468 416 416 0 377 416 416 143 377 390 416 468 390 429 468 416 65 91 416 416 455 104 91 104 429 78 91 455 52 390 429 429 403 403 403 429 91 403 455 403 429 442 429 65 403 416
0 416 390 65 403 442 377 416 403 0 455 52 455 338 351 52 104 26 65 104 403 403 377 403 390 442 403 377 416 78 429 390 91 403 351 91 403 403 364 364 390 390 65 442 364 403 429 390 351 455 65
0 390 104 416 65 104 78 351 403 403 0 403 403 403 52 390 429 403 364 416 65 377 377 377 351 416 403 403 416 364 351 377 403 442 416 416 429 377 416 91 78 403 416 429 416 39 390 104 416 104 377
0 455 442 117 455 429 442 377 442 78 468 0 429 403 416 65 143 91 65 117 429 390 403 429 403 416 416 416 442 65 455 442 91 416 416 91 416 351 416 377 338 416 78 403 429 403 455 455 416 442 91
0 104 429 403 403 442 416 416 26 390 403 416 0 390 403 403 468 416 429 442 377 65 78 377 377 416 104 91 104 390 39 91 416 65 403 390 442 416 416 416 416 91 403 429 416 403 403 442 78 403 351
0 429 416 390 429 429 377 91 416 429 442 390 455 0 351 429 429 390 403 429 403 390 364 65 65 104 390 377 403 390 442 377 416 390 13 416 65 78 104 364 390 390 390 104 39 416 91 377 338 442 416
0 416 117 468 143 143 130 455 468 416 143 429 455 416 0 468 416 416 455 481 117 468 416 455 442 481 455 442 455 455 481 455 455 455 429 455 442 429 442 104 104 429 364 416 416 91 468 52 416 169 468
0 455 429 65 403 390 390 429 416 78 429 65 416 416 416 0 104 78 104 117 416 390 390 416 377 429 390 351 429 65 403 403 91 416 364 91 416 416 403 377 403 403 65 442 390 351 403 403 364 442 26
0 377 416 78 442 429 403 377 390 78 442 26 377 403 416 78 0 91 78 117 416 416 416 416 403 416 416 416 442 78 416 442 104 416 416 91 416 351 416 377 338 403 78 403 429 403 390 429 416 416 65
0 442 364 78 377 442 403 403 416 52 455 26 429 390 403 65 91 0 39 78 390 390 364 390 377 442 403 364 403 65 416 377 78 403 403 78 390 377 416 403 364 364 104 416 351 416 416 442 338 442 91
0 455 416 78 416 416 416 377 416 65 442 52 429 403 403 39 117 91 0 104 416 364 364 403 338 403 416 377 377 26 429 390 65 429 390 78 442 351 416 403 390 390 91 390 416 377 403 429 390 429 52
0 416 455 52 416 429 364 403 377 91 429 39 455 390 416 91 91 104 65 0 390 403 351 390 377 442 390 416 442 65 442 364 52 390 390 78 351 390 377 403 377 377 104 429 416 429 416 429 403 429 91
0 390 104 403 39 91 52 377 390 390 78 377 429 390 78 416 429 416 403 416 0 364 416 338 403 429 403 416 403 416 416 377 429 416 403 351 429 390 416 91 65 377 390 442 403 65 364 91 403 52 403
0 130 442 390 403 468 403 442 130 455 468 416 130 377 390 455 468 416 442 455 429 0 78 377 416 455 104 91 104 429 143 91 403 104 377 442 429 429 429 390 416 78 416 455 403 442 442 416 52 481 390
0 143 442 403 455 442 416 377 104 416 468 351 104 416 429 416 468 429 403 403 442 78 0 442 403 429 104 104 117 403 130 91 390 104 416 429 416 364 442 403 364 26 416 416 403 416 455 455 52 468 416
0 442 468 442 429 442 442 104 442 442 416 403 429 130 455 442 429 442 416 442 403 416 416 0 91 130 403 429 455 416 429 377 429 481 117 416 143 91 117 442 416 403 442 130 104 390 104 416 416 442 429
0 455 429 403 416 455 416 78 429 429 442 377 455 65 403 416 455 442 416 416 403 351 364 78 0 65 416 403 442 351 455 429 377 429 78 416 117 65 104 416 390 377 416 104 91 416 78 429 403 416 416
0 403 403 403 377 429 390 65 390 390 403 390 442 65 403 429 390 416 403 390 338 351 416 13 78 0 416 429 403 416 416 390 416 416 65 351 78 78 91 416 403 390 390 117 78 403 52 429 403 390 416
0 117 442 377 416 377 403 429 91 442 455 403 78 442 416 416 468 416 429 468 429 91 117 442 416 468 0 91 117 429 104 104 442 104 377 403 429 403 416 390 390 104 416 442 429 416 468 390 91 429 364
0 117 455 416 442 416 403 429 78 403 442 390 78 416 429 442 494 429 429 429 429 91 65 416 403 429 52 0 117 416 78 130 429 104 416 403 416 403 429 429 390 52 442 442 390 429 390 429 91 429 403
0 91 416 377 403 403 364 403 39 377 429 364 104 377 390 416 403 403 403 416 364 39 52 364 390 416 39 78 0 364 117 13 403 78 390 377 429 390 403 403 377 39 416 429 403 403 351 416 65 416 390
0 442 442 65 403 455 416 390 442 104 442 39 442 377 390 104 117 104 78 78 390 338 351 390 416 390 416 416 442 0 455 416 39 429 390 78 429 377 429 403 377 364 104 429 403 429 429 429 390 442 78
0 104 442 416 377 429 429 390 104 429 377 390 91 403 416 377 455 442 403 416 416 39 39 364 338 403 104 65 117 351 0 78 390 104 403 429 429 403 442 416 390 52 429 442 403 390 416 442 78 429 403
0 78 455 403 390 403 403 403 78 403 429 364 104 416 416 416 390 429 416 403 351 52 52 351 416 416 39 65 91 377 104 0 403 104 403 364 416 377 429 403 364 26 403 416 403 416 390 416 91 403 390
0 442 468 130 468 494 442 429 481 143 416 104 481 455 377 143 130 104 117 156 429 416 416 429 429 455 481 455 455 78 429 455 0 455 455 78 481 455 442 468 442 442 91 468 455 442 468 416 442 442 130
0 117 455 390 403 416 416 364 104 429 468 416 91 377 403 416 468 429 390 429 442 13 78 390 403 455 52 104 104 403 130 91 416 0 390 442 429 403 442 403 429 91 429 442 403 416 455 416 52 481 403
0 455 403 377 416 429 364 91 442 429 429 390 442 91 377 416 468 377 390 442 429 390 403 104 52 104 377 377 442 390 429 416 429 390 0 429 104 78 91 351 390 390 416 117 65 403 104 377 377 442 416
0 377 455 65 416 455 390 403 429 91 390 91 455 390 403 78 117 104 52 78 416 351 403 390 390 442 429 416 390 78 403 403 91 429 390 0 416 377 442 403 429 416 52 429 390 416 403 429 390 377 78
0 403 455 429 468 455 416 104 364 403 429 416 481 78 403 455 481 429 455 468 429 416 416 104 104 143 455 442 455 429 442 455 351 416 91 429 0 104 104 429 429 416 429 130 104 455 78 429 416 429 442
0 442 429 429 442 403 416 39 429 377 455 429 416 65 390 403 455 403 377 429 403 403 416 78 65 78 442 403 429 403 442 429 429 442 65 390 117 0 78 416 429 429 416 52 91 416 117 429 390 429 390
0 481 416 442 429 468 455 91 377 416 468 442 442 91 442 468 468 442 442 481 442 403 455 52 117 143 429 455 455 455 455 416 455 390 104 455 117 78 0 442 455 442 429 130 117 429 143 455 429 442 377
0 481 104 416 117 78 78 403 442 442 91 377 429 416 104 442 494 429 416 468 130 377 442 429 416 455 364 442 468 429 429 455 442 377 416 429 455 390 455 0 52 455 442 429 429 117 481 91 416 143 403
0 442 117 442 130 91 104 377 442 390 130 338 429 403 78 390 468 416 390 429 91 403 416 416 403 416 403 403 429 390 442 442 429 416 403 403 416 351 416 52 0 416 403 390 416 65 455 117 403 117 403
0 130 442 390 442 429 403 377 91 403 455 338 104 403 416 403 468 416 403 377 429 65 65 429 403 416 91 78 104 390 104 91 377 91 403 416 403 351 416 377 338 0 403 403 377 403 442 442 91 442 403
0 468 442 117 455 442 429 442 455 65 429 104 468 403 403 104 104 91 117 130 416 442 429 416 442 481 442 403 468 130 442 442 143 455 403 104 455 429 416 416 429 442 0 390 416 455 442 442 403 468 117
0 416 390 390 403 442 377 78 403 338 429 390 429 13 351 390 429 364 390 429 364 390 377 39 65 104 390 351 416 403 416 390 416 403 26 377 78 78 39 364 390 390 377 0 39 403 65 390 351 416 403
0 429 455 403 468 442 429 65 403 416 455 364 442 65 416 416 481 442 403 403 442 416 338 117 91 117 442 429 455 416 468 429 390 442 78 442 39 52 117 403 364 364 429 91 0 429 104 429 390 455 416
0 481 117 429 117 143 91 429 403 442 130 403 416 416 104 429 442 455 442 442 104 377 390 429 364 416 442 416 468 377 455 455 403 442 416 442 468 416 390 104 78 403 390 442 442 0 429 130 416 117 429
0 429 403 364 416 390 351 65 351 351 442 351 403 26 377 403 455 377 377 390 416 390 390 91 39 104 416 403 416 377 429 403 390 390 39 403 78 39 52 390 351 351 403 78 52 377 0 403 364 416 364
0 481 65 442 91 130 104 429 429 416 143 390 455 416 78 429 442 364 403 442 104 416 403 416 390 455 429 390 403 403 455 403 442 442 429 442 416 403 429 91 65 390 416 442 390 39 429 0 377 130 455
0 117 416 416 429 442 403 403 91 429 455 377 130 416 429 442 416 390 416 416 390 65 39 390 416 455 65 78 65 403 143 39 403 104 416 403 390 390 455 416 390 52 442 442 351 429 416 442 0 442 429
0 416 117 416 78 91 65 377 403 390 26 403 429 403 78 403 416 416 377 429 65 403 403 390 377 416 403 377 364 390 377 377 416 429 403 403 429 351 416 91 78 390 338 390 416 52 377 117 403 0 403
0 494 494 130 390 481 442 468 416 117 468 104 403 455 455 143 156 143 156 156 442 429 416 442 416 442 455 468 481 91 429 481 91 468 455 130 494 455 416 468 442 429 65 442 481 390 429 494 455 468 0
