80 4
1640 0 9072 8 6
1968 8344 20456 10 9
560 0 7545 1 8
1862 0 6390 4 6
300 814 12986 2 2
885 0 11310 5 3
513 0 7878 1 8
2100 5284 17670 9 9
100 0 6869 5 2
504 0 6124 3 9
260 0 6252 7 4
80 6451 17849 8 8
1185 0 5663 7 1
1332 1537 14255 6 1
1170 0 5703 9 6
1474 0 10552 3 3
414 0 6199 3 5
2016 0 6144 5 6
1368 4806 16036 2 3
1278 1520 13132 10 10
23 8327 20923 6 5
936 0 5944 1 6
162 0 10471 10 8
357 0 5978 10 1
782 3587 14973 8 5
780 1301 13131 6 10
220 0 5684 2 1
1225 0 11688 10 3
1625 402 12386 1 5
1139 0 11495 3 8
306 6018 17454 8 3
1978 0 9071 1 7
361 690 12390 8 6
1728 0 9124 8 9
1239 0 6302 2 7
1920 0 6029 5 1
2208 0 6293 7 9
1120 300 11950 8 7
798 0 9820 2 4
1160 4607 16599 7 10
1377 1922 14500 2 6
893 4024 15600 8 1
1184 0 7878 9 5
1242 0 9093 4 10
986 3778 16418 4 9
1638 0 10558 9 2
1656 0 8787 5 5
1748 6937 18363 9 6
1176 0 7778 9 6
1242 0 6124 4 4
690 7602 19032 7 9
324 0 10242 6 9
2200 0 7731 10 2
825 0 6194 3 7
425 2448 13740 8 6
2024 3412 15852 1 7
1121 0 6236 5 5
1140 0 10868 10 4
1410 0 7617 10 4
1463 159 12531 3 1
1292 3335 15225 3 9
1239 0 8992 8 2
920 0 5767 2 8
60 1503 13797 5 4
1292 0 7484 7 1
782 1780 13262 8 1
399 5579 16921 3 2
1824 3969 15359 3 5
136 4430 16470 7 2
69 0 9075 3 4
120 0 6381 2 3
2136 6058 17318 9 4
198 260 12390 4 5
1104 0 5916 5 2
1020 5200 16796 2 8
17 2763 14487 7 8
936 0 9237 1 3
510 0 10921 4 2
1300 0 9070 9 4
1495 0 6291 3 6
SETUP
0 434 256 709 512 453 611 512 571 434 650 493 690 40 256 473 158 355 532 375 591 493 611 434 473 571 434 611 670 650 473 493 591 749 768 591 316 552 591 532 237 355 591 99 296 611 394 650 434 631 138 493 296 690 591 296 532 631 768 434 512 355 808 552 749 355 611 355 493 512 532 650 532 552 631 552 434 296 493 532 631
0 0 256 631 571 453 335 414 532 512 591 512 670 375 276 473 571 394 552 375 611 394 532 473 532 571 217 414 532 414 217 493 178 532 847 335 631 709 237 532 375 335 493 414 631 512 335 335 375 217 335 571 237 591 335 414 631 453 453 552 512 414 414 473 749 591 611 375 650 79 119 434 788 355 256 138 670 552 493 453 394
0 237 0 552 473 394 512 473 375 611 591 532 650 237 493 414 512 591 768 119 493 237 552 217 670 571 414 532 532 631 434 434 394 670 749 571 493 473 394 276 138 99 512 276 512 512 335 552 591 434 316 591 453 808 552 493 749 512 611 493 493 591 631 375 650 532 631 394 493 316 335 394 650 571 473 355 611 493 237 434 552
0 217 394 0 473 375 473 119 571 631 453 414 670 493 414 316 493 532 670 493 532 512 434 256 571 552 414 453 493 532 375 335 296 670 512 493 394 453 355 335 99 473 197 552 768 552 217 453 394 414 473 316 355 749 532 119 611 473 158 473 276 532 119 493 591 709 512 256 473 217 256 473 493 473 375 256 788 414 355 473 237
0 571 591 709 0 591 473 532 335 709 670 414 552 493 631 197 709 611 571 532 611 375 611 453 434 532 552 316 670 532 631 197 178 768 296 749 729 670 532 473 650 453 611 532 316 493 414 493 650 512 493 434 670 788 552 316 729 512 709 532 611 768 808 591 709 768 532 453 453 650 690 532 768 571 631 512 847 552 650 414 335
0 473 237 552 178 0 276 394 414 611 512 335 414 316 650 40 138 316 631 316 571 237 473 296 296 591 453 158 512 591 453 60 237 532 473 414 335 512 394 394 375 217 453 355 493 591 256 335 512 375 355 276 571 650 355 158 355 571 532 119 335 355 631 552 670 631 434 197 512 473 512 394 512 335 631 512 512 119 434 512 493
0 493 276 453 296 119 0 493 512 493 414 335 532 158 493 138 237 158 375 60 394 60 375 158 394 493 355 276 355 434 316 158 335 493 571 434 434 591 217 217 355 335 453 197 453 434 158 453 611 296 256 394 532 611 79 276 473 650 256 217 355 453 571 316 729 473 434 197 532 532 316 217 552 394 493 394 552 217 178 355 355
0 532 611 532 355 690 670 0 493 512 335 512 591 473 709 217 552 473 611 375 532 394 453 473 453 650 414 335 512 729 276 217 493 611 631 394 434 335 552 276 571 414 79 512 670 571 434 355 670 453 512 197 749 631 749 335 512 690 670 709 532 473 631 375 473 670 473 375 611 611 631 355 375 414 571 552 749 296 237 532 119
0 434 316 650 99 493 375 631 0 709 473 434 650 512 532 276 611 473 670 394 690 434 414 493 493 217 631 394 631 611 591 296 256 631 375 512 650 414 591 453 453 335 611 552 414 355 394 276 650 611 571 473 591 749 453 394 473 591 532 217 453 473 749 493 729 650 552 296 119 512 552 591 788 434 631 197 729 237 532 256 414
0 355 571 631 611 552 453 453 552 0 532 512 867 571 611 591 690 532 788 473 729 493 493 375 571 276 355 709 611 591 571 512 512 611 827 591 709 473 512 512 571 394 493 631 650 414 335 355 375 552 670 532 237 827 532 237 552 611 709 296 512 532 749 473 788 729 611 375 197 434 473 650 788 414 591 473 808 296 591 335 512
0 552 552 355 355 709 631 453 256 749 0 591 827 532 571 453 493 493 571 414 650 473 394 512 631 453 571 571 591 709 355 414 434 552 571 473 709 375 532 591 434 591 316 552 355 591 552 414 670 394 591 138 532 729 631 453 276 768 512 473 611 493 453 197 434 768 690 453 375 375 414 512 316 355 552 434 847 473 552 512 355
0 611 394 591 532 355 375 650 631 611 631 0 532 532 670 375 296 512 729 414 512 434 670 512 552 611 493 434 473 749 611 394 453 611 690 650 512 709 571 571 434 256 571 571 808 591 453 611 532 670 512 532 650 729 453 434 414 768 631 394 375 512 709 434 965 414 119 237 749 512 493 335 670 512 670 276 493 158 532 552 591
0 394 355 296 296 119 316 414 414 394 512 453 0 434 355 158 256 414 611 355 670 355 591 414 394 552 296 276 631 670 453 158 355 552 571 532 434 532 217 512 375 335 276 473 611 690 375 453 532 473 453 375 394 631 394 276 473 670 453 217 453 473 394 138 650 217 552 296 532 473 512 493 571 453 512 532 296 237 473 611 276
0 512 611 768 473 414 571 493 532 394 611 552 827 0 453 453 532 375 709 611 631 611 571 394 434 532 394 571 650 670 532 453 650 808 768 650 276 512 729 552 197 473 552 60 768 670 355 611 631 709 99 453 493 670 650 256 650 591 808 414 552 571 867 611 709 316 650 394 453 571 611 768 808 631 650 631 394 414 512 591 591
0 178 434 473 670 552 453 453 709 394 690 512 473 355 0 532 512 138 276 414 512 493 690 335 709 473 375 591 670 414 394 552 355 512 788 473 611 670 335 316 552 414 434 394 473 375 493 512 197 394 453 473 60 749 512 571 552 434 611 493 532 138 571 316 749 670 631 375 394 256 296 611 670 512 414 316 749 316 276 276 473
0 493 414 532 158 493 473 355 473 631 493 414 394 316 670 0 631 611 709 512 532 197 434 276 256 552 414 138 493 670 453 20 316 631 434 571 571 493 355 375 473 335 434 355 453 571 237 316 473 335 316 256 552 611 532 138 749 650 690 571 434 611 631 512 650 591 512 276 473 571 611 355 690 552 709 552 670 571 591 493 453
0 335 119 650 434 414 611 591 493 571 709 631 749 335 552 434 0 690 788 237 611 355 650 335 394 670 532 571 631 690 316 453 512 611 631 434 237 571 512 394 256 197 512 394 631 611 453 670 611 552 434 631 552 611 670 571 768 631 729 512 591 690 729 493 670 650 729 473 611 414 453 512 375 414 571 473 394 512 355 532 552
0 512 591 434 690 690 611 552 808 729 650 631 631 631 355 532 768 0 611 512 453 631 591 611 788 768 316 670 552 296 571 552 591 690 650 650 709 571 611 178 532 434 414 670 808 512 650 670 532 571 493 335 394 808 690 552 709 768 473 453 631 473 552 276 808 827 690 493 729 591 631 591 611 591 749 453 768 473 138 434 434
0 493 414 631 453 276 178 552 552 355 512 394 690 335 434 316 414 316 0 217 552 217 453 316 552 611 493 434 414 552 473 335 316 473 749 217 591 709 79 375 434 493 453 375 611 394 335 473 512 473 414 512 375 670 256 434 631 512 434 375 375 453 552 473 768 414 493 256 532 237 276 375 631 434 394 276 493 394 335 532 473
0 552 335 434 473 493 394 552 631 512 493 414 611 119 552 532 631 493 749 0 394 138 434 99 552 493 316 453 434 768 375 453 316 571 650 493 375 532 276 178 316 414 394 158 414 394 237 473 729 375 217 493 591 690 473 375 749 591 591 512 414 670 532 276 768 434 512 276 493 532 276 276 552 473 690 414 512 532 138 316 434
0 375 138 473 532 394 394 394 473 571 473 394 768 375 335 375 335 473 611 256 0 375 414 316 611 473 453 512 532 473 434 394 237 394 808 414 532 493 296 375 276 99 256 414 650 335 217 394 434 571 40 375 296 690 473 178 670 453 473 493 414 473 473 473 650 650 493 256 394 138 178 375 178 197 316 20 355 493 335 256 296
0 434 217 571 493 375 276 552 571 453 375 296 591 414 512 414 493 414 631 316 335 0 316 414 453 453 591 335 316 690 256 335 276 453 768 375 493 591 158 394 355 296 552 473 709 414 119 532 690 256 375 355 552 571 355 335 631 611 532 473 296 552 532 414 788 512 394 158 631 473 512 158 493 355 650 355 591 434 434 512 571
0 493 434 394 394 571 473 512 316 650 60 473 690 316 631 493 493 414 611 355 552 217 0 453 532 512 631 434 512 670 276 40 355 591 611 394 591 296 375 394 493 355 375 375 394 296 316 316 650 316 414 60 571 650 552 434 335 690 552 512 473 414 493 237 493 631 375 335 434 434 473 375 375 394 512 493 709 256 473 217 394
0 650 493 631 375 591 473 650 709 709 729 611 906 473 473 552 690 571 670 355 355 493 768 0 768 808 670 690 788 827 631 571 473 749 670 749 611 453 631 414 631 453 591 512 690 316 571 611 670 729 394 709 532 985 552 532 906 512 729 690 749 571 729 453 690 768 709 611 749 493 532 631 532 552 670 375 709 650 493 217 631
0 473 631 493 40 611 512 316 375 749 473 453 591 532 552 217 709 650 611 453 650 414 650 493 0 532 571 355 709 453 591 237 217 749 335 571 709 650 571 493 552 493 394 414 355 394 453 532 237 552 512 473 611 827 591 355 650 473 631 571 631 690 611 335 729 670 512 493 473 552 414 571 690 611 670 552 749 591 552 316 375
0 256 512 453 335 434 316 571 650 650 571 611 749 316 473 453 552 453 512 197 591 335 631 296 296 0 453 591 631 611 473 473 434 650 631 591 453 690 473 256 375 591 414 355 591 158 434 79 532 473 394 532 473 552 394 571 788 709 571 532 316 453 552 296 532 453 670 473 690 335 375 473 729 591 493 394 532 532 335 60 434
0 847 886 985 631 768 670 827 650 512 886 886 867 788 886 493 886 808 886 709 906 670 906 749 729 768 0 611 729 827 926 493 355 965 690 1024 1024 965 729 670 473 650 729 827 926 749 709 788 867 335 788 729 729 1005 729 611 650 690 906 788 552 1024 1005 827 768 1024 808 749 690 768 808 827 1024 788 926 808 827 768 827 808 434
0 571 611 552 158 375 571 237 493 650 375 296 256 611 532 355 493 493 729 493 493 512 316 158 138 434 552 0 394 571 493 335 335 552 453 611 493 493 453 276 355 552 296 532 473 453 119 512 355 631 197 355 453 650 650 20 631 591 611 453 296 493 650 394 709 473 394 158 355 631 532 591 611 434 690 512 552 434 453 355 335
0 473 493 375 453 394 296 493 375 670 631 296 749 276 493 434 512 414 493 178 552 296 591 276 591 571 473 552 0 394 552 434 493 256 631 670 414 512 453 335 355 552 552 335 571 119 394 650 690 532 375 650 552 276 375 493 512 729 532 493 316 414 473 434 493 571 394 158 493 552 434 453 709 60 709 375 650 453 296 473 571
0 296 532 256 532 414 552 375 788 493 571 631 571 473 119 375 532 256 394 532 611 571 532 434 591 571 296 512 552 0 493 394 434 631 709 355 434 709 453 414 335 512 434 512 571 473 473 611 296 493 552 552 158 670 611 375 670 552 197 512 512 256 355 414 650 650 650 493 493 375 394 729 749 611 532 414 650 414 375 394 296
0 571 690 473 709 591 473 591 611 591 434 611 926 473 808 611 709 611 670 355 729 473 375 453 768 709 493 729 316 690 0 394 453 571 729 138 611 650 631 512 552 729 591 512 749 316 571 611 788 690 552 414 788 375 552 473 690 434 631 690 631 611 571 611 690 414 709 473 729 650 414 552 729 375 768 571 493 631 493 571 631
0 473 394 512 552 552 453 631 749 631 552 473 690 296 690 591 650 591 749 493 532 197 493 591 512 631 670 512 493 867 453 0 473 631 827 571 552 768 335 473 493 473 631 335 867 591 296 296 729 434 394 552 690 631 532 512 808 788 670 611 493 729 611 512 631 611 571 335 591 552 591 335 690 532 709 532 690 611 611 571 670
0 749 571 768 591 414 316 670 552 532 709 650 827 473 788 453 532 453 670 355 690 355 670 453 670 749 650 571 650 729 611 453 0 788 867 729 729 886 512 512 552 296 749 512 749 729 453 749 709 611 552 690 749 926 394 571 768 335 571 512 493 768 867 611 906 768 552 493 650 808 611 512 847 709 788 709 847 532 473 670 650
0 591 709 394 217 493 532 493 394 749 414 335 768 532 749 394 611 591 729 414 808 532 375 512 631 591 670 512 256 631 493 394 375 0 493 434 552 571 690 493 394 591 316 571 512 375 158 571 768 670 611 414 729 512 611 493 690 690 316 591 355 591 493 237 709 729 434 197 512 591 631 670 611 296 749 591 808 493 552 571 335
0 512 512 493 591 493 394 591 827 631 631 414 808 375 355 532 611 473 296 276 650 394 690 375 552 256 512 650 670 237 650 375 434 768 0 493 512 493 355 316 453 591 512 434 670 217 493 335 532 631 473 611 394 808 473 591 808 768 434 591 414 473 591 375 591 690 512 256 729 512 532 552 808 709 670 394 768 552 394 138 512
0 473 571 571 591 473 355 571 493 473 316 493 808 355 690 493 591 493 552 237 631 355 256 335 650 631 375 611 197 591 532 276 552 434 650 0 493 532 512 394 552 611 473 394 631 197 453 571 670 571 434 296 690 473 434 355 571 316 611 571 512 493 670 493 552 296 591 355 611 552 512 493 611 256 709 453 375 512 355 453 493
0 434 690 512 217 788 690 493 532 355 650 591 768 690 335 394 749 473 571 631 808 591 827 532 178 631 631 512 591 473 650 414 375 571 493 729 0 827 631 631 591 493 571 571 512 571 611 690 394 650 670 631 394 394 749 512 631 631 650 631 611 473 611 512 453 847 690 453 552 512 552 729 867 512 552 571 906 394 611 493 532
0 355 591 532 434 571 650 631 591 394 611 650 473 355 473 532 709 138 512 532 571 591 552 552 394 473 453 670 512 394 197 394 493 749 709 316 611 0 571 316 355 552 414 197 729 493 512 178 611 552 453 473 532 552 670 414 729 591 571 473 631 138 650 375 375 453 749 512 394 434 434 709 709 552 237 473 532 493 276 453 434
0 552 375 571 394 217 119 611 493 296 532 335 631 276 591 256 355 256 473 158 493 158 473 256 493 552 434 375 473 552 414 276 434 591 690 532 532 670 0 316 375 434 552 316 552 532 276 552 650 414 355 493 512 729 197 375 571 749 375 316 316 394 670 414 827 355 434 197 473 631 414 316 571 512 591 512 434 335 276 473 473
0 847 788 749 729 650 552 867 650 729 847 453 985 650 827 690 749 611 768 552 788 611 886 512 886 729 847 808 394 709 768 611 670 631 473 886 788 788 453 0 512 709 591 709 946 493 690 808 985 847 749 709 867 650 631 808 847 670 768 650 473 788 847 808 867 788 552 316 768 926 631 749 886 434 1024 670 611 611 670 611 631
0 788 571 906 729 552 827 827 906 985 690 631 965 650 768 591 690 867 1024 690 453 788 650 749 847 906 867 709 591 906 867 611 670 827 1024 847 827 926 729 808 0 532 690 690 1024 690 434 827 749 926 473 690 729 847 886 611 906 394 906 650 631 867 906 867 1024 788 729 473 827 591 611 729 611 631 749 453 788 670 768 690 729
0 768 532 768 473 316 571 394 709 827 611 631 709 611 946 335 434 611 926 611 847 532 768 493 591 690 709 453 473 847 650 355 532 709 768 709 631 729 690 650 453 0 473 631 788 591 571 631 808 670 650 571 709 729 650 453 650 827 532 414 414 650 867 611 867 650 729 493 650 768 808 690 768 512 926 808 690 414 631 709 493
0 453 552 611 276 631 591 493 434 453 256 552 512 414 709 138 473 394 532 296 670 335 375 394 394 631 552 256 512 650 197 158 414 532 571 316 670 276 493 453 591 473 0 453 591 493 355 276 611 394 453 119 670 552 670 256 434 611 591 631 552 394 571 434 414 591 414 394 532 532 552 493 316 335 493 591 670 571 414 552 40
0 453 571 729 571 631 532 434 493 355 571 493 926 650 729 650 650 611 788 571 591 571 532 355 808 512 355 768 591 768 493 552 631 749 847 611 709 591 690 670 158 473 512 0 729 650 316 591 591 670 631 473 453 690 611 217 611 552 768 355 512 611 808 571 827 276 611 355 532 532 571 729 749 591 611 591 355 375 670 571 552
0 532 434 729 473 670 611 375 394 729 434 335 827 591 375 571 631 355 631 493 296 611 690 591 650 591 237 690 631 493 631 591 453 690 749 434 709 709 493 532 571 394 453 650 0 434 512 650 552 434 335 552 414 906 296 473 690 690 473 591 690 493 749 591 808 729 434 552 493 434 473 591 453 493 335 316 631 473 493 355 473
0 611 394 493 453 296 178 591 690 552 532 473 631 178 611 316 414 316 375 60 453 178 493 158 473 552 375 434 473 591 434 335 375 611 690 552 316 591 335 217 375 473 453 217 453 0 296 532 709 434 256 532 650 709 256 434 650 650 434 394 473 316 591 335 375 473 571 335 552 591 316 335 611 532 670 276 552 394 178 375 493
0 709 571 611 512 335 552 709 512 591 256 197 709 532 729 355 453 453 827 552 690 414 217 631 571 709 670 493 473 729 493 237 552 571 788 611 394 493 552 591 256 453 571 571 611 493 0 532 709 532 532 256 709 729 631 493 532 631 512 434 197 434 709 434 690 611 296 60 631 571 611 512 571 394 729 453 690 335 571 414 591
0 197 434 375 256 631 512 493 591 690 552 670 670 532 453 434 749 571 729 434 749 552 611 512 237 749 394 571 709 591 394 453 355 631 552 512 670 611 414 473 335 512 355 571 571 375 512 0 453 394 512 453 414 473 512 493 709 631 532 650 631 591 473 217 749 650 729 552 709 256 296 571 650 532 434 316 729 650 552 296 375
0 493 571 276 532 453 355 256 670 690 512 631 749 355 335 375 591 473 552 237 611 355 591 335 631 709 512 512 532 237 375 394 256 532 729 355 493 512 512 276 375 532 256 394 631 178 453 394 0 591 434 355 394 729 434 394 611 256 414 512 532 473 394 119 552 631 650 493 709 473 197 512 552 414 650 434 709 532 355 99 276
0 749 611 788 414 453 335 709 335 571 670 670 867 493 571 473 571 493 709 394 729 394 690 473 709 532 512 611 690 768 611 493 40 827 690 729 729 690 414 552 571 335 414 532 729 414 493 591 749 0 591 532 631 886 414 611 709 375 591 532 532 709 906 650 788 749 591 532 434 808 650 552 729 729 827 512 552 453 512 571 453
0 532 749 729 709 729 631 788 611 729 709 690 808 512 355 611 847 493 631 650 749 670 650 670 670 453 414 729 788 768 631 631 690 867 808 768 493 453 690 473 709 571 709 552 808 591 768 512 532 729 0 709 394 886 690 729 709 788 867 453 690 493 847 571 827 808 788 532 355 611 631 827 906 690 611 650 827 473 434 512 749
0 571 552 650 650 709 611 768 571 631 316 631 709 512 709 709 749 375 729 571 670 335 276 631 631 709 690 650 552 631 237 296 316 650 867 355 768 237 493 532 591 591 631 434 650 512 453 394 611 276 611 0 768 591 690 650 591 631 729 709 631 375 768 493 611 631 631 493 611 650 631 493 631 453 473 690 709 512 512 473 611
0 138 394 414 631 571 473 394 650 631 650 631 788 493 414 493 690 532 670 375 631 493 650 296 650 611 335 532 670 375 355 493 296 670 827 473 631 650 355 355 512 473 394 532 434 316 453 453 158 335 473 493 0 709 453 532 650 394 552 650 631 532 532 256 690 709 729 493 768 217 256 571 690 473 375 256 788 414 493 237 414
0 197 453 119 414 473 512 217 335 709 552 355 768 512 473 434 591 591 650 394 493 512 532 355 670 532 414 552 552 591 414 434 375 316 355 532 493 552 434 434 197 532 296 473 729 355 316 532 493 414 532 414 434 0 532 217 729 571 276 532 375 611 217 493 690 611 453 217 453 276 316 571 591 119 453 335 690 512 453 256 335
0 591 631 512 512 394 532 611 788 749 709 493 690 512 414 375 512 79 690 414 512 532 670 493 591 827 375 493 611 355 631 394 434 729 709 709 434 631 670 237 591 493 473 552 808 355 591 670 591 631 552 394 453 808 0 493 670 749 197 493 709 493 611 335 650 827 591 552 749 650 670 650 670 532 808 532 749 512 197 493 276
0 650 631 709 512 434 611 237 611 690 355 296 808 611 611 434 552 552 808 493 493 512 316 158 670 434 631 552 394 768 493 335 611 552 808 611 493 493 650 493 355 552 296 650 709 453 119 512 808 631 532 355 670 650 690 0 631 650 611 453 296 552 690 552 709 709 394 158 355 631 670 591 611 434 729 512 788 434 453 355 335
0 375 296 571 414 473 375 453 316 552 237 473 768 414 316 512 591 434 571 394 552 414 571 493 571 512 591 532 512 434 591 512 197 571 296 552 670 591 256 552 414 355 512 453 571 493 355 355 394 591 316 375 256 768 453 453 0 532 493 256 473 434 434 414 670 611 571 335 434 119 158 355 552 375 276 158 690 256 532 414 552
0 414 670 650 552 552 434 631 709 768 453 493 847 591 591 571 670 512 808 493 768 493 788 571 788 749 532 709 690 591 631 591 571 690 808 571 729 670 631 571 552 394 611 631 788 552 591 650 375 611 690 571 631 847 512 571 532 0 690 276 512 512 749 493 886 867 591 355 768 493 532 650 768 493 650 532 946 276 611 473 650
0 670 453 709 335 217 473 552 611 591 670 532 571 493 571 197 335 512 591 532 729 394 631 453 414 749 375 316 611 709 611 217 237 729 631 611 237 631 552 237 571 434 611 532 650 709 414 493 631 532 512 394 631 631 552 316 493 571 0 316 552 571 808 709 473 768 473 394 670 591 631 552 709 532 650 473 729 335 650 631 99
0 631 434 631 453 276 178 512 571 493 493 237 571 335 571 316 394 256 532 217 552 217 532 316 512 591 512 434 414 532 473 316 453 414 552 316 591 571 375 316 296 119 571 375 611 493 316 611 453 473 414 552 512 690 256 434 256 611 434 0 237 256 690 473 768 591 335 99 493 375 414 375 709 237 532 414 670 20 335 394 512
0 611 532 788 611 552 473 532 729 552 493 414 768 631 749 532 552 611 827 512 493 512 434 611 709 690 709 591 552 906 709 453 709 690 906 827 611 709 375 571 60 591 591 670 709 473 237 749 788 749 532 473 768 827 552 591 749 434 571 650 0 670 512 631 847 670 355 276 729 631 670 414 650 611 788 512 749 571 631 394 631
0 532 591 434 631 453 512 552 749 256 591 571 335 237 355 473 571 20 611 512 453 571 552 493 631 335 316 611 552 296 512 493 591 690 650 631 493 532 532 178 414 434 414 276 808 473 571 414 532 571 316 335 394 808 591 473 611 768 473 355 512 0 552 276 808 532 670 434 256 591 631 591 611 493 749 453 611 355 138 394 434
0 119 355 552 355 276 434 20 512 532 335 532 571 473 375 217 394 493 611 375 552 414 453 473 473 650 316 335 512 512 276 237 276 611 650 394 296 355 335 237 138 414 99 512 670 453 434 355 276 316 434 197 335 631 434 335 512 512 60 375 532 473 0 394 493 670 434 394 631 178 217 375 394 414 355 237 749 316 237 375 119
0 375 552 178 414 532 611 276 552 591 394 512 650 355 571 276 611 532 670 237 591 375 512 335 512 709 552 394 650 670 335 276 453 414 670 453 552 394 512 414 256 552 138 394 631 631 375 414 552 512 453 256 512 611 690 276 493 631 316 453 434 532 276 0 532 650 532 375 631 375 414 512 434 473 532 414 729 453 375 552 178
0 552 532 512 591 414 316 631 532 473 631 434 827 434 394 434 532 453 138 316 690 355 591 414 690 729 611 571 158 532 611 453 158 394 768 335 571 650 197 473 434 434 571 473 611 256 453 611 571 591 512 631 434 414 375 571 650 493 552 512 375 512 631 532 0 552 532 296 631 355 394 512 768 197 532 414 631 512 434 631 611
0 197 453 473 316 473 532 571 217 197 512 335 729 571 473 473 394 512 729 552 749 552 473 552 650 355 79 591 729 591 414 453 355 729 591 532 611 453 414 473 552 434 631 611 453 493 512 434 552 394 532 217 414 434 453 414 571 631 552 434 631 571 552 571 749 0 434 512 335 276 316 631 768 532 434 316 79 434 434 414 375
0 512 316 493 434 256 276 552 532 512 670 512 434 434 571 276 197 414 631 316 414 316 631 414 453 512 394 335 375 709 512 296 355 512 709 591 414 729 473 473 434 394 473 473 709 473 434 512 670 571 434 532 611 631 355 335 552 690 532 296 532 532 591 335 847 316 0 375 650 552 394 237 571 414 709 414 394 296 434 571 493
0 749 532 729 670 493 512 670 768 552 631 158 670 670 808 532 453 611 867 552 650 571 591 650 709 749 631 571 434 729 670 434 512 670 827 788 670 493 512 690 217 414 709 670 867 532 375 650 670 808 493 591 768 690 591 571 552 591 473 532 158 611 670 571 788 571 256 0 729 650 650 473 808 473 709 414 631 296 690 552 552
0 316 394 532 414 375 276 611 611 591 355 335 670 394 414 414 493 355 611 296 650 316 296 375 394 99 512 532 512 631 473 335 493 512 650 414 532 296 473 335 394 217 512 434 690 237 414 158 532 532 493 355 473 631 335 532 355 709 532 99 335 355 631 375 611 552 434 178 0 394 434 473 670 335 512 453 611 119 414 158 532
0 276 178 571 512 375 256 335 552 434 512 434 670 296 197 394 493 335 473 296 552 316 453 394 473 512 473 532 512 335 493 414 99 473 788 453 571 631 158 453 296 256 414 355 571 473 256 256 296 493 276 512 158 729 335 532 552 434 375 473 434 335 335 394 808 512 532 296 591 0 40 375 709 276 178 60 591 473 414 375 434
0 394 631 591 473 394 375 296 591 591 631 473 788 256 670 414 512 512 729 414 709 414 729 512 434 788 591 552 670 768 552 434 60 434 749 670 532 631 552 512 276 355 375 316 788 571 512 217 571 591 355 493 611 690 434 512 749 394 335 493 493 729 296 434 768 571 571 335 709 473 0 571 670 237 631 512 650 493 532 493 414
0 473 335 512 335 532 434 394 532 729 532 434 434 434 355 512 512 473 611 316 197 434 493 335 316 296 591 178 158 532 611 512 414 296 631 591 571 650 473 394 453 276 434 473 650 256 296 375 532 670 217 532 394 414 512 178 650 631 434 631 453 473 375 512 631 650 552 296 532 335 355 0 355 197 493 197 532 591 434 355 453
0 493 276 591 434 571 571 709 631 690 394 276 788 493 709 611 178 650 768 394 611 512 591 493 552 749 473 709 473 867 473 571 571 237 709 591 394 611 650 335 335 355 532 394 749 394 375 729 650 709 591 532 729 749 650 611 670 729 453 670 296 650 709 434 768 493 375 138 670 571 532 611 0 40 749 532 552 434 296 591 532
0 788 631 571 394 591 611 690 591 650 611 256 768 729 670 571 552 729 926 611 749 670 552 709 808 709 709 670 453 827 690 532 571 197 690 631 749 591 611 670 316 512 493 375 709 552 355 749 768 827 591 611 729 709 690 571 650 690 512 631 256 709 690 414 886 631 355 119 631 749 749 571 808 0 808 512 591 394 729 650 532
0 453 690 414 611 552 571 493 788 650 631 414 729 453 276 532 690 414 552 591 650 611 690 591 571 512 453 650 631 158 650 552 256 631 867 512 414 709 611 571 473 552 571 512 729 532 631 414 453 650 552 690 316 788 631 532 788 375 355 532 434 414 493 571 808 768 532 276 434 512 197 473 808 434 0 571 808 532 532 552 434
0 355 138 532 591 512 631 591 512 749 453 375 768 355 631 532 631 631 886 256 611 375 414 335 749 453 552 670 591 749 571 434 512 768 867 394 591 591 512 414 256 217 631 394 650 552 197 532 709 571 453 453 571 847 690 611 729 650 690 611 394 631 650 512 768 670 473 237 611 434 473 512 768 571 591 0 749 532 375 512 670
0 414 414 394 237 394 512 493 138 749 591 256 768 571 670 414 316 453 788 473 670 571 552 571 571 276 532 532 729 650 631 414 394 650 512 650 532 532 631 394 473 355 552 631 532 414 512 355 749 611 670 591 631 355 375 512 611 729 473 355 591 591 473 493 788 552 355 434 256 493 453 571 690 473 512 335 0 355 355 335 552
0 631 532 709 552 414 571 493 571 611 493 217 690 571 552 434 512 355 827 532 709 611 650 611 512 690 670 571 414 650 749 453 453 650 532 768 729 552 512 532 276 119 571 493 827 473 453 611 434 768 571 611 512 670 650 571 256 670 532 493 237 355 670 552 847 631 316 79 611 355 394 552 788 453 532 414 709 0 493 394 611
0 512 453 316 552 591 552 414 690 591 532 493 493 493 650 414 631 650 749 375 316 512 650 473 650 768 197 532 434 749 473 414 473 552 512 591 690 532 473 40 394 296 276 532 788 394 512 552 690 434 355 394 591 690 631 414 631 709 473 591 512 670 414 158 670 690 591 355 709 453 493 650 473 473 631 335 650 591 0 296 316
0 611 473 414 552 375 276 532 709 650 512 552 709 256 690 394 493 394 473 158 532 276 571 237 571 631 453 532 571 670 532 414 473 650 670 650 394 650 414 197 453 552 375 296 552 99 375 611 788 512 355 493 749 788 335 512 729 729 512 473 571 394 512 256 473 571 650 414 631 611 414 414 690 611 749 355 650 473 276 0 414
0 591 512 631 256 591 552 453 571 729 591 512 493 414 670 99 571 709 512 611 631 296 532 375 355 650 512 237 512 709 552 119 414 729 532 670 670 591 453 473 571 434 532 453 552 631 335 414 571 434 414 355 650 709 631 237 394 749 768 650 512 709 729 611 375 690 375 375 571 512 552 453 788 571 552 552 768 532 690 591 0
SETUP_COST
0.0 8680.0 5120.0 14180.0 10240.0 9060.0 12220.0 10240.0 11420.0 8680.0 13000.0 9860.0 13800.0 800.0 5120.0 9460.0 3160.0 7100.0 10640.0 7500.0 11820.0 9860.0 12220.0 8680.0 9460.0 11420.0 8680.0 12220.0 13400.0 13000.0 9460.0 9860.0 11820.0 14980.0 15360.0 11820.0 6320.0 11040.0 11820.0 10640.0 4740.0 7100.0 11820.0 1980.0 5920.0 12220.0 7880.0 13000.0 8680.0 12620.0 2760.0 9860.0 5920.0 13800.0 11820.0 5920.0 10640.0 12620.0 15360.0 8680.0 10240.0 7100.0 16160.0 11040.0 14980.0 7100.0 12220.0 7100.0 9860.0 10240.0 10640.0 13000.0 10640.0 11040.0 12620.0 11040.0 8680.0 5920.0 9860.0 10640.0 12620.0
0.0 0.0 5120.0 12620.0 11420.0 9060.0 6700.0 8280.0 10640.0 10240.0 11820.0 10240.0 13400.0 7500.0 5520.0 9460.0 11420.0 7880.0 11040.0 7500.0 12220.0 7880.0 10640.0 9460.0 10640.0 11420.0 4340.0 8280.0 10640.0 8280.0 4340.0 9860.0 3560.0 10640.0 16940.0 6700.0 12620.0 14180.0 4740.0 10640.0 7500.0 6700.0 9860.0 8280.0 12620.0 10240.0 6700.0 6700.0 7500.0 4340.0 6700.0 11420.0 4740.0 11820.0 6700.0 8280.0 12620.0 9060.0 9060.0 11040.0 10240.0 8280.0 8280.0 9460.0 14980.0 11820.0 12220.0 7500.0 13000.0 1580.0 2380.0 8680.0 15760.0 7100.0 5120.0 2760.0 13400.0 11040.0 9860.0 9060.0 7880.0
0.0 4740.0 0.0 11040.0 9460.0 7880.0 10240.0 9460.0 7500.0 12220.0 11820.0 10640.0 13000.0 4740.0 9860.0 8280.0 10240.0 11820.0 15360.0 2380.0 9860.0 4740.0 11040.0 4340.0 13400.0 11420.0 8280.0 10640.0 10640.0 12620.0 8680.0 8680.0 7880.0 13400.0 14980.0 11420.0 9860.0 9460.0 7880.0 5520.0 2760.0 1980.0 10240.0 5520.0 10240.0 10240.0 6700.0 11040.0 11820.0 8680.0 6320.0 11820.0 9060.0 16160.0 11040.0 9860.0 14980.0 10240.0 12220.0 9860.0 9860.0 11820.0 12620.0 7500.0 13000.0 10640.0 12620.0 7880.0 9860.0 6320.0 6700.0 7880.0 13000.0 11420.0 9460.0 7100.0 12220.0 9860.0 4740.0 8680.0 11040.0
0.0 4340.0 7880.0 0.0 9460.0 7500.0 9460.0 2380.0 11420.0 12620.0 9060.0 8280.0 13400.0 9860.0 8280.0 6320.0 9860.0 10640.0 13400.0 9860.0 10640.0 10240.0 8680.0 5120.0 11420.0 11040.0 8280.0 9060.0 9860.0 10640.0 7500.0 6700.0 5920.0 13400.0 10240.0 9860.0 7880.0 9060.0 7100.0 6700.0 1980.0 9460.0 3940.0 11040.0 15360.0 11040.0 4340.0 9060.0 7880.0 8280.0 9460.0 6320.0 7100.0 14980.0 10640.0 2380.0 12220.0 9460.0 3160.0 9460.0 5520.0 10640.0 2380.0 9860.0 11820.0 14180.0 10240.0 5120.0 9460.0 4340.0 5120.0 9460.0 9860.0 9460.0 7500.0 5120.0 15760.0 8280.0 7100.0 9460.0 4740.0
0.0 11420.0 11820.0 14180.0 0.0 11820.0 9460.0 10640.0 6700.0 14180.0 13400.0 8280.0 11040.0 9860.0 12620.0 3940.0 14180.0 12220.0 11420.0 10640.0 12220.0 7500.0 12220.0 9060.0 8680.0 10640.0 11040.0 6320.0 13400.0 10640.0 12620.0 3940.0 3560.0 15360.0 5920.0 14980.0 14580.0 13400.0 10640.0 9460.0 13000.0 9060.0 12220.0 10640.0 6320.0 9860.0 8280.0 9860.0 13000.0 10240.0 9860.0 8680.0 13400.0 15760.0 11040.0 6320.0 14580.0 10240.0 14180.0 10640.0 12220.0 15360.0 16160.0 11820.0 14180.0 15360.0 10640.0 9060.0 9060.0 13000.0 13800.0 10640.0 15360.0 11420.0 12620.0 10240.0 16940.0 11040.0 13000.0 8280.0 6700.0
0.0 9460.0 4740.0 11040.0 3560.0 0.0 5520.0 7880.0 8280.0 12220.0 10240.0 6700.0 8280.0 6320.0 13000.0 800.0 2760.0 6320.0 12620.0 6320.0 11420.0 4740.0 9460.0 5920.0 5920.0 11820.0 9060.0 3160.0 10240.0 11820.0 9060.0 1200.0 4740.0 10640.0 9460.0 8280.0 6700.0 10240.0 7880.0 7880.0 7500.0 4340.0 9060.0 7100.0 9860.0 11820.0 5120.0 6700.0 10240.0 7500.0 7100.0 5520.0 11420.0 13000.0 7100.0 3160.0 7100.0 11420.0 10640.0 2380.0 6700.0 7100.0 12620.0 11040.0 13400.0 12620.0 8680.0 3940.0 10240.0 9460.0 10240.0 7880.0 10240.0 6700.0 12620.0 10240.0 10240.0 2380.0 8680.0 10240.0 9860.0
0.0 9860.0 5520.0 9060.0 5920.0 2380.0 0.0 9860.0 10240.0 9860.0 8280.0 6700.0 10640.0 3160.0 9860.0 2760.0 4740.0 3160.0 7500.0 1200.0 7880.0 1200.0 7500.0 3160.0 7880.0 9860.0 7100.0 5520.0 7100.0 8680.0 6320.0 3160.0 6700.0 9860.0 11420.0 8680.0 8680.0 11820.0 4340.0 4340.0 7100.0 6700.0 9060.0 3940.0 9060.0 8680.0 3160.0 9060.0 12220.0 5920.0 5120.0 7880.0 10640.0 12220.0 1580.0 5520.0 9460.0 13000.0 5120.0 4340.0 7100.0 9060.0 11420.0 6320.0 14580.0 9460.0 8680.0 3940.0 10640.0 10640.0 6320.0 4340.0 11040.0 7880.0 9860.0 7880.0 11040.0 4340.0 3560.0 7100.0 7100.0
0.0 10640.0 12220.0 10640.0 7100.0 13800.0 13400.0 0.0 9860.0 10240.0 6700.0 10240.0 11820.0 9460.0 14180.0 4340.0 11040.0 9460.0 12220.0 7500.0 10640.0 7880.0 9060.0 9460.0 9060.0 13000.0 8280.0 6700.0 10240.0 14580.0 5520.0 4340.0 9860.0 12220.0 12620.0 7880.0 8680.0 6700.0 11040.0 5520.0 11420.0 8280.0 1580.0 10240.0 13400.0 11420.0 8680.0 7100.0 13400.0 9060.0 10240.0 3940.0 14980.0 12620.0 14980.0 6700.0 10240.0 13800.0 13400.0 14180.0 10640.0 9460.0 12620.0 7500.0 9460.0 13400.0 9460.0 7500.0 12220.0 12220.0 12620.0 7100.0 7500.0 8280.0 11420.0 11040.0 14980.0 5920.0 4740.0 10640.0 2380.0
0.0 8680.0 6320.0 13000.0 1980.0 9860.0 7500.0 12620.0 0.0 14180.0 9460.0 8680.0 13000.0 10240.0 10640.0 5520.0 12220.0 9460.0 13400.0 7880.0 13800.0 8680.0 8280.0 9860.0 9860.0 4340.0 12620.0 7880.0 12620.0 12220.0 11820.0 5920.0 5120.0 12620.0 7500.0 10240.0 13000.0 8280.0 11820.0 9060.0 9060.0 6700.0 12220.0 11040.0 8280.0 7100.0 7880.0 5520.0 13000.0 12220.0 11420.0 9460.0 11820.0 14980.0 9060.0 7880.0 9460.0 11820.0 10640.0 4340.0 9060.0 9460.0 14980.0 9860.0 14580.0 13000.0 11040.0 5920.0 2380.0 10240.0 11040.0 11820.0 15760.0 8680.0 12620.0 3940.0 14580.0 4740.0 10640.0 5120.0 8280.0
0.0 7100.0 11420.0 12620.0 12220.0 11040.0 9060.0 9060.0 11040.0 0.0 10640.0 10240.0 17340.0 11420.0 12220.0 11820.0 13800.0 10640.0 15760.0 9460.0 14580.0 9860.0 9860.0 7500.0 11420.0 5520.0 7100.0 14180.0 12220.0 11820.0 11420.0 10240.0 10240.0 12220.0 16540.0 11820.0 14180.0 9460.0 10240.0 10240.0 11420.0 7880.0 9860.0 12620.0 13000.0 8280.0 6700.0 7100.0 7500.0 11040.0 13400.0 10640.0 4740.0 16540.0 10640.0 4740.0 11040.0 12220.0 14180.0 5920.0 10240.0 10640.0 14980.0 9460.0 15760.0 14580.0 12220.0 7500.0 3940.0 8680.0 9460.0 13000.0 15760.0 8280.0 11820.0 9460.0 16160.0 5920.0 11820.0 6700.0 10240.0
0.0 11040.0 11040.0 7100.0 7100.0 14180.0 12620.0 9060.0 5120.0 14980.0 0.0 11820.0 16540.0 10640.0 11420.0 9060.0 9860.0 9860.0 11420.0 8280.0 13000.0 9460.0 7880.0 10240.0 12620.0 9060.0 11420.0 11420.0 11820.0 14180.0 7100.0 8280.0 8680.0 11040.0 11420.0 9460.0 14180.0 7500.0 10640.0 11820.0 8680.0 11820.0 6320.0 11040.0 7100.0 11820.0 11040.0 8280.0 13400.0 7880.0 11820.0 2760.0 10640.0 14580.0 12620.0 9060.0 5520.0 15360.0 10240.0 9460.0 12220.0 9860.0 9060.0 3940.0 8680.0 15360.0 13800.0 9060.0 7500.0 7500.0 8280.0 10240.0 6320.0 7100.0 11040.0 8680.0 16940.0 9460.0 11040.0 10240.0 7100.0
0.0 12220.0 7880.0 11820.0 10640.0 7100.0 7500.0 13000.0 12620.0 12220.0 12620.0 0.0 10640.0 10640.0 13400.0 7500.0 5920.0 10240.0 14580.0 8280.0 10240.0 8680.0 13400.0 10240.0 11040.0 12220.0 9860.0 8680.0 9460.0 14980.0 12220.0 7880.0 9060.0 12220.0 13800.0 13000.0 10240.0 14180.0 11420.0 11420.0 8680.0 5120.0 11420.0 11420.0 16160.0 11820.0 9060.0 12220.0 10640.0 13400.0 10240.0 10640.0 13000.0 14580.0 9060.0 8680.0 8280.0 15360.0 12620.0 7880.0 7500.0 10240.0 14180.0 8680.0 19300.0 8280.0 2380.0 4740.0 14980.0 10240.0 9860.0 6700.0 13400.0 10240.0 13400.0 5520.0 9860.0 3160.0 10640.0 11040.0 11820.0
0.0 7880.0 7100.0 5920.0 5920.0 2380.0 6320.0 8280.0 8280.0 7880.0 10240.0 9060.0 0.0 8680.0 7100.0 3160.0 5120.0 8280.0 12220.0 7100.0 13400.0 7100.0 11820.0 8280.0 7880.0 11040.0 5920.0 5520.0 12620.0 13400.0 9060.0 3160.0 7100.0 11040.0 11420.0 10640.0 8680.0 10640.0 4340.0 10240.0 7500.0 6700.0 5520.0 9460.0 12220.0 13800.0 7500.0 9060.0 10640.0 9460.0 9060.0 7500.0 7880.0 12620.0 7880.0 5520.0 9460.0 13400.0 9060.0 4340.0 9060.0 9460.0 7880.0 2760.0 13000.0 4340.0 11040.0 5920.0 10640.0 9460.0 10240.0 9860.0 11420.0 9060.0 10240.0 10640.0 5920.0 4740.0 9460.0 12220.0 5520.0
0.0 10240.0 12220.0 15360.0 9460.0 8280.0 11420.0 9860.0 10640.0 7880.0 12220.0 11040.0 16540.0 0.0 9060.0 9060.0 10640.0 7500.0 14180.0 12220.0 12620.0 12220.0 11420.0 7880.0 8680.0 10640.0 7880.0 11420.0 13000.0 13400.0 10640.0 9060.0 13000.0 16160.0 15360.0 13000.0 5520.0 10240.0 14580.0 11040.0 3940.0 9460.0 11040.0 1200.0 15360.0 13400.0 7100.0 12220.0 12620.0 14180.0 1980.0 9060.0 9860.0 13400.0 13000.0 5120.0 13000.0 11820.0 16160.0 8280.0 11040.0 11420.0 17340.0 12220.0 14180.0 6320.0 13000.0 7880.0 9060.0 11420.0 12220.0 15360.0 16160.0 12620.0 13000.0 12620.0 7880.0 8280.0 10240.0 11820.0 11820.0
0.0 3560.0 8680.0 9460.0 13400.0 11040.0 9060.0 9060.0 14180.0 7880.0 13800.0 10240.0 9460.0 7100.0 0.0 10640.0 10240.0 2760.0 5520.0 8280.0 10240.0 9860.0 13800.0 6700.0 14180.0 9460.0 7500.0 11820.0 13400.0 8280.0 7880.0 11040.0 7100.0 10240.0 15760.0 9460.0 12220.0 13400.0 6700.0 6320.0 11040.0 8280.0 8680.0 7880.0 9460.0 7500.0 9860.0 10240.0 3940.0 7880.0 9060.0 9460.0 1200.0 14980.0 10240.0 11420.0 11040.0 8680.0 12220.0 9860.0 10640.0 2760.0 11420.0 6320.0 14980.0 13400.0 12620.0 7500.0 7880.0 5120.0 5920.0 12220.0 13400.0 10240.0 8280.0 6320.0 14980.0 6320.0 5520.0 5520.0 9460.0
0.0 9860.0 8280.0 10640.0 3160.0 9860.0 9460.0 7100.0 9460.0 12620.0 9860.0 8280.0 7880.0 6320.0 13400.0 0.0 12620.0 12220.0 14180.0 10240.0 10640.0 3940.0 8680.0 5520.0 5120.0 11040.0 8280.0 2760.0 9860.0 13400.0 9060.0 400.0 6320.0 12620.0 8680.0 11420.0 11420.0 9860.0 7100.0 7500.0 9460.0 6700.0 8680.0 7100.0 9060.0 11420.0 4740.0 6320.0 9460.0 6700.0 6320.0 5120.0 11040.0 12220.0 10640.0 2760.0 14980.0 13000.0 13800.0 11420.0 8680.0 12220.0 12620.0 10240.0 13000.0 11820.0 10240.0 5520.0 9460.0 11420.0 12220.0 7100.0 13800.0 11040.0 14180.0 11040.0 13400.0 11420.0 11820.0 9860.0 9060.0
0.0 6700.0 2380.0 13000.0 8680.0 8280.0 12220.0 11820.0 9860.0 11420.0 14180.0 12620.0 14980.0 6700.0 11040.0 8680.0 0.0 13800.0 15760.0 4740.0 12220.0 7100.0 13000.0 6700.0 7880.0 13400.0 10640.0 11420.0 12620.0 13800.0 6320.0 9060.0 10240.0 12220.0 12620.0 8680.0 4740.0 11420.0 10240.0 7880.0 5120.0 3940.0 10240.0 7880.0 12620.0 12220.0 9060.0 13400.0 12220.0 11040.0 8680.0 12620.0 11040.0 12220.0 13400.0 11420.0 15360.0 12620.0 14580.0 10240.0 11820.0 13800.0 14580.0 9860.0 13400.0 13000.0 14580.0 9460.0 12220.0 8280.0 9060.0 10240.0 7500.0 8280.0 11420.0 9460.0 7880.0 10240.0 7100.0 10640.0 11040.0
0.0 10240.0 11820.0 8680.0 13800.0 13800.0 12220.0 11040.0 16160.0 14580.0 13000.0 12620.0 12620.0 12620.0 7100.0 10640.0 15360.0 0.0 12220.0 10240.0 9060.0 12620.0 11820.0 12220.0 15760.0 15360.0 6320.0 13400.0 11040.0 5920.0 11420.0 11040.0 11820.0 13800.0 13000.0 13000.0 14180.0 11420.0 12220.0 3560.0 10640.0 8680.0 8280.0 13400.0 16160.0 10240.0 13000.0 13400.0 10640.0 11420.0 9860.0 6700.0 7880.0 16160.0 13800.0 11040.0 14180.0 15360.0 9460.0 9060.0 12620.0 9460.0 11040.0 5520.0 16160.0 16540.0 13800.0 9860.0 14580.0 11820.0 12620.0 11820.0 12220.0 11820.0 14980.0 9060.0 15360.0 9460.0 2760.0 8680.0 8680.0
0.0 9860.0 8280.0 12620.0 9060.0 5520.0 3560.0 11040.0 11040.0 7100.0 10240.0 7880.0 13800.0 6700.0 8680.0 6320.0 8280.0 6320.0 0.0 4340.0 11040.0 4340.0 9060.0 6320.0 11040.0 12220.0 9860.0 8680.0 8280.0 11040.0 9460.0 6700.0 6320.0 9460.0 14980.0 4340.0 11820.0 14180.0 1580.0 7500.0 8680.0 9860.0 9060.0 7500.0 12220.0 7880.0 6700.0 9460.0 10240.0 9460.0 8280.0 10240.0 7500.0 13400.0 5120.0 8680.0 12620.0 10240.0 8680.0 7500.0 7500.0 9060.0 11040.0 9460.0 15360.0 8280.0 9860.0 5120.0 10640.0 4740.0 5520.0 7500.0 12620.0 8680.0 7880.0 5520.0 9860.0 7880.0 6700.0 10640.0 9460.0
0.0 11040.0 6700.0 8680.0 9460.0 9860.0 7880.0 11040.0 12620.0 10240.0 9860.0 8280.0 12220.0 2380.0 11040.0 10640.0 12620.0 9860.0 14980.0 0.0 7880.0 2760.0 8680.0 1980.0 11040.0 9860.0 6320.0 9060.0 8680.0 15360.0 7500.0 9060.0 6320.0 11420.0 13000.0 9860.0 7500.0 10640.0 5520.0 3560.0 6320.0 8280.0 7880.0 3160.0 8280.0 7880.0 4740.0 9460.0 14580.0 7500.0 4340.0 9860.0 11820.0 13800.0 9460.0 7500.0 14980.0 11820.0 11820.0 10240.0 8280.0 13400.0 10640.0 5520.0 15360.0 8680.0 10240.0 5520.0 9860.0 10640.0 5520.0 5520.0 11040.0 9460.0 13800.0 8280.0 10240.0 10640.0 2760.0 6320.0 8680.0
0.0 7500.0 2760.0 9460.0 10640.0 7880.0 7880.0 7880.0 9460.0 11420.0 9460.0 7880.0 15360.0 7500.0 6700.0 7500.0 6700.0 9460.0 12220.0 5120.0 0.0 7500.0 8280.0 6320.0 12220.0 9460.0 9060.0 10240.0 10640.0 9460.0 8680.0 7880.0 4740.0 7880.0 16160.0 8280.0 10640.0 9860.0 5920.0 7500.0 5520.0 1980.0 5120.0 8280.0 13000.0 6700.0 4340.0 7880.0 8680.0 11420.0 800.0 7500.0 5920.0 13800.0 9460.0 3560.0 13400.0 9060.0 9460.0 9860.0 8280.0 9460.0 9460.0 9460.0 13000.0 13000.0 9860.0 5120.0 7880.0 2760.0 3560.0 7500.0 3560.0 3940.0 6320.0 400.0 7100.0 9860.0 6700.0 5120.0 5920.0
0.0 8680.0 4340.0 11420.0 9860.0 7500.0 5520.0 11040.0 11420.0 9060.0 7500.0 5920.0 11820.0 8280.0 10240.0 8280.0 9860.0 8280.0 12620.0 6320.0 6700.0 0.0 6320.0 8280.0 9060.0 9060.0 11820.0 6700.0 6320.0 13800.0 5120.0 6700.0 5520.0 9060.0 15360.0 7500.0 9860.0 11820.0 3160.0 7880.0 7100.0 5920.0 11040.0 9460.0 14180.0 8280.0 2380.0 10640.0 13800.0 5120.0 7500.0 7100.0 11040.0 11420.0 7100.0 6700.0 12620.0 12220.0 10640.0 9460.0 5920.0 11040.0 10640.0 8280.0 15760.0 10240.0 7880.0 3160.0 12620.0 9460.0 10240.0 3160.0 9860.0 7100.0 13000.0 7100.0 11820.0 8680.0 8680.0 10240.0 11420.0
0.0 9860.0 8680.0 7880.0 7880.0 11420.0 9460.0 10240.0 6320.0 13000.0 1200.0 9460.0 13800.0 6320.0 12620.0 9860.0 9860.0 8280.0 12220.0 7100.0 11040.0 4340.0 0.0 9060.0 10640.0 10240.0 12620.0 8680.0 10240.0 13400.0 5520.0 800.0 7100.0 11820.0 12220.0 7880.0 11820.0 5920.0 7500.0 7880.0 9860.0 7100.0 7500.0 7500.0 7880.0 5920.0 6320.0 6320.0 13000.0 6320.0 8280.0 1200.0 11420.0 13000.0 11040.0 8680.0 6700.0 13800.0 11040.0 10240.0 9460.0 8280.0 9860.0 4740.0 9860.0 12620.0 7500.0 6700.0 8680.0 8680.0 9460.0 7500.0 7500.0 7880.0 10240.0 9860.0 14180.0 5120.0 9460.0 4340.0 7880.0
0.0 13000.0 9860.0 12620.0 7500.0 11820.0 9460.0 13000.0 14180.0 14180.0 14580.0 12220.0 18120.0 9460.0 9460.0 11040.0 13800.0 11420.0 13400.0 7100.0 7100.0 9860.0 15360.0 0.0 15360.0 16160.0 13400.0 13800.0 15760.0 16540.0 12620.0 11420.0 9460.0 14980.0 13400.0 14980.0 12220.0 9060.0 12620.0 8280.0 12620.0 9060.0 11820.0 10240.0 13800.0 6320.0 11420.0 12220.0 13400.0 14580.0 7880.0 14180.0 10640.0 19700.0 11040.0 10640.0 18120.0 10240.0 14580.0 13800.0 14980.0 11420.0 14580.0 9060.0 13800.0 15360.0 14180.0 12220.0 14980.0 9860.0 10640.0 12620.0 10640.0 11040.0 13400.0 7500.0 14180.0 13000.0 9860.0 4340.0 12620.0
0.0 9460.0 12620.0 9860.0 800.0 12220.0 10240.0 6320.0 7500.0 14980.0 9460.0 9060.0 11820.0 10640.0 11040.0 4340.0 14180.0 13000.0 12220.0 9060.0 13000.0 8280.0 13000.0 9860.0 0.0 10640.0 11420.0 7100.0 14180.0 9060.0 11820.0 4740.0 4340.0 14980.0 6700.0 11420.0 14180.0 13000.0 11420.0 9860.0 11040.0 9860.0 7880.0 8280.0 7100.0 7880.0 9060.0 10640.0 4740.0 11040.0 10240.0 9460.0 12220.0 16540.0 11820.0 7100.0 13000.0 9460.0 12620.0 11420.0 12620.0 13800.0 12220.0 6700.0 14580.0 13400.0 10240.0 9860.0 9460.0 11040.0 8280.0 11420.0 13800.0 12220.0 13400.0 11040.0 14980.0 11820.0 11040.0 6320.0 7500.0
0.0 5120.0 10240.0 9060.0 6700.0 8680.0 6320.0 11420.0 13000.0 13000.0 11420.0 12220.0 14980.0 6320.0 9460.0 9060.0 11040.0 9060.0 10240.0 3940.0 11820.0 6700.0 12620.0 5920.0 5920.0 0.0 9060.0 11820.0 12620.0 12220.0 9460.0 9460.0 8680.0 13000.0 12620.0 11820.0 9060.0 13800.0 9460.0 5120.0 7500.0 11820.0 8280.0 7100.0 11820.0 3160.0 8680.0 1580.0 10640.0 9460.0 7880.0 10640.0 9460.0 11040.0 7880.0 11420.0 15760.0 14180.0 11420.0 10640.0 6320.0 9060.0 11040.0 5920.0 10640.0 9060.0 13400.0 9460.0 13800.0 6700.0 7500.0 9460.0 14580.0 11820.0 9860.0 7880.0 10640.0 10640.0 6700.0 1200.0 8680.0
0.0 16940.0 17720.0 19700.0 12620.0 15360.0 13400.0 16540.0 13000.0 10240.0 17720.0 17720.0 17340.0 15760.0 17720.0 9860.0 17720.0 16160.0 17720.0 14180.0 18120.0 13400.0 18120.0 14980.0 14580.0 15360.0 0.0 12220.0 14580.0 16540.0 18520.0 9860.0 7100.0 19300.0 13800.0 20480.0 20480.0 19300.0 14580.0 13400.0 9460.0 13000.0 14580.0 16540.0 18520.0 14980.0 14180.0 15760.0 17340.0 6700.0 15760.0 14580.0 14580.0 20100.0 14580.0 12220.0 13000.0 13800.0 18120.0 15760.0 11040.0 20480.0 20100.0 16540.0 15360.0 20480.0 16160.0 14980.0 13800.0 15360.0 16160.0 16540.0 20480.0 15760.0 18520.0 16160.0 16540.0 15360.0 16540.0 16160.0 8680.0
0.0 11420.0 12220.0 11040.0 3160.0 7500.0 11420.0 4740.0 9860.0 13000.0 7500.0 5920.0 5120.0 12220.0 10640.0 7100.0 9860.0 9860.0 14580.0 9860.0 9860.0 10240.0 6320.0 3160.0 2760.0 8680.0 11040.0 0.0 7880.0 11420.0 9860.0 6700.0 6700.0 11040.0 9060.0 12220.0 9860.0 9860.0 9060.0 5520.0 7100.0 11040.0 5920.0 10640.0 9460.0 9060.0 2380.0 10240.0 7100.0 12620.0 3940.0 7100.0 9060.0 13000.0 13000.0 400.0 12620.0 11820.0 12220.0 9060.0 5920.0 9860.0 13000.0 7880.0 14180.0 9460.0 7880.0 3160.0 7100.0 12620.0 10640.0 11820.0 12220.0 8680.0 13800.0 10240.0 11040.0 8680.0 9060.0 7100.0 6700.0
0.0 9460.0 9860.0 7500.0 9060.0 7880.0 5920.0 9860.0 7500.0 13400.0 12620.0 5920.0 14980.0 5520.0 9860.0 8680.0 10240.0 8280.0 9860.0 3560.0 11040.0 5920.0 11820.0 5520.0 11820.0 11420.0 9460.0 11040.0 0.0 7880.0 11040.0 8680.0 9860.0 5120.0 12620.0 13400.0 8280.0 10240.0 9060.0 6700.0 7100.0 11040.0 11040.0 6700.0 11420.0 2380.0 7880.0 13000.0 13800.0 10640.0 7500.0 13000.0 11040.0 5520.0 7500.0 9860.0 10240.0 14580.0 10640.0 9860.0 6320.0 8280.0 9460.0 8680.0 9860.0 11420.0 7880.0 3160.0 9860.0 11040.0 8680.0 9060.0 14180.0 1200.0 14180.0 7500.0 13000.0 9060.0 5920.0 9460.0 11420.0
0.0 5920.0 10640.0 5120.0 10640.0 8280.0 11040.0 7500.0 15760.0 9860.0 11420.0 12620.0 11420.0 9460.0 2380.0 7500.0 10640.0 5120.0 7880.0 10640.0 12220.0 11420.0 10640.0 8680.0 11820.0 11420.0 5920.0 10240.0 11040.0 0.0 9860.0 7880.0 8680.0 12620.0 14180.0 7100.0 8680.0 14180.0 9060.0 8280.0 6700.0 10240.0 8680.0 10240.0 11420.0 9460.0 9460.0 12220.0 5920.0 9860.0 11040.0 11040.0 3160.0 13400.0 12220.0 7500.0 13400.0 11040.0 3940.0 10240.0 10240.0 5120.0 7100.0 8280.0 13000.0 13000.0 13000.0 9860.0 9860.0 7500.0 7880.0 14580.0 14980.0 12220.0 10640.0 8280.0 13000.0 8280.0 7500.0 7880.0 5920.0
0.0 11420.0 13800.0 9460.0 14180.0 11820.0 9460.0 11820.0 12220.0 11820.0 8680.0 12220.0 18520.0 9460.0 16160.0 12220.0 14180.0 12220.0 13400.0 7100.0 14580.0 9460.0 7500.0 9060.0 15360.0 14180.0 9860.0 14580.0 6320.0 13800.0 0.0 7880.0 9060.0 11420.0 14580.0 2760.0 12220.0 13000.0 12620.0 10240.0 11040.0 14580.0 11820.0 10240.0 14980.0 6320.0 11420.0 12220.0 15760.0 13800.0 11040.0 8280.0 15760.0 7500.0 11040.0 9460.0 13800.0 8680.0 12620.0 13800.0 12620.0 12220.0 11420.0 12220.0 13800.0 8280.0 14180.0 9460.0 14580.0 13000.0 8280.0 11040.0 14580.0 7500.0 15360.0 11420.0 9860.0 12620.0 9860.0 11420.0 12620.0
0.0 9460.0 7880.0 10240.0 11040.0 11040.0 9060.0 12620.0 14980.0 12620.0 11040.0 9460.0 13800.0 5920.0 13800.0 11820.0 13000.0 11820.0 14980.0 9860.0 10640.0 3940.0 9860.0 11820.0 10240.0 12620.0 13400.0 10240.0 9860.0 17340.0 9060.0 0.0 9460.0 12620.0 16540.0 11420.0 11040.0 15360.0 6700.0 9460.0 9860.0 9460.0 12620.0 6700.0 17340.0 11820.0 5920.0 5920.0 14580.0 8680.0 7880.0 11040.0 13800.0 12620.0 10640.0 10240.0 16160.0 15760.0 13400.0 12220.0 9860.0 14580.0 12220.0 10240.0 12620.0 12220.0 11420.0 6700.0 11820.0 11040.0 11820.0 6700.0 13800.0 10640.0 14180.0 10640.0 13800.0 12220.0 12220.0 11420.0 13400.0
0.0 14980.0 11420.0 15360.0 11820.0 8280.0 6320.0 13400.0 11040.0 10640.0 14180.0 13000.0 16540.0 9460.0 15760.0 9060.0 10640.0 9060.0 13400.0 7100.0 13800.0 7100.0 13400.0 9060.0 13400.0 14980.0 13000.0 11420.0 13000.0 14580.0 12220.0 9060.0 0.0 15760.0 17340.0 14580.0 14580.0 17720.0 10240.0 10240.0 11040.0 5920.0 14980.0 10240.0 14980.0 14580.0 9060.0 14980.0 14180.0 12220.0 11040.0 13800.0 14980.0 18520.0 7880.0 11420.0 15360.0 6700.0 11420.0 10240.0 9860.0 15360.0 17340.0 12220.0 18120.0 15360.0 11040.0 9860.0 13000.0 16160.0 12220.0 10240.0 16940.0 14180.0 15760.0 14180.0 16940.0 10640.0 9460.0 13400.0 13000.0
0.0 11820.0 14180.0 7880.0 4340.0 9860.0 10640.0 9860.0 7880.0 14980.0 8280.0 6700.0 15360.0 10640.0 14980.0 7880.0 12220.0 11820.0 14580.0 8280.0 16160.0 10640.0 7500.0 10240.0 12620.0 11820.0 13400.0 10240.0 5120.0 12620.0 9860.0 7880.0 7500.0 0.0 9860.0 8680.0 11040.0 11420.0 13800.0 9860.0 7880.0 11820.0 6320.0 11420.0 10240.0 7500.0 3160.0 11420.0 15360.0 13400.0 12220.0 8280.0 14580.0 10240.0 12220.0 9860.0 13800.0 13800.0 6320.0 11820.0 7100.0 11820.0 9860.0 4740.0 14180.0 14580.0 8680.0 3940.0 10240.0 11820.0 12620.0 13400.0 12220.0 5920.0 14980.0 11820.0 16160.0 9860.0 11040.0 11420.0 6700.0
0.0 10240.0 10240.0 9860.0 11820.0 9860.0 7880.0 11820.0 16540.0 12620.0 12620.0 8280.0 16160.0 7500.0 7100.0 10640.0 12220.0 9460.0 5920.0 5520.0 13000.0 7880.0 13800.0 7500.0 11040.0 5120.0 10240.0 13000.0 13400.0 4740.0 13000.0 7500.0 8680.0 15360.0 0.0 9860.0 10240.0 9860.0 7100.0 6320.0 9060.0 11820.0 10240.0 8680.0 13400.0 4340.0 9860.0 6700.0 10640.0 12620.0 9460.0 12220.0 7880.0 16160.0 9460.0 11820.0 16160.0 15360.0 8680.0 11820.0 8280.0 9460.0 11820.0 7500.0 11820.0 13800.0 10240.0 5120.0 14580.0 10240.0 10640.0 11040.0 16160.0 14180.0 13400.0 7880.0 15360.0 11040.0 7880.0 2760.0 10240.0
0.0 9460.0 11420.0 11420.0 11820.0 9460.0 7100.0 11420.0 9860.0 9460.0 6320.0 9860.0 16160.0 7100.0 13800.0 9860.0 11820.0 9860.0 11040.0 4740.0 12620.0 7100.0 5120.0 6700.0 13000.0 12620.0 7500.0 12220.0 3940.0 11820.0 10640.0 5520.0 11040.0 8680.0 13000.0 0.0 9860.0 10640.0 10240.0 7880.0 11040.0 12220.0 9460.0 7880.0 12620.0 3940.0 9060.0 11420.0 13400.0 11420.0 8680.0 5920.0 13800.0 9460.0 8680.0 7100.0 11420.0 6320.0 12220.0 11420.0 10240.0 9860.0 13400.0 9860.0 11040.0 5920.0 11820.0 7100.0 12220.0 11040.0 10240.0 9860.0 12220.0 5120.0 14180.0 9060.0 7500.0 10240.0 7100.0 9060.0 9860.0
0.0 8680.0 13800.0 10240.0 4340.0 15760.0 13800.0 9860.0 10640.0 7100.0 13000.0 11820.0 15360.0 13800.0 6700.0 7880.0 14980.0 9460.0 11420.0 12620.0 16160.0 11820.0 16540.0 10640.0 3560.0 12620.0 12620.0 10240.0 11820.0 9460.0 13000.0 8280.0 7500.0 11420.0 9860.0 14580.0 0.0 16540.0 12620.0 12620.0 11820.0 9860.0 11420.0 11420.0 10240.0 11420.0 12220.0 13800.0 7880.0 13000.0 13400.0 12620.0 7880.0 7880.0 14980.0 10240.0 12620.0 12620.0 13000.0 12620.0 12220.0 9460.0 12220.0 10240.0 9060.0 16940.0 13800.0 9060.0 11040.0 10240.0 11040.0 14580.0 17340.0 10240.0 11040.0 11420.0 18120.0 7880.0 12220.0 9860.0 10640.0
0.0 7100.0 11820.0 10640.0 8680.0 11420.0 13000.0 12620.0 11820.0 7880.0 12220.0 13000.0 9460.0 7100.0 9460.0 10640.0 14180.0 2760.0 10240.0 10640.0 11420.0 11820.0 11040.0 11040.0 7880.0 9460.0 9060.0 13400.0 10240.0 7880.0 3940.0 7880.0 9860.0 14980.0 14180.0 6320.0 12220.0 0.0 11420.0 6320.0 7100.0 11040.0 8280.0 3940.0 14580.0 9860.0 10240.0 3560.0 12220.0 11040.0 9060.0 9460.0 10640.0 11040.0 13400.0 8280.0 14580.0 11820.0 11420.0 9460.0 12620.0 2760.0 13000.0 7500.0 7500.0 9060.0 14980.0 10240.0 7880.0 8680.0 8680.0 14180.0 14180.0 11040.0 4740.0 9460.0 10640.0 9860.0 5520.0 9060.0 8680.0
0.0 11040.0 7500.0 11420.0 7880.0 4340.0 2380.0 12220.0 9860.0 5920.0 10640.0 6700.0 12620.0 5520.0 11820.0 5120.0 7100.0 5120.0 9460.0 3160.0 9860.0 3160.0 9460.0 5120.0 9860.0 11040.0 8680.0 7500.0 9460.0 11040.0 8280.0 5520.0 8680.0 11820.0 13800.0 10640.0 10640.0 13400.0 0.0 6320.0 7500.0 8680.0 11040.0 6320.0 11040.0 10640.0 5520.0 11040.0 13000.0 8280.0 7100.0 9860.0 10240.0 14580.0 3940.0 7500.0 11420.0 14980.0 7500.0 6320.0 6320.0 7880.0 13400.0 8280.0 16540.0 7100.0 8680.0 3940.0 9460.0 12620.0 8280.0 6320.0 11420.0 10240.0 11820.0 10240.0 8680.0 6700.0 5520.0 9460.0 9460.0
0.0 16940.0 15760.0 14980.0 14580.0 13000.0 11040.0 17340.0 13000.0 14580.0 16940.0 9060.0 19700.0 13000.0 16540.0 13800.0 14980.0 12220.0 15360.0 11040.0 15760.0 12220.0 17720.0 10240.0 17720.0 14580.0 16940.0 16160.0 7880.0 14180.0 15360.0 12220.0 13400.0 12620.0 9460.0 17720.0 15760.0 15760.0 9060.0 0.0 10240.0 14180.0 11820.0 14180.0 18920.0 9860.0 13800.0 16160.0 19700.0 16940.0 14980.0 14180.0 17340.0 13000.0 12620.0 16160.0 16940.0 13400.0 15360.0 13000.0 9460.0 15760.0 16940.0 16160.0 17340.0 15760.0 11040.0 6320.0 15360.0 18520.0 12620.0 14980.0 17720.0 8680.0 20480.0 13400.0 12220.0 12220.0 13400.0 12220.0 12620.0
0.0 15760.0 11420.0 18120.0 14580.0 11040.0 16540.0 16540.0 18120.0 19700.0 13800.0 12620.0 19300.0 13000.0 15360.0 11820.0 13800.0 17340.0 20480.0 13800.0 9060.0 15760.0 13000.0 14980.0 16940.0 18120.0 17340.0 14180.0 11820.0 18120.0 17340.0 12220.0 13400.0 16540.0 20480.0 16940.0 16540.0 18520.0 14580.0 16160.0 0.0 10640.0 13800.0 13800.0 20480.0 13800.0 8680.0 16540.0 14980.0 18520.0 9460.0 13800.0 14580.0 16940.0 17720.0 12220.0 18120.0 7880.0 18120.0 13000.0 12620.0 17340.0 18120.0 17340.0 20480.0 15760.0 14580.0 9460.0 16540.0 11820.0 12220.0 14580.0 12220.0 12620.0 14980.0 9060.0 15760.0 13400.0 15360.0 13800.0 14580.0
0.0 15360.0 10640.0 15360.0 9460.0 6320.0 11420.0 7880.0 14180.0 16540.0 12220.0 12620.0 14180.0 12220.0 18920.0 6700.0 8680.0 12220.0 18520.0 12220.0 16940.0 10640.0 15360.0 9860.0 11820.0 13800.0 14180.0 9060.0 9460.0 16940.0 13000.0 7100.0 10640.0 14180.0 15360.0 14180.0 12620.0 14580.0 13800.0 13000.0 9060.0 0.0 9460.0 12620.0 15760.0 11820.0 11420.0 12620.0 16160.0 13400.0 13000.0 11420.0 14180.0 14580.0 13000.0 9060.0 13000.0 16540.0 10640.0 8280.0 8280.0 13000.0 17340.0 12220.0 17340.0 13000.0 14580.0 9860.0 13000.0 15360.0 16160.0 13800.0 15360.0 10240.0 18520.0 16160.0 13800.0 8280.0 12620.0 14180.0 9860.0
0.0 9060.0 11040.0 12220.0 5520.0 12620.0 11820.0 9860.0 8680.0 9060.0 5120.0 11040.0 10240.0 8280.0 14180.0 2760.0 9460.0 7880.0 10640.0 5920.0 13400.0 6700.0 7500.0 7880.0 7880.0 12620.0 11040.0 5120.0 10240.0 13000.0 3940.0 3160.0 8280.0 10640.0 11420.0 6320.0 13400.0 5520.0 9860.0 9060.0 11820.0 9460.0 0.0 9060.0 11820.0 9860.0 7100.0 5520.0 12220.0 7880.0 9060.0 2380.0 13400.0 11040.0 13400.0 5120.0 8680.0 12220.0 11820.0 12620.0 11040.0 7880.0 11420.0 8680.0 8280.0 11820.0 8280.0 7880.0 10640.0 10640.0 11040.0 9860.0 6320.0 6700.0 9860.0 11820.0 13400.0 11420.0 8280.0 11040.0 800.0
0.0 9060.0 11420.0 14580.0 11420.0 12620.0 10640.0 8680.0 9860.0 7100.0 11420.0 9860.0 18520.0 13000.0 14580.0 13000.0 13000.0 12220.0 15760.0 11420.0 11820.0 11420.0 10640.0 7100.0 16160.0 10240.0 7100.0 15360.0 11820.0 15360.0 9860.0 11040.0 12620.0 14980.0 16940.0 12220.0 14180.0 11820.0 13800.0 13400.0 3160.0 9460.0 10240.0 0.0 14580.0 13000.0 6320.0 11820.0 11820.0 13400.0 12620.0 9460.0 9060.0 13800.0 12220.0 4340.0 12220.0 11040.0 15360.0 7100.0 10240.0 12220.0 16160.0 11420.0 16540.0 5520.0 12220.0 7100.0 10640.0 10640.0 11420.0 14580.0 14980.0 11820.0 12220.0 11820.0 7100.0 7500.0 13400.0 11420.0 11040.0
0.0 10640.0 8680.0 14580.0 9460.0 13400.0 12220.0 7500.0 7880.0 14580.0 8680.0 6700.0 16540.0 11820.0 7500.0 11420.0 12620.0 7100.0 12620.0 9860.0 5920.0 12220.0 13800.0 11820.0 13000.0 11820.0 4740.0 13800.0 12620.0 9860.0 12620.0 11820.0 9060.0 13800.0 14980.0 8680.0 14180.0 14180.0 9860.0 10640.0 11420.0 7880.0 9060.0 13000.0 0.0 8680.0 10240.0 13000.0 11040.0 8680.0 6700.0 11040.0 8280.0 18120.0 5920.0 9460.0 13800.0 13800.0 9460.0 11820.0 13800.0 9860.0 14980.0 11820.0 16160.0 14580.0 8680.0 11040.0 9860.0 8680.0 9460.0 11820.0 9060.0 9860.0 6700.0 6320.0 12620.0 9460.0 9860.0 7100.0 9460.0
0.0 12220.0 7880.0 9860.0 9060.0 5920.0 3560.0 11820.0 13800.0 11040.0 10640.0 9460.0 12620.0 3560.0 12220.0 6320.0 8280.0 6320.0 7500.0 1200.0 9060.0 3560.0 9860.0 3160.0 9460.0 11040.0 7500.0 8680.0 9460.0 11820.0 8680.0 6700.0 7500.0 12220.0 13800.0 11040.0 6320.0 11820.0 6700.0 4340.0 7500.0 9460.0 9060.0 4340.0 9060.0 0.0 5920.0 10640.0 14180.0 8680.0 5120.0 10640.0 13000.0 14180.0 5120.0 8680.0 13000.0 13000.0 8680.0 7880.0 9460.0 6320.0 11820.0 6700.0 7500.0 9460.0 11420.0 6700.0 11040.0 11820.0 6320.0 6700.0 12220.0 10640.0 13400.0 5520.0 11040.0 7880.0 3560.0 7500.0 9860.0
0.0 14180.0 11420.0 12220.0 10240.0 6700.0 11040.0 14180.0 10240.0 11820.0 5120.0 3940.0 14180.0 10640.0 14580.0 7100.0 9060.0 9060.0 16540.0 11040.0 13800.0 8280.0 4340.0 12620.0 11420.0 14180.0 13400.0 9860.0 9460.0 14580.0 9860.0 4740.0 11040.0 11420.0 15760.0 12220.0 7880.0 9860.0 11040.0 11820.0 5120.0 9060.0 11420.0 11420.0 12220.0 9860.0 0.0 10640.0 14180.0 10640.0 10640.0 5120.0 14180.0 14580.0 12620.0 9860.0 10640.0 12620.0 10240.0 8680.0 3940.0 8680.0 14180.0 8680.0 13800.0 12220.0 5920.0 1200.0 12620.0 11420.0 12220.0 10240.0 11420.0 7880.0 14580.0 9060.0 13800.0 6700.0 11420.0 8280.0 11820.0
0.0 3940.0 8680.0 7500.0 5120.0 12620.0 10240.0 9860.0 11820.0 13800.0 11040.0 13400.0 13400.0 10640.0 9060.0 8680.0 14980.0 11420.0 14580.0 8680.0 14980.0 11040.0 12220.0 10240.0 4740.0 14980.0 7880.0 11420.0 14180.0 11820.0 7880.0 9060.0 7100.0 12620.0 11040.0 10240.0 13400.0 12220.0 8280.0 9460.0 6700.0 10240.0 7100.0 11420.0 11420.0 7500.0 10240.0 0.0 9060.0 7880.0 10240.0 9060.0 8280.0 9460.0 10240.0 9860.0 14180.0 12620.0 10640.0 13000.0 12620.0 11820.0 9460.0 4340.0 14980.0 13000.0 14580.0 11040.0 14180.0 5120.0 5920.0 11420.0 13000.0 10640.0 8680.0 6320.0 14580.0 13000.0 11040.0 5920.0 7500.0
0.0 9860.0 11420.0 5520.0 10640.0 9060.0 7100.0 5120.0 13400.0 13800.0 10240.0 12620.0 14980.0 7100.0 6700.0 7500.0 11820.0 9460.0 11040.0 4740.0 12220.0 7100.0 11820.0 6700.0 12620.0 14180.0 10240.0 10240.0 10640.0 4740.0 7500.0 7880.0 5120.0 10640.0 14580.0 7100.0 9860.0 10240.0 10240.0 5520.0 7500.0 10640.0 5120.0 7880.0 12620.0 3560.0 9060.0 7880.0 0.0 11820.0 8680.0 7100.0 7880.0 14580.0 8680.0 7880.0 12220.0 5120.0 8280.0 10240.0 10640.0 9460.0 7880.0 2380.0 11040.0 12620.0 13000.0 9860.0 14180.0 9460.0 3940.0 10240.0 11040.0 8280.0 13000.0 8680.0 14180.0 10640.0 7100.0 1980.0 5520.0
0.0 14980.0 12220.0 15760.0 8280.0 9060.0 6700.0 14180.0 6700.0 11420.0 13400.0 13400.0 17340.0 9860.0 11420.0 9460.0 11420.0 9860.0 14180.0 7880.0 14580.0 7880.0 13800.0 9460.0 14180.0 10640.0 10240.0 12220.0 13800.0 15360.0 12220.0 9860.0 800.0 16540.0 13800.0 14580.0 14580.0 13800.0 8280.0 11040.0 11420.0 6700.0 8280.0 10640.0 14580.0 8280.0 9860.0 11820.0 14980.0 0.0 11820.0 10640.0 12620.0 17720.0 8280.0 12220.0 14180.0 7500.0 11820.0 10640.0 10640.0 14180.0 18120.0 13000.0 15760.0 14980.0 11820.0 10640.0 8680.0 16160.0 13000.0 11040.0 14580.0 14580.0 16540.0 10240.0 11040.0 9060.0 10240.0 11420.0 9060.0
0.0 10640.0 14980.0 14580.0 14180.0 14580.0 12620.0 15760.0 12220.0 14580.0 14180.0 13800.0 16160.0 10240.0 7100.0 12220.0 16940.0 9860.0 12620.0 13000.0 14980.0 13400.0 13000.0 13400.0 13400.0 9060.0 8280.0 14580.0 15760.0 15360.0 12620.0 12620.0 13800.0 17340.0 16160.0 15360.0 9860.0 9060.0 13800.0 9460.0 14180.0 11420.0 14180.0 11040.0 16160.0 11820.0 15360.0 10240.0 10640.0 14580.0 0.0 14180.0 7880.0 17720.0 13800.0 14580.0 14180.0 15760.0 17340.0 9060.0 13800.0 9860.0 16940.0 11420.0 16540.0 16160.0 15760.0 10640.0 7100.0 12220.0 12620.0 16540.0 18120.0 13800.0 12220.0 13000.0 16540.0 9460.0 8680.0 10240.0 14980.0
0.0 11420.0 11040.0 13000.0 13000.0 14180.0 12220.0 15360.0 11420.0 12620.0 6320.0 12620.0 14180.0 10240.0 14180.0 14180.0 14980.0 7500.0 14580.0 11420.0 13400.0 6700.0 5520.0 12620.0 12620.0 14180.0 13800.0 13000.0 11040.0 12620.0 4740.0 5920.0 6320.0 13000.0 17340.0 7100.0 15360.0 4740.0 9860.0 10640.0 11820.0 11820.0 12620.0 8680.0 13000.0 10240.0 9060.0 7880.0 12220.0 5520.0 12220.0 0.0 15360.0 11820.0 13800.0 13000.0 11820.0 12620.0 14580.0 14180.0 12620.0 7500.0 15360.0 9860.0 12220.0 12620.0 12620.0 9860.0 12220.0 13000.0 12620.0 9860.0 12620.0 9060.0 9460.0 13800.0 14180.0 10240.0 10240.0 9460.0 12220.0
0.0 2760.0 7880.0 8280.0 12620.0 11420.0 9460.0 7880.0 13000.0 12620.0 13000.0 12620.0 15760.0 9860.0 8280.0 9860.0 13800.0 10640.0 13400.0 7500.0 12620.0 9860.0 13000.0 5920.0 13000.0 12220.0 6700.0 10640.0 13400.0 7500.0 7100.0 9860.0 5920.0 13400.0 16540.0 9460.0 12620.0 13000.0 7100.0 7100.0 10240.0 9460.0 7880.0 10640.0 8680.0 6320.0 9060.0 9060.0 3160.0 6700.0 9460.0 9860.0 0.0 14180.0 9060.0 10640.0 13000.0 7880.0 11040.0 13000.0 12620.0 10640.0 10640.0 5120.0 13800.0 14180.0 14580.0 9860.0 15360.0 4340.0 5120.0 11420.0 13800.0 9460.0 7500.0 5120.0 15760.0 8280.0 9860.0 4740.0 8280.0
0.0 3940.0 9060.0 2380.0 8280.0 9460.0 10240.0 4340.0 6700.0 14180.0 11040.0 7100.0 15360.0 10240.0 9460.0 8680.0 11820.0 11820.0 13000.0 7880.0 9860.0 10240.0 10640.0 7100.0 13400.0 10640.0 8280.0 11040.0 11040.0 11820.0 8280.0 8680.0 7500.0 6320.0 7100.0 10640.0 9860.0 11040.0 8680.0 8680.0 3940.0 10640.0 5920.0 9460.0 14580.0 7100.0 6320.0 10640.0 9860.0 8280.0 10640.0 8280.0 8680.0 0.0 10640.0 4340.0 14580.0 11420.0 5520.0 10640.0 7500.0 12220.0 4340.0 9860.0 13800.0 12220.0 9060.0 4340.0 9060.0 5520.0 6320.0 11420.0 11820.0 2380.0 9060.0 6700.0 13800.0 10240.0 9060.0 5120.0 6700.0
0.0 11820.0 12620.0 10240.0 10240.0 7880.0 10640.0 12220.0 15760.0 14980.0 14180.0 9860.0 13800.0 10240.0 8280.0 7500.0 10240.0 1580.0 13800.0 8280.0 10240.0 10640.0 13400.0 9860.0 11820.0 16540.0 7500.0 9860.0 12220.0 7100.0 12620.0 7880.0 8680.0 14580.0 14180.0 14180.0 8680.0 12620.0 13400.0 4740.0 11820.0 9860.0 9460.0 11040.0 16160.0 7100.0 11820.0 13400.0 11820.0 12620.0 11040.0 7880.0 9060.0 16160.0 0.0 9860.0 13400.0 14980.0 3940.0 9860.0 14180.0 9860.0 12220.0 6700.0 13000.0 16540.0 11820.0 11040.0 14980.0 13000.0 13400.0 13000.0 13400.0 10640.0 16160.0 10640.0 14980.0 10240.0 3940.0 9860.0 5520.0
0.0 13000.0 12620.0 14180.0 10240.0 8680.0 12220.0 4740.0 12220.0 13800.0 7100.0 5920.0 16160.0 12220.0 12220.0 8680.0 11040.0 11040.0 16160.0 9860.0 9860.0 10240.0 6320.0 3160.0 13400.0 8680.0 12620.0 11040.0 7880.0 15360.0 9860.0 6700.0 12220.0 11040.0 16160.0 12220.0 9860.0 9860.0 13000.0 9860.0 7100.0 11040.0 5920.0 13000.0 14180.0 9060.0 2380.0 10240.0 16160.0 12620.0 10640.0 7100.0 13400.0 13000.0 13800.0 0.0 12620.0 13000.0 12220.0 9060.0 5920.0 11040.0 13800.0 11040.0 14180.0 14180.0 7880.0 3160.0 7100.0 12620.0 13400.0 11820.0 12220.0 8680.0 14580.0 10240.0 15760.0 8680.0 9060.0 7100.0 6700.0
0.0 7500.0 5920.0 11420.0 8280.0 9460.0 7500.0 9060.0 6320.0 11040.0 4740.0 9460.0 15360.0 8280.0 6320.0 10240.0 11820.0 8680.0 11420.0 7880.0 11040.0 8280.0 11420.0 9860.0 11420.0 10240.0 11820.0 10640.0 10240.0 8680.0 11820.0 10240.0 3940.0 11420.0 5920.0 11040.0 13400.0 11820.0 5120.0 11040.0 8280.0 7100.0 10240.0 9060.0 11420.0 9860.0 7100.0 7100.0 7880.0 11820.0 6320.0 7500.0 5120.0 15360.0 9060.0 9060.0 0.0 10640.0 9860.0 5120.0 9460.0 8680.0 8680.0 8280.0 13400.0 12220.0 11420.0 6700.0 8680.0 2380.0 3160.0 7100.0 11040.0 7500.0 5520.0 3160.0 13800.0 5120.0 10640.0 8280.0 11040.0
0.0 8280.0 13400.0 13000.0 11040.0 11040.0 8680.0 12620.0 14180.0 15360.0 9060.0 9860.0 16940.0 11820.0 11820.0 11420.0 13400.0 10240.0 16160.0 9860.0 15360.0 9860.0 15760.0 11420.0 15760.0 14980.0 10640.0 14180.0 13800.0 11820.0 12620.0 11820.0 11420.0 13800.0 16160.0 11420.0 14580.0 13400.0 12620.0 11420.0 11040.0 7880.0 12220.0 12620.0 15760.0 11040.0 11820.0 13000.0 7500.0 12220.0 13800.0 11420.0 12620.0 16940.0 10240.0 11420.0 10640.0 0.0 13800.0 5520.0 10240.0 10240.0 14980.0 9860.0 17720.0 17340.0 11820.0 7100.0 15360.0 9860.0 10640.0 13000.0 15360.0 9860.0 13000.0 10640.0 18920.0 5520.0 12220.0 9460.0 13000.0
0.0 13400.0 9060.0 14180.0 6700.0 4340.0 9460.0 11040.0 12220.0 11820.0 13400.0 10640.0 11420.0 9860.0 11420.0 3940.0 6700.0 10240.0 11820.0 10640.0 14580.0 7880.0 12620.0 9060.0 8280.0 14980.0 7500.0 6320.0 12220.0 14180.0 12220.0 4340.0 4740.0 14580.0 12620.0 12220.0 4740.0 12620.0 11040.0 4740.0 11420.0 8680.0 12220.0 10640.0 13000.0 14180.0 8280.0 9860.0 12620.0 10640.0 10240.0 7880.0 12620.0 12620.0 11040.0 6320.0 9860.0 11420.0 0.0 6320.0 11040.0 11420.0 16160.0 14180.0 9460.0 15360.0 9460.0 7880.0 13400.0 11820.0 12620.0 11040.0 14180.0 10640.0 13000.0 9460.0 14580.0 6700.0 13000.0 12620.0 1980.0
0.0 12620.0 8680.0 12620.0 9060.0 5520.0 3560.0 10240.0 11420.0 9860.0 9860.0 4740.0 11420.0 6700.0 11420.0 6320.0 7880.0 5120.0 10640.0 4340.0 11040.0 4340.0 10640.0 6320.0 10240.0 11820.0 10240.0 8680.0 8280.0 10640.0 9460.0 6320.0 9060.0 8280.0 11040.0 6320.0 11820.0 11420.0 7500.0 6320.0 5920.0 2380.0 11420.0 7500.0 12220.0 9860.0 6320.0 12220.0 9060.0 9460.0 8280.0 11040.0 10240.0 13800.0 5120.0 8680.0 5120.0 12220.0 8680.0 0.0 4740.0 5120.0 13800.0 9460.0 15360.0 11820.0 6700.0 1980.0 9860.0 7500.0 8280.0 7500.0 14180.0 4740.0 10640.0 8280.0 13400.0 400.0 6700.0 7880.0 10240.0
0.0 12220.0 10640.0 15760.0 12220.0 11040.0 9460.0 10640.0 14580.0 11040.0 9860.0 8280.0 15360.0 12620.0 14980.0 10640.0 11040.0 12220.0 16540.0 10240.0 9860.0 10240.0 8680.0 12220.0 14180.0 13800.0 14180.0 11820.0 11040.0 18120.0 14180.0 9060.0 14180.0 13800.0 18120.0 16540.0 12220.0 14180.0 7500.0 11420.0 1200.0 11820.0 11820.0 13400.0 14180.0 9460.0 4740.0 14980.0 15760.0 14980.0 10640.0 9460.0 15360.0 16540.0 11040.0 11820.0 14980.0 8680.0 11420.0 13000.0 0.0 13400.0 10240.0 12620.0 16940.0 13400.0 7100.0 5520.0 14580.0 12620.0 13400.0 8280.0 13000.0 12220.0 15760.0 10240.0 14980.0 11420.0 12620.0 7880.0 12620.0
0.0 10640.0 11820.0 8680.0 12620.0 9060.0 10240.0 11040.0 14980.0 5120.0 11820.0 11420.0 6700.0 4740.0 7100.0 9460.0 11420.0 400.0 12220.0 10240.0 9060.0 11420.0 11040.0 9860.0 12620.0 6700.0 6320.0 12220.0 11040.0 5920.0 10240.0 9860.0 11820.0 13800.0 13000.0 12620.0 9860.0 10640.0 10640.0 3560.0 8280.0 8680.0 8280.0 5520.0 16160.0 9460.0 11420.0 8280.0 10640.0 11420.0 6320.0 6700.0 7880.0 16160.0 11820.0 9460.0 12220.0 15360.0 9460.0 7100.0 10240.0 0.0 11040.0 5520.0 16160.0 10640.0 13400.0 8680.0 5120.0 11820.0 12620.0 11820.0 12220.0 9860.0 14980.0 9060.0 12220.0 7100.0 2760.0 7880.0 8680.0
0.0 2380.0 7100.0 11040.0 7100.0 5520.0 8680.0 400.0 10240.0 10640.0 6700.0 10640.0 11420.0 9460.0 7500.0 4340.0 7880.0 9860.0 12220.0 7500.0 11040.0 8280.0 9060.0 9460.0 9460.0 13000.0 6320.0 6700.0 10240.0 10240.0 5520.0 4740.0 5520.0 12220.0 13000.0 7880.0 5920.0 7100.0 6700.0 4740.0 2760.0 8280.0 1980.0 10240.0 13400.0 9060.0 8680.0 7100.0 5520.0 6320.0 8680.0 3940.0 6700.0 12620.0 8680.0 6700.0 10240.0 10240.0 1200.0 7500.0 10640.0 9460.0 0.0 7880.0 9860.0 13400.0 8680.0 7880.0 12620.0 3560.0 4340.0 7500.0 7880.0 8280.0 7100.0 4740.0 14980.0 6320.0 4740.0 7500.0 2380.0
0.0 7500.0 11040.0 3560.0 8280.0 10640.0 12220.0 5520.0 11040.0 11820.0 7880.0 10240.0 13000.0 7100.0 11420.0 5520.0 12220.0 10640.0 13400.0 4740.0 11820.0 7500.0 10240.0 6700.0 10240.0 14180.0 11040.0 7880.0 13000.0 13400.0 6700.0 5520.0 9060.0 8280.0 13400.0 9060.0 11040.0 7880.0 10240.0 8280.0 5120.0 11040.0 2760.0 7880.0 12620.0 12620.0 7500.0 8280.0 11040.0 10240.0 9060.0 5120.0 10240.0 12220.0 13800.0 5520.0 9860.0 12620.0 6320.0 9060.0 8680.0 10640.0 5520.0 0.0 10640.0 13000.0 10640.0 7500.0 12620.0 7500.0 8280.0 10240.0 8680.0 9460.0 10640.0 8280.0 14580.0 9060.0 7500.0 11040.0 3560.0
0.0 11040.0 10640.0 10240.0 11820.0 8280.0 6320.0 12620.0 10640.0 9460.0 12620.0 8680.0 16540.0 8680.0 7880.0 8680.0 10640.0 9060.0 2760.0 6320.0 13800.0 7100.0 11820.0 8280.0 13800.0 14580.0 12220.0 11420.0 3160.0 10640.0 12220.0 9060.0 3160.0 7880.0 15360.0 6700.0 11420.0 13000.0 3940.0 9460.0 8680.0 8680.0 11420.0 9460.0 12220.0 5120.0 9060.0 12220.0 11420.0 11820.0 10240.0 12620.0 8680.0 8280.0 7500.0 11420.0 13000.0 9860.0 11040.0 10240.0 7500.0 10240.0 12620.0 10640.0 0.0 11040.0 10640.0 5920.0 12620.0 7100.0 7880.0 10240.0 15360.0 3940.0 10640.0 8280.0 12620.0 10240.0 8680.0 12620.0 12220.0
0.0 3940.0 9060.0 9460.0 6320.0 9460.0 10640.0 11420.0 4340.0 3940.0 10240.0 6700.0 14580.0 11420.0 9460.0 9460.0 7880.0 10240.0 14580.0 11040.0 14980.0 11040.0 9460.0 11040.0 13000.0 7100.0 1580.0 11820.0 14580.0 11820.0 8280.0 9060.0 7100.0 14580.0 11820.0 10640.0 12220.0 9060.0 8280.0 9460.0 11040.0 8680.0 12620.0 12220.0 9060.0 9860.0 10240.0 8680.0 11040.0 7880.0 10640.0 4340.0 8280.0 8680.0 9060.0 8280.0 11420.0 12620.0 11040.0 8680.0 12620.0 11420.0 11040.0 11420.0 14980.0 0.0 8680.0 10240.0 6700.0 5520.0 6320.0 12620.0 15360.0 10640.0 8680.0 6320.0 1580.0 8680.0 8680.0 8280.0 7500.0
0.0 10240.0 6320.0 9860.0 8680.0 5120.0 5520.0 11040.0 10640.0 10240.0 13400.0 10240.0 8680.0 8680.0 11420.0 5520.0 3940.0 8280.0 12620.0 6320.0 8280.0 6320.0 12620.0 8280.0 9060.0 10240.0 7880.0 6700.0 7500.0 14180.0 10240.0 5920.0 7100.0 10240.0 14180.0 11820.0 8280.0 14580.0 9460.0 9460.0 8680.0 7880.0 9460.0 9460.0 14180.0 9460.0 8680.0 10240.0 13400.0 11420.0 8680.0 10640.0 12220.0 12620.0 7100.0 6700.0 11040.0 13800.0 10640.0 5920.0 10640.0 10640.0 11820.0 6700.0 16940.0 6320.0 0.0 7500.0 13000.0 11040.0 7880.0 4740.0 11420.0 8280.0 14180.0 8280.0 7880.0 5920.0 8680.0 11420.0 9860.0
0.0 14980.0 10640.0 14580.0 13400.0 9860.0 10240.0 13400.0 15360.0 11040.0 12620.0 3160.0 13400.0 13400.0 16160.0 10640.0 9060.0 12220.0 17340.0 11040.0 13000.0 11420.0 11820.0 13000.0 14180.0 14980.0 12620.0 11420.0 8680.0 14580.0 13400.0 8680.0 10240.0 13400.0 16540.0 15760.0 13400.0 9860.0 10240.0 13800.0 4340.0 8280.0 14180.0 13400.0 17340.0 10640.0 7500.0 13000.0 13400.0 16160.0 9860.0 11820.0 15360.0 13800.0 11820.0 11420.0 11040.0 11820.0 9460.0 10640.0 3160.0 12220.0 13400.0 11420.0 15760.0 11420.0 5120.0 0.0 14580.0 13000.0 13000.0 9460.0 16160.0 9460.0 14180.0 8280.0 12620.0 5920.0 13800.0 11040.0 11040.0
0.0 6320.0 7880.0 10640.0 8280.0 7500.0 5520.0 12220.0 12220.0 11820.0 7100.0 6700.0 13400.0 7880.0 8280.0 8280.0 9860.0 7100.0 12220.0 5920.0 13000.0 6320.0 5920.0 7500.0 7880.0 1980.0 10240.0 10640.0 10240.0 12620.0 9460.0 6700.0 9860.0 10240.0 13000.0 8280.0 10640.0 5920.0 9460.0 6700.0 7880.0 4340.0 10240.0 8680.0 13800.0 4740.0 8280.0 3160.0 10640.0 10640.0 9860.0 7100.0 9460.0 12620.0 6700.0 10640.0 7100.0 14180.0 10640.0 1980.0 6700.0 7100.0 12620.0 7500.0 12220.0 11040.0 8680.0 3560.0 0.0 7880.0 8680.0 9460.0 13400.0 6700.0 10240.0 9060.0 12220.0 2380.0 8280.0 3160.0 10640.0
0.0 5520.0 3560.0 11420.0 10240.0 7500.0 5120.0 6700.0 11040.0 8680.0 10240.0 8680.0 13400.0 5920.0 3940.0 7880.0 9860.0 6700.0 9460.0 5920.0 11040.0 6320.0 9060.0 7880.0 9460.0 10240.0 9460.0 10640.0 10240.0 6700.0 9860.0 8280.0 1980.0 9460.0 15760.0 9060.0 11420.0 12620.0 3160.0 9060.0 5920.0 5120.0 8280.0 7100.0 11420.0 9460.0 5120.0 5120.0 5920.0 9860.0 5520.0 10240.0 3160.0 14580.0 6700.0 10640.0 11040.0 8680.0 7500.0 9460.0 8680.0 6700.0 6700.0 7880.0 16160.0 10240.0 10640.0 5920.0 11820.0 0.0 800.0 7500.0 14180.0 5520.0 3560.0 1200.0 11820.0 9460.0 8280.0 7500.0 8680.0
0.0 7880.0 12620.0 11820.0 9460.0 7880.0 7500.0 5920.0 11820.0 11820.0 12620.0 9460.0 15760.0 5120.0 13400.0 8280.0 10240.0 10240.0 14580.0 8280.0 14180.0 8280.0 14580.0 10240.0 8680.0 15760.0 11820.0 11040.0 13400.0 15360.0 11040.0 8680.0 1200.0 8680.0 14980.0 13400.0 10640.0 12620.0 11040.0 10240.0 5520.0 7100.0 7500.0 6320.0 15760.0 11420.0 10240.0 4340.0 11420.0 11820.0 7100.0 9860.0 12220.0 13800.0 8680.0 10240.0 14980.0 7880.0 6700.0 9860.0 9860.0 14580.0 5920.0 8680.0 15360.0 11420.0 11420.0 6700.0 14180.0 9460.0 0.0 11420.0 13400.0 4740.0 12620.0 10240.0 13000.0 9860.0 10640.0 9860.0 8280.0
0.0 9460.0 6700.0 10240.0 6700.0 10640.0 8680.0 7880.0 10640.0 14580.0 10640.0 8680.0 8680.0 8680.0 7100.0 10240.0 10240.0 9460.0 12220.0 6320.0 3940.0 8680.0 9860.0 6700.0 6320.0 5920.0 11820.0 3560.0 3160.0 10640.0 12220.0 10240.0 8280.0 5920.0 12620.0 11820.0 11420.0 13000.0 9460.0 7880.0 9060.0 5520.0 8680.0 9460.0 13000.0 5120.0 5920.0 7500.0 10640.0 13400.0 4340.0 10640.0 7880.0 8280.0 10240.0 3560.0 13000.0 12620.0 8680.0 12620.0 9060.0 9460.0 7500.0 10240.0 12620.0 13000.0 11040.0 5920.0 10640.0 6700.0 7100.0 0.0 7100.0 3940.0 9860.0 3940.0 10640.0 11820.0 8680.0 7100.0 9060.0
0.0 9860.0 5520.0 11820.0 8680.0 11420.0 11420.0 14180.0 12620.0 13800.0 7880.0 5520.0 15760.0 9860.0 14180.0 12220.0 3560.0 13000.0 15360.0 7880.0 12220.0 10240.0 11820.0 9860.0 11040.0 14980.0 9460.0 14180.0 9460.0 17340.0 9460.0 11420.0 11420.0 4740.0 14180.0 11820.0 7880.0 12220.0 13000.0 6700.0 6700.0 7100.0 10640.0 7880.0 14980.0 7880.0 7500.0 14580.0 13000.0 14180.0 11820.0 10640.0 14580.0 14980.0 13000.0 12220.0 13400.0 14580.0 9060.0 13400.0 5920.0 13000.0 14180.0 8680.0 15360.0 9860.0 7500.0 2760.0 13400.0 11420.0 10640.0 12220.0 0.0 800.0 14980.0 10640.0 11040.0 8680.0 5920.0 11820.0 10640.0
0.0 15760.0 12620.0 11420.0 7880.0 11820.0 12220.0 13800.0 11820.0 13000.0 12220.0 5120.0 15360.0 14580.0 13400.0 11420.0 11040.0 14580.0 18520.0 12220.0 14980.0 13400.0 11040.0 14180.0 16160.0 14180.0 14180.0 13400.0 9060.0 16540.0 13800.0 10640.0 11420.0 3940.0 13800.0 12620.0 14980.0 11820.0 12220.0 13400.0 6320.0 10240.0 9860.0 7500.0 14180.0 11040.0 7100.0 14980.0 15360.0 16540.0 11820.0 12220.0 14580.0 14180.0 13800.0 11420.0 13000.0 13800.0 10240.0 12620.0 5120.0 14180.0 13800.0 8280.0 17720.0 12620.0 7100.0 2380.0 12620.0 14980.0 14980.0 11420.0 16160.0 0.0 16160.0 10240.0 11820.0 7880.0 14580.0 13000.0 10640.0
0.0 9060.0 13800.0 8280.0 12220.0 11040.0 11420.0 9860.0 15760.0 13000.0 12620.0 8280.0 14580.0 9060.0 5520.0 10640.0 13800.0 8280.0 11040.0 11820.0 13000.0 12220.0 13800.0 11820.0 11420.0 10240.0 9060.0 13000.0 12620.0 3160.0 13000.0 11040.0 5120.0 12620.0 17340.0 10240.0 8280.0 14180.0 12220.0 11420.0 9460.0 11040.0 11420.0 10240.0 14580.0 10640.0 12620.0 8280.0 9060.0 13000.0 11040.0 13800.0 6320.0 15760.0 12620.0 10640.0 15760.0 7500.0 7100.0 10640.0 8680.0 8280.0 9860.0 11420.0 16160.0 15360.0 10640.0 5520.0 8680.0 10240.0 3940.0 9460.0 16160.0 8680.0 0.0 11420.0 16160.0 10640.0 10640.0 11040.0 8680.0
0.0 7100.0 2760.0 10640.0 11820.0 10240.0 12620.0 11820.0 10240.0 14980.0 9060.0 7500.0 15360.0 7100.0 12620.0 10640.0 12620.0 12620.0 17720.0 5120.0 12220.0 7500.0 8280.0 6700.0 14980.0 9060.0 11040.0 13400.0 11820.0 14980.0 11420.0 8680.0 10240.0 15360.0 17340.0 7880.0 11820.0 11820.0 10240.0 8280.0 5120.0 4340.0 12620.0 7880.0 13000.0 11040.0 3940.0 10640.0 14180.0 11420.0 9060.0 9060.0 11420.0 16940.0 13800.0 12220.0 14580.0 13000.0 13800.0 12220.0 7880.0 12620.0 13000.0 10240.0 15360.0 13400.0 9460.0 4740.0 12220.0 8680.0 9460.0 10240.0 15360.0 11420.0 11820.0 0.0 14980.0 10640.0 7500.0 10240.0 13400.0
0.0 8280.0 8280.0 7880.0 4740.0 7880.0 10240.0 9860.0 2760.0 14980.0 11820.0 5120.0 15360.0 11420.0 13400.0 8280.0 6320.0 9060.0 15760.0 9460.0 13400.0 11420.0 11040.0 11420.0 11420.0 5520.0 10640.0 10640.0 14580.0 13000.0 12620.0 8280.0 7880.0 13000.0 10240.0 13000.0 10640.0 10640.0 12620.0 7880.0 9460.0 7100.0 11040.0 12620.0 10640.0 8280.0 10240.0 7100.0 14980.0 12220.0 13400.0 11820.0 12620.0 7100.0 7500.0 10240.0 12220.0 14580.0 9460.0 7100.0 11820.0 11820.0 9460.0 9860.0 15760.0 11040.0 7100.0 8680.0 5120.0 9860.0 9060.0 11420.0 13800.0 9460.0 10240.0 6700.0 0.0 7100.0 7100.0 6700.0 11040.0
0.0 12620.0 10640.0 14180.0 11040.0 8280.0 11420.0 9860.0 11420.0 12220.0 9860.0 4340.0 13800.0 11420.0 11040.0 8680.0 10240.0 7100.0 16540.0 10640.0 14180.0 12220.0 13000.0 12220.0 10240.0 13800.0 13400.0 11420.0 8280.0 13000.0 14980.0 9060.0 9060.0 13000.0 10640.0 15360.0 14580.0 11040.0 10240.0 10640.0 5520.0 2380.0 11420.0 9860.0 16540.0 9460.0 9060.0 12220.0 8680.0 15360.0 11420.0 12220.0 10240.0 13400.0 13000.0 11420.0 5120.0 13400.0 10640.0 9860.0 4740.0 7100.0 13400.0 11040.0 16940.0 12620.0 6320.0 1580.0 12220.0 7100.0 7880.0 11040.0 15760.0 9060.0 10640.0 8280.0 14180.0 0.0 9860.0 7880.0 12220.0
0.0 10240.0 9060.0 6320.0 11040.0 11820.0 11040.0 8280.0 13800.0 11820.0 10640.0 9860.0 9860.0 9860.0 13000.0 8280.0 12620.0 13000.0 14980.0 7500.0 6320.0 10240.0 13000.0 9460.0 13000.0 15360.0 3940.0 10640.0 8680.0 14980.0 9460.0 8280.0 9460.0 11040.0 10240.0 11820.0 13800.0 10640.0 9460.0 800.0 7880.0 5920.0 5520.0 10640.0 15760.0 7880.0 10240.0 11040.0 13800.0 8680.0 7100.0 7880.0 11820.0 13800.0 12620.0 8280.0 12620.0 14180.0 9460.0 11820.0 10240.0 13400.0 8280.0 3160.0 13400.0 13800.0 11820.0 7100.0 14180.0 9060.0 9860.0 13000.0 9460.0 9460.0 12620.0 6700.0 13000.0 11820.0 0.0 5920.0 6320.0
0.0 12220.0 9460.0 8280.0 11040.0 7500.0 5520.0 10640.0 14180.0 13000.0 10240.0 11040.0 14180.0 5120.0 13800.0 7880.0 9860.0 7880.0 9460.0 3160.0 10640.0 5520.0 11420.0 4740.0 11420.0 12620.0 9060.0 10640.0 11420.0 13400.0 10640.0 8280.0 9460.0 13000.0 13400.0 13000.0 7880.0 13000.0 8280.0 3940.0 9060.0 11040.0 7500.0 5920.0 11040.0 1980.0 7500.0 12220.0 15760.0 10240.0 7100.0 9860.0 14980.0 15760.0 6700.0 10240.0 14580.0 14580.0 10240.0 9460.0 11420.0 7880.0 10240.0 5120.0 9460.0 11420.0 13000.0 8280.0 12620.0 12220.0 8280.0 8280.0 13800.0 12220.0 14980.0 7100.0 13000.0 9460.0 5520.0 0.0 8280.0
0.0 11820.0 10240.0 12620.0 5120.0 11820.0 11040.0 9060.0 11420.0 14580.0 11820.0 10240.0 9860.0 8280.0 13400.0 1980.0 11420.0 14180.0 10240.0 12220.0 12620.0 5920.0 10640.0 7500.0 7100.0 13000.0 10240.0 4740.0 10240.0 14180.0 11040.0 2380.0 8280.0 14580.0 10640.0 13400.0 13400.0 11820.0 9060.0 9460.0 11420.0 8680.0 10640.0 9060.0 11040.0 12620.0 6700.0 8280.0 11420.0 8680.0 8280.0 7100.0 13000.0 14180.0 12620.0 4740.0 7880.0 14980.0 15360.0 13000.0 10240.0 14180.0 14580.0 12220.0 7500.0 13800.0 7500.0 7500.0 11420.0 10240.0 11040.0 9060.0 15760.0 11420.0 11040.0 11040.0 15360.0 10640.0 13800.0 11820.0 0.0
