80 4
89 589 751 8 4
90 263 489 2 3
64 795 977 8 10
48 547 777 2 7
91 479 655 7 6
70 780 994 10 7
1 350 548 2 4
36 327 519 2 8
85 274 480 9 2
4 793 1031 7 10
72 678 888 6 7
28 213 409 9 8
34 828 1000 4 8
62 563 773 2 2
26 348 558 6 1
13 729 905 1 1
63 787 989 2 8
49 684 908 8 8
9 260 448 8 9
13 294 506 4 7
36 235 439 5 5
25 531 769 9 4
48 447 647 8 2
60 435 667 4 2
15 791 969 4 9
88 338 578 6 9
80 309 489 3 3
92 425 603 1 10
2 830 1004 5 2
9 754 926 5 7
73 797 993 9 4
77 454 646 2 10
83 400 620 7 5
44 794 984 6 7
81 338 572 2 5
70 227 451 6 3
63 780 1004 10 5
95 726 914 10 3
19 612 852 8 7
34 375 543 9 3
53 233 447 9 7
39 794 988 8 10
62 479 699 3 5
41 702 862 10 1
73 699 891 2 9
69 661 899 4 9
90 376 602 9 2
23 802 978 2 8
48 202 432 2 1
65 500 684 10 10
43 377 583 1 1
45 796 1020 2 10
25 673 863 1 3
66 649 821 8 6
86 348 526 7 6
74 355 517 6 10
49 413 585 8 4
62 693 903 5 3
65 787 967 10 8
96 686 868 5 10
11 813 999 6 7
44 386 624 3 7
34 209 427 6 10
12 378 578 1 8
4 574 776 6 4
46 670 864 3 10
98 784 984 10 7
62 299 517 8 9
57 774 1010 7 4
66 318 486 2 10
16 690 882 9 9
36 296 532 3 3
73 660 840 6 1
37 528 732 9 3
78 758 986 2 8
39 680 856 6 4
74 820 988 5 10
16 436 596 2 7
69 396 630 9 10
11 329 535 8 3
SETUP
0 10 14 32 28 22 18 30 29 30 9 17 28 25 18 14 12 27 19 26 27 24 24 20 24 28 31 18 20 27 25 25 23 31 28 24 31 24 28 8 19 28 23 22 21 28 11 24 32 8 39 12 16 8 17 21 17 14 33 24 14 27 13 17 14 19 24 21 24 19 35 15 20 32 23 20 16 16 14 25 18
0 0 13 28 26 33 25 20 24 22 21 33 20 22 23 4 18 33 13 20 25 15 15 16 23 24 32 10 10 22 15 20 15 22 28 22 22 19 18 20 30 22 16 16 17 35 23 23 23 20 29 4 28 20 18 21 8 14 32 14 30 23 19 21 26 10 35 27 15 20 29 28 14 31 28 31 21 21 7 22 23
0 22 0 20 23 28 22 23 19 21 27 33 31 24 14 26 13 23 20 22 31 25 24 8 21 15 31 21 23 15 22 22 22 29 27 24 32 26 16 22 23 17 18 21 10 33 29 11 30 30 34 25 25 28 5 31 18 1 27 12 29 25 14 14 26 19 28 29 13 13 28 23 20 38 26 33 16 15 8 14 25
0 29 40 0 28 8 30 25 24 25 24 27 29 14 25 23 17 28 25 25 34 29 23 19 32 29 26 19 19 26 20 29 24 27 38 28 39 28 27 22 30 22 22 25 21 34 25 30 28 22 44 13 29 22 16 11 26 6 32 16 35 27 19 23 31 30 31 35 24 22 36 25 23 40 10 34 21 14 13 25 30
0 14 26 29 0 35 14 18 18 30 22 36 22 13 24 7 26 34 26 28 20 17 26 17 24 26 29 20 23 24 17 30 25 24 21 27 30 5 11 22 32 27 25 25 19 39 24 22 25 22 32 14 8 21 15 31 10 27 24 21 22 20 16 15 28 23 31 19 22 21 34 28 24 34 25 33 28 24 17 23 9
0 21 34 23 20 0 23 18 16 23 18 22 25 7 18 15 29 29 28 25 36 25 15 11 25 24 19 24 11 18 12 25 28 22 30 27 34 24 19 16 27 14 23 24 13 36 19 22 20 16 37 20 25 16 9 6 18 23 24 15 27 28 19 18 23 22 26 29 16 16 28 26 29 34 2 28 25 16 14 17 26
0 19 27 36 22 22 0 22 23 31 10 37 28 25 19 22 21 36 22 28 27 24 23 24 26 31 31 18 20 22 32 26 23 27 26 24 32 26 16 8 19 30 24 20 26 28 11 27 32 8 33 12 28 8 26 27 17 27 40 24 25 25 18 17 31 26 24 21 12 24 36 24 22 32 11 20 24 25 15 34 25
0 16 29 37 19 21 6 0 28 15 15 34 31 25 24 20 26 32 22 33 32 18 28 24 31 9 25 24 25 26 16 29 28 29 31 24 36 23 21 13 24 34 21 25 26 29 16 5 24 13 38 17 26 13 22 26 22 28 43 7 30 22 14 13 27 23 29 26 17 19 41 29 27 37 16 25 29 28 20 31 27
0 27 35 39 27 37 29 23 0 32 23 37 23 29 32 30 29 38 29 31 35 26 17 27 26 32 13 22 33 23 28 23 26 30 25 28 21 27 17 34 31 32 27 22 29 34 25 28 36 36 35 15 9 23 29 28 19 18 42 27 29 26 25 25 29 27 13 33 14 31 25 27 24 35 25 45 29 25 18 25 10
0 22 24 27 26 35 21 23 23 0 30 33 26 10 17 26 23 28 8 26 30 14 14 15 24 27 26 16 12 12 30 25 20 18 27 10 28 27 16 29 26 24 6 22 17 40 9 23 33 29 28 9 29 28 8 27 14 13 34 16 24 25 10 17 19 15 31 32 20 15 32 25 20 33 31 32 26 17 12 17 27
0 16 18 27 20 35 24 25 23 26 0 33 19 16 10 19 17 31 16 19 24 15 15 15 17 22 22 9 21 22 23 19 14 24 30 15 27 22 23 27 24 21 15 15 17 27 2 28 28 32 32 3 27 29 17 20 8 18 31 24 17 23 18 26 25 25 27 12 20 19 28 20 13 31 22 34 20 20 6 25 28
0 26 18 28 30 31 24 27 24 27 25 0 34 12 2 25 21 23 12 30 30 25 28 16 9 24 28 25 24 23 24 18 29 15 24 11 16 29 20 26 16 25 26 29 18 34 27 21 26 26 42 18 31 26 14 19 18 18 26 22 29 28 20 19 22 27 8 16 21 20 20 11 28 41 15 28 24 12 17 18 32
0 28 40 41 29 46 32 43 39 22 41 46 0 32 38 31 45 38 29 40 44 31 36 28 34 43 26 37 34 25 42 18 42 39 42 31 42 33 37 26 46 38 28 24 30 25 30 42 49 39 48 31 36 39 29 30 35 35 43 38 36 42 26 38 24 29 46 41 33 32 51 41 38 41 43 37 43 36 26 38 37
0 15 27 17 20 25 25 20 16 29 24 29 27 0 12 19 31 22 22 22 31 22 21 5 19 29 16 18 24 12 29 19 22 29 24 21 29 23 13 30 21 14 18 18 7 30 26 25 35 30 31 19 25 25 2 27 15 22 24 23 26 22 12 11 23 16 26 26 10 10 22 20 26 30 23 38 22 12 21 11 26
0 25 16 27 29 30 22 26 23 31 24 29 35 11 0 29 20 22 11 32 29 24 29 15 8 25 27 28 25 22 33 27 32 34 23 10 25 28 19 30 14 24 28 28 17 32 25 27 24 30 41 26 29 24 12 23 17 16 25 28 27 27 19 18 20 26 18 15 20 19 29 10 27 40 31 27 23 11 23 17 31
0 7 20 27 33 30 22 17 31 26 17 30 17 29 19 0 24 36 19 27 31 11 21 22 26 25 29 17 17 19 11 27 21 18 35 29 29 15 25 16 27 29 19 23 24 36 19 21 19 16 26 11 35 16 17 28 4 20 39 21 32 29 19 18 32 16 32 28 21 23 31 29 21 33 26 27 28 26 13 18 30
0 32 30 37 21 26 19 23 18 19 27 33 35 23 14 28 0 20 8 15 19 24 24 25 21 30 30 28 26 22 31 14 32 21 27 23 23 26 16 27 21 16 21 10 17 39 27 26 23 27 34 26 21 25 5 31 24 14 26 21 29 24 2 14 15 24 26 24 27 7 36 17 8 26 27 32 4 15 21 14 13
0 16 29 31 24 8 22 25 21 22 26 30 33 15 17 20 18 0 24 32 22 27 23 19 24 30 27 26 19 26 20 17 31 24 33 27 38 18 27 24 26 19 28 13 20 39 27 26 26 24 21 20 26 6 8 14 24 27 29 18 22 17 15 14 23 26 31 23 24 8 36 27 11 29 10 36 7 18 22 17 18
0 31 37 34 32 34 17 16 16 28 26 40 38 17 27 31 18 27 0 26 36 33 30 21 31 24 28 34 28 29 31 23 27 25 19 16 36 19 9 25 36 28 22 27 23 34 28 20 33 25 44 29 24 21 19 24 30 6 32 19 21 18 19 26 30 32 29 27 25 14 32 34 25 43 28 25 21 28 13 27 26
0 21 33 31 28 24 17 12 12 24 16 36 34 27 23 25 25 32 22 0 30 25 29 18 27 20 24 25 31 15 27 20 29 21 15 29 32 15 5 15 26 28 29 23 20 35 18 16 34 15 44 18 21 10 29 29 23 13 38 15 17 14 23 22 26 19 25 23 23 23 28 32 25 34 26 22 28 32 20 36 22
0 28 33 31 24 31 17 12 13 12 18 37 35 22 19 25 30 29 19 37 0 25 25 26 26 21 25 27 21 23 25 25 32 22 16 21 28 16 6 17 28 33 18 24 28 22 20 17 5 17 40 21 21 17 19 36 25 25 39 16 18 15 21 22 31 27 25 24 26 16 29 29 25 38 12 29 32 26 23 28 8
0 33 35 44 37 45 40 35 37 26 43 19 36 30 20 37 34 37 31 37 41 0 32 32 27 40 41 27 36 38 35 36 31 34 43 30 34 31 39 44 31 38 32 33 34 51 20 39 20 44 50 20 38 34 32 38 25 36 34 31 34 30 35 37 37 41 27 35 37 37 38 30 31 22 26 35 38 31 23 37 40
0 29 41 40 20 34 32 27 32 36 27 33 41 32 32 26 20 26 27 29 36 28 0 36 37 35 37 36 29 35 31 30 29 36 37 31 31 24 29 29 18 30 25 27 35 29 29 32 39 35 46 30 27 31 23 38 21 8 31 32 27 32 21 31 34 20 23 38 25 22 33 14 25 43 35 37 21 15 15 31 29
0 19 31 13 15 20 21 16 12 24 28 34 23 20 25 21 29 18 25 17 27 18 17 0 26 24 24 13 20 8 26 15 18 25 19 25 24 19 9 26 19 10 14 14 2 26 30 20 31 28 27 22 20 21 16 23 11 18 20 19 21 18 25 24 18 11 24 27 6 5 32 15 22 32 19 37 18 16 20 24 22
0 18 9 20 22 28 15 19 16 24 24 32 30 4 15 22 21 25 4 25 22 20 24 8 0 18 20 21 27 15 30 22 25 27 23 3 32 21 12 23 24 17 21 21 10 33 26 20 17 23 34 22 23 23 5 16 18 9 18 21 20 20 15 14 13 19 29 8 13 13 25 23 21 33 24 28 17 15 16 14 25
0 34 36 28 27 36 31 31 27 23 23 42 36 30 22 33 38 33 21 33 42 33 24 16 27 0 25 28 19 23 37 30 19 20 34 29 39 15 24 8 33 25 29 23 17 38 24 26 39 39 42 25 22 30 30 31 26 26 35 15 31 13 22 21 34 27 38 34 21 20 42 30 35 42 34 19 33 31 21 39 23
0 36 40 42 25 39 23 34 22 25 32 37 42 34 26 32 28 36 32 37 23 21 28 30 31 34 0 32 33 27 41 18 37 25 38 33 41 30 28 31 35 20 31 14 21 43 33 30 27 31 38 34 30 31 19 44 32 33 30 31 40 37 17 27 24 30 34 38 31 23 44 31 12 30 27 42 17 19 33 27 29
0 22 22 33 35 40 27 22 28 27 25 36 10 16 27 26 33 33 16 20 34 17 24 20 13 14 32 0 22 27 30 27 5 28 34 15 39 25 24 21 30 30 16 33 22 35 27 27 30 28 38 24 18 28 18 28 14 22 30 25 33 24 14 27 26 31 32 20 25 20 19 26 32 38 36 30 29 27 7 26 20
0 30 36 39 17 35 29 27 28 13 32 32 38 23 25 23 24 30 20 33 29 26 5 27 32 28 33 28 0 24 22 24 33 28 38 22 34 21 27 33 23 26 19 21 22 33 21 32 30 35 41 22 24 30 16 39 22 12 36 4 32 21 12 11 25 21 28 35 26 17 38 18 18 23 36 41 14 19 19 24 25
0 22 35 16 19 24 24 19 15 28 32 30 26 12 23 25 32 21 23 21 20 11 20 4 29 19 27 17 23 0 30 18 21 22 23 28 17 23 12 26 23 13 17 17 6 29 30 24 24 32 30 20 23 24 14 26 14 21 23 23 25 21 24 23 22 4 28 22 9 9 34 19 22 33 22 31 21 19 22 23 16
0 22 32 37 24 27 11 6 26 15 20 21 37 25 22 26 31 38 22 35 38 24 28 29 29 15 18 29 24 26 0 35 33 26 37 24 36 20 26 19 30 38 21 28 31 34 22 11 8 19 43 23 31 19 23 32 27 28 46 12 35 18 19 18 32 29 28 31 23 25 40 32 30 43 15 20 35 29 25 29 33
0 33 26 36 28 36 24 34 32 26 23 45 37 20 31 34 30 39 20 41 38 29 38 24 17 31 35 27 37 31 28 0 26 32 39 19 45 26 28 22 33 32 32 15 26 41 25 27 34 22 39 26 32 22 22 32 31 26 34 26 26 25 31 31 7 35 38 24 29 29 41 39 33 46 34 34 33 31 28 30 34
0 18 17 28 30 36 23 21 24 29 25 36 28 11 22 22 29 28 12 16 30 17 20 16 8 26 27 26 18 23 26 25 0 23 30 11 37 21 20 24 29 25 12 29 18 33 27 26 25 23 34 20 14 24 13 24 10 17 26 21 28 19 10 22 21 27 34 16 21 16 33 25 27 39 32 35 24 23 2 22 15
0 17 18 29 19 31 23 18 19 16 25 31 36 12 2 21 20 23 12 20 31 25 29 16 9 10 28 27 26 24 17 28 28 0 22 11 27 22 11 17 16 26 22 30 18 30 23 6 25 31 42 20 27 23 14 24 18 9 26 7 24 21 15 14 22 24 19 16 22 20 31 12 28 41 31 28 24 12 16 19 22
0 12 18 32 32 16 27 31 28 32 33 38 32 15 26 16 29 31 16 32 21 24 27 20 12 28 31 22 22 27 27 28 27 34 0 15 34 31 24 32 35 29 28 28 22 43 35 28 26 31 41 16 22 2 17 21 20 18 30 26 18 32 27 26 25 22 40 18 25 19 37 34 26 26 17 40 27 27 19 26 23
0 16 27 18 20 26 13 17 14 27 22 30 28 1 12 20 19 23 2 23 32 17 22 6 19 25 17 19 25 13 30 20 23 25 20 0 30 19 10 21 21 15 19 19 8 31 24 21 34 21 32 19 22 21 3 25 16 7 25 19 22 17 13 12 24 17 26 27 11 10 23 20 26 30 24 26 22 13 14 12 24
0 15 27 27 27 35 24 25 23 26 26 37 19 22 26 18 17 29 22 19 24 26 15 15 19 23 34 10 21 22 29 3 14 26 34 21 0 24 23 25 32 21 15 15 17 37 28 29 28 24 32 3 27 24 17 20 22 23 31 24 28 23 18 26 9 24 25 27 20 16 28 29 13 31 33 35 20 20 6 25 29
0 34 40 51 30 48 40 35 35 32 32 51 44 34 41 35 42 49 34 24 47 39 40 38 31 38 29 35 40 36 45 28 23 44 39 33 26 0 28 38 48 45 34 35 31 51 34 40 32 38 51 28 34 34 34 45 32 36 48 39 40 37 32 43 34 40 48 28 40 38 42 43 37 51 39 46 33 44 25 43 36
0 23 28 43 23 26 12 7 8 19 21 32 30 26 18 23 33 27 17 34 31 25 24 30 23 16 20 29 31 29 23 26 31 17 11 25 28 11 0 20 31 28 25 19 23 36 23 12 31 20 42 22 16 12 27 32 26 23 34 11 13 10 18 17 31 28 20 19 21 24 24 28 20 36 23 32 27 27 25 32 18
0 33 46 50 39 37 43 48 42 35 38 44 47 34 32 35 32 47 33 46 42 40 27 38 39 42 50 37 22 35 44 37 42 41 49 41 39 38 41 0 26 40 41 34 40 51 40 38 32 43 51 36 43 23 36 42 38 34 50 26 24 42 33 33 44 38 31 47 43 39 35 40 32 45 38 12 35 39 39 44 36
0 27 36 39 35 16 27 32 32 24 19 37 32 22 28 30 29 31 31 28 36 33 28 27 32 36 34 22 26 34 28 15 26 35 36 30 13 33 25 18 0 30 24 28 28 38 21 37 35 18 45 16 37 18 24 20 26 35 36 30 33 31 19 27 22 31 6 30 32 25 17 19 26 41 17 19 33 20 14 33 34
0 19 28 35 6 25 19 14 2 28 25 39 23 18 29 12 31 17 22 28 26 22 19 23 19 23 14 23 29 25 23 14 28 29 27 21 22 10 16 23 30 0 29 23 24 23 27 19 30 27 36 17 11 23 20 29 15 20 10 20 28 26 21 20 9 26 15 25 15 4 24 26 25 37 26 35 24 26 20 26 12
0 23 27 38 22 33 33 30 17 19 24 30 40 21 11 27 28 26 21 31 35 32 8 26 18 21 28 33 6 29 27 27 32 12 33 20 33 23 23 28 20 28 0 26 27 35 26 18 35 30 22 26 26 30 2 33 28 16 35 10 32 21 12 11 13 27 25 26 30 18 37 21 24 29 25 37 20 11 23 11 27
0 26 35 38 20 31 9 31 19 11 18 33 36 21 28 19 30 34 18 36 36 14 25 25 35 36 31 26 23 22 30 31 31 28 35 20 39 24 24 17 28 17 17 0 27 37 19 34 29 17 24 20 27 17 19 36 18 24 27 27 33 34 20 26 26 26 32 30 21 21 41 33 30 36 20 29 33 28 23 25 28
0 23 33 22 24 27 25 20 20 28 27 32 21 18 23 27 29 19 24 16 25 16 20 9 24 24 32 12 18 6 30 24 16 24 23 23 22 24 13 30 17 19 12 18 0 30 28 25 30 30 31 25 29 25 14 32 15 25 28 22 25 22 24 23 25 10 22 27 10 14 30 13 22 30 23 36 18 14 18 22 21
0 22 33 33 9 37 22 26 26 27 23 29 30 16 18 15 32 31 16 34 28 25 27 20 25 21 32 28 23 28 25 27 33 28 30 15 35 13 19 1 26 30 30 30 22 0 25 17 32 30 40 22 16 23 18 39 18 22 33 18 25 21 23 22 31 31 31 27 25 19 35 22 32 16 33 12 36 11 20 26 17
0 14 16 25 18 33 22 23 21 24 31 32 17 20 23 18 15 30 21 17 22 13 13 13 20 21 27 8 19 20 22 17 12 22 32 20 26 20 21 28 30 19 13 13 15 35 0 26 26 30 30 1 25 27 15 18 6 16 29 22 15 21 16 24 23 23 34 27 18 18 27 27 11 29 30 33 18 18 4 23 26
0 12 24 32 14 32 22 17 31 10 26 30 31 20 26 15 29 27 17 31 34 23 24 19 31 4 29 21 21 21 11 24 23 24 35 19 31 18 24 11 28 29 16 27 21 24 18 0 19 29 38 15 21 27 18 25 19 23 38 2 28 17 9 8 22 18 33 33 23 15 37 24 25 40 26 23 32 23 18 26 23
0 27 31 34 24 41 28 29 18 7 34 33 30 17 15 20 30 35 14 32 37 21 20 22 22 27 22 23 16 18 30 31 27 18 33 16 34 12 23 34 29 31 13 20 23 39 15 23 0 35 35 16 26 35 15 33 21 20 39 12 30 10 16 18 26 22 30 29 27 22 39 25 26 39 7 26 30 21 19 23 28
0 11 19 28 21 14 10 26 24 27 2 31 20 17 11 15 13 29 18 21 20 16 16 16 18 23 24 11 21 23 25 20 15 25 20 17 24 21 24 1 11 23 16 17 18 21 4 29 24 0 34 4 20 1 18 20 9 20 32 21 17 20 11 10 24 20 16 13 21 16 28 21 15 24 16 12 17 21 7 27 17
0 29 28 39 24 36 34 31 21 29 31 30 21 22 12 30 24 28 22 32 40 32 4 27 19 36 31 34 32 30 29 25 33 26 35 21 25 21 29 33 22 19 28 29 28 32 28 32 36 34 0 28 29 34 24 25 25 12 29 21 31 19 10 9 23 24 18 27 26 16 29 18 29 39 38 38 25 18 19 9 30
0 29 28 25 24 32 22 22 20 23 30 35 17 20 23 30 14 30 20 17 21 23 13 12 19 20 32 7 18 19 36 16 11 23 31 19 36 22 21 28 29 19 13 13 14 34 32 27 26 29 34 0 25 27 14 18 21 20 29 21 29 20 16 23 23 23 33 27 17 17 26 26 11 28 30 32 18 18 3 23 26
0 25 26 31 19 28 28 23 19 29 15 35 14 20 23 25 20 36 21 23 27 29 19 18 17 27 31 13 25 20 20 22 17 22 17 20 35 23 27 34 29 25 19 19 20 39 17 27 27 35 41 7 0 14 20 24 22 26 35 27 31 26 22 24 29 24 31 25 23 23 32 25 17 27 30 38 24 16 9 24 2
0 11 23 37 34 14 35 31 30 31 31 36 30 21 26 15 28 30 23 31 20 25 25 25 33 34 33 21 21 32 25 27 25 32 35 33 33 29 25 30 40 28 26 26 27 41 33 34 24 30 40 14 20 0 23 20 18 24 38 25 17 34 29 31 33 20 40 38 25 17 40 35 24 24 16 42 32 30 17 31 22
0 34 25 36 32 31 31 35 28 29 22 28 39 20 10 38 29 24 20 41 34 33 28 24 17 34 31 31 24 30 30 26 36 27 32 19 31 21 28 28 19 27 29 29 26 34 24 32 33 28 43 25 25 28 0 32 26 25 34 21 36 20 10 9 23 34 24 24 29 16 35 19 33 39 33 36 31 10 28 9 27
0 34 34 45 30 41 40 35 35 26 41 17 47 28 18 35 37 33 29 36 42 39 18 33 25 19 35 38 14 37 33 23 37 17 38 28 29 33 28 26 32 40 32 34 35 39 34 23 41 42 51 31 37 39 29 0 35 25 43 18 40 32 25 24 29 34 21 33 38 31 33 28 32 37 32 37 28 29 30 35 38
0 8 21 36 34 41 27 22 32 30 29 26 28 30 26 12 25 39 21 28 32 7 23 24 31 30 34 18 18 30 16 28 23 27 36 30 30 27 26 28 35 30 16 24 25 43 27 26 24 27 37 12 36 28 17 29 0 22 40 22 38 31 27 26 29 18 34 35 23 28 37 36 22 29 31 36 29 27 15 26 31
0 33 38 41 27 30 31 26 25 30 36 44 38 24 26 34 12 23 20 21 30 32 25 28 29 35 36 33 23 29 40 25 21 28 33 23 35 26 23 34 33 23 17 22 29 40 38 31 35 35 39 30 24 28 17 36 25 0 33 26 34 24 14 26 26 33 37 36 20 19 46 28 20 37 28 43 16 26 7 26 25
0 30 29 30 24 33 32 29 24 34 20 40 13 26 28 30 26 41 26 28 32 30 24 24 23 32 10 18 28 25 25 27 23 27 22 25 39 28 32 38 34 29 24 23 25 38 22 33 33 40 46 12 6 19 26 29 27 29 0 32 36 31 27 30 33 29 36 30 29 28 37 30 21 32 35 43 27 22 15 29 7
0 26 32 35 13 31 26 30 30 9 33 28 34 19 25 19 31 26 16 34 33 22 23 23 31 32 29 24 21 20 27 23 29 24 34 18 30 17 23 31 27 32 15 27 25 31 17 30 35 32 37 18 20 26 16 35 22 22 37 0 32 17 8 7 21 17 32 31 22 13 36 23 28 42 33 40 33 24 20 25 21
0 18 30 37 21 20 19 27 18 21 27 20 28 25 21 11 26 33 28 32 18 21 23 26 26 30 30 27 27 23 21 14 19 20 34 29 35 25 23 26 31 16 27 10 17 39 29 26 20 26 34 21 26 26 27 25 14 29 26 27 0 30 28 29 20 26 27 34 26 20 39 26 8 25 22 38 30 15 21 28 26
0 24 25 35 14 33 19 23 24 10 28 30 35 19 9 20 25 28 8 25 34 24 24 23 16 17 12 25 22 19 24 24 24 8 27 18 27 2 16 24 23 27 16 10 14 33 18 13 32 26 34 19 21 26 18 31 24 14 33 2 26 0 9 8 22 19 26 24 23 15 37 19 24 41 29 32 29 20 21 26 23
0 30 32 36 38 27 34 34 35 37 29 34 33 22 30 34 36 19 22 41 37 29 27 24 23 37 38 32 25 20 38 16 32 31 35 21 32 33 31 27 20 33 19 29 26 38 31 34 40 34 40 26 19 24 21 32 22 28 33 29 32 31 0 30 13 24 25 31 29 6 35 15 27 35 28 38 25 16 28 29 21
0 31 33 37 24 28 29 26 34 20 27 22 34 23 19 30 35 20 18 35 38 24 28 25 24 27 22 33 26 21 21 17 33 18 36 22 33 12 27 25 21 34 20 20 24 25 28 23 29 25 41 26 20 25 22 33 23 24 34 12 33 11 1 0 14 25 26 32 30 7 36 16 28 36 29 36 26 17 29 30 22
0 28 19 29 32 37 25 29 26 28 34 38 40 13 24 30 31 35 14 35 32 29 34 18 10 25 29 31 36 25 31 32 19 26 32 13 42 20 22 32 33 27 31 28 20 35 36 21 27 33 44 31 26 33 15 25 28 19 28 20 19 19 25 24 0 29 38 18 23 22 35 32 27 42 34 38 26 25 21 24 27
0 19 31 31 31 35 20 15 16 24 30 36 32 27 20 22 30 28 25 32 21 18 16 19 27 15 28 22 28 15 26 16 27 18 19 29 13 19 9 22 33 28 26 13 20 26 31 20 25 28 26 16 24 21 24 33 11 21 38 19 21 18 27 26 22 0 28 18 6 15 32 29 26 39 19 33 23 24 19 33 26
0 22 35 35 34 34 32 28 31 19 27 32 27 26 29 26 24 26 26 23 31 28 23 22 27 31 37 17 25 30 36 10 21 30 34 25 8 28 27 32 18 29 19 23 24 36 27 33 34 32 40 11 33 29 20 15 21 30 31 28 36 26 14 29 17 29 0 34 27 20 12 14 21 38 32 37 28 15 9 29 34
0 28 34 38 15 31 24 29 23 24 32 32 36 27 19 21 20 30 27 34 23 29 28 26 26 11 30 33 29 28 31 19 29 25 34 28 38 19 25 18 25 21 29 15 22 41 32 31 28 32 39 28 22 32 10 36 24 33 28 25 13 23 20 19 25 31 30 0 31 17 41 21 13 30 32 27 9 19 31 19 20
0 14 26 26 26 30 15 10 11 19 25 31 33 22 21 17 27 31 20 31 29 13 11 14 26 19 23 23 23 10 21 28 28 20 14 28 27 14 4 21 29 23 21 8 15 21 26 15 29 23 21 17 19 16 22 34 6 16 33 14 16 13 22 21 32 14 23 22 0 18 27 25 24 34 14 32 30 19 18 30 21
0 29 35 44 35 21 32 29 31 34 33 41 46 27 30 33 31 13 30 41 32 35 36 32 26 38 39 37 32 36 33 10 35 34 44 29 38 31 37 32 26 29 37 23 30 44 35 34 36 32 34 33 39 19 21 26 28 35 39 27 35 29 28 27 17 38 31 34 37 0 41 22 21 39 23 43 20 22 27 30 31
0 22 31 34 33 27 28 30 23 8 21 26 33 18 24 26 30 19 15 33 32 21 21 22 31 32 31 23 19 19 30 24 27 25 23 17 24 34 23 29 12 29 14 29 24 30 16 29 34 29 31 17 27 18 15 22 14 21 25 23 31 32 17 24 26 18 17 32 23 16 0 7 27 40 21 30 26 8 19 24 28
0 15 28 40 31 20 31 28 33 27 14 19 31 26 21 19 29 12 27 32 25 14 19 28 28 27 24 23 15 35 23 17 27 34 23 28 17 30 29 22 5 31 23 25 30 23 16 32 27 22 33 16 20 18 20 24 7 27 18 19 30 28 23 25 23 24 10 25 29 9 20 0 23 36 22 23 19 1 19 29 21
0 24 28 31 14 33 11 22 10 13 20 26 30 22 14 20 32 25 20 25 11 16 16 18 19 22 22 21 21 15 29 6 25 13 26 21 30 18 16 19 23 8 19 3 10 31 21 18 16 19 26 22 19 19 21 34 20 21 18 20 28 25 22 26 12 19 23 27 19 12 32 19 0 18 22 31 27 7 22 27 18
0 26 18 29 24 31 24 22 25 31 25 18 36 12 2 30 21 23 12 18 31 25 22 16 9 26 28 28 20 24 34 28 33 25 24 11 27 23 20 31 16 26 14 29 18 34 27 27 26 31 36 27 31 26 14 24 18 18 26 23 29 21 20 19 15 27 19 16 21 20 31 12 29 0 32 28 24 12 4 19 32
0 20 33 39 26 40 34 29 37 22 27 26 23 32 27 13 33 32 29 40 38 24 14 35 34 37 37 30 10 31 24 30 34 31 38 31 41 28 30 29 30 35 28 30 31 42 29 34 32 29 38 23 33 29 25 40 17 22 43 13 26 30 21 20 34 29 34 38 27 22 43 26 27 32 0 40 23 14 26 31 34
0 41 50 51 41 30 37 43 38 38 33 36 46 36 34 45 20 40 28 35 38 41 42 41 41 50 49 36 41 42 42 30 41 40 47 35 27 41 36 32 15 36 38 29 37 51 35 46 43 32 51 30 41 32 25 34 34 33 46 41 48 44 22 34 35 41 20 44 43 27 31 33 28 35 32 0 24 34 29 34 33
0 28 27 35 18 22 15 26 14 15 24 29 34 21 11 24 11 22 19 26 15 20 20 23 18 26 26 25 25 19 29 10 29 17 26 20 32 22 20 23 20 12 21 7 14 35 23 22 20 23 31 24 23 23 2 27 24 24 22 18 32 21 12 11 17 23 25 21 23 9 36 21 5 22 24 35 0 11 26 10 12
0 27 30 40 30 29 37 36 35 27 13 19 32 28 20 31 29 21 29 32 25 26 19 27 27 26 23 22 14 34 34 16 26 33 35 28 29 35 30 33 16 34 28 28 29 34 15 39 27 33 42 15 31 26 29 33 19 26 29 18 30 35 26 25 23 35 21 24 32 8 31 12 26 37 30 35 27 0 18 37 32
0 32 36 34 31 38 25 19 26 27 29 39 44 17 21 35 35 35 17 14 43 33 18 22 28 28 29 34 16 28 35 33 39 21 29 16 35 19 18 27 30 31 10 27 23 45 31 24 43 28 32 32 34 24 11 41 28 23 41 19 27 17 21 20 23 32 35 35 25 26 39 30 34 38 35 36 30 21 0 20 35
0 31 33 37 25 28 29 27 34 21 27 22 35 23 20 31 30 20 19 36 39 24 28 25 25 28 23 27 26 22 21 17 31 18 37 22 33 12 27 25 21 34 20 20 25 25 20 24 29 25 37 20 21 25 22 33 24 20 34 12 34 11 2 1 15 25 26 32 30 7 36 17 28 30 30 37 27 17 23 0 22
0 25 32 46 17 29 27 22 35 33 36 38 38 29 39 23 39 41 30 45 34 34 39 34 27 31 36 35 35 41 18 36 39 41 15 29 34 22 28 35 38 43 32 41 36 50 38 27 26 35 49 29 24 15 31 34 27 27 41 28 31 36 23 31 36 34 43 33 39 28 51 34 39 38 30 38 41 34 31 40 0
SETUP_COST
0.0 200.0 280.0 640.0 560.0 440.0 360.0 600.0 580.0 600.0 180.0 340.0 560.0 500.0 360.0 280.0 240.0 540.0 380.0 520.0 540.0 480.0 480.0 400.0 480.0 560.0 620.0 360.0 400.0 540.0 500.0 500.0 460.0 620.0 560.0 480.0 620.0 480.0 560.0 160.0 380.0 560.0 460.0 440.0 420.0 560.0 220.0 480.0 640.0 160.0 780.0 240.0 320.0 160.0 340.0 420.0 340.0 280.0 660.0 480.0 280.0 540.0 260.0 340.0 280.0 380.0 480.0 420.0 480.0 380.0 700.0 300.0 400.0 640.0 460.0 400.0 320.0 320.0 280.0 500.0 360.0
0.0 0.0 260.0 560.0 520.0 660.0 500.0 400.0 480.0 440.0 420.0 660.0 400.0 440.0 460.0 80.0 360.0 660.0 260.0 400.0 500.0 300.0 300.0 320.0 460.0 480.0 640.0 200.0 200.0 440.0 300.0 400.0 300.0 440.0 560.0 440.0 440.0 380.0 360.0 400.0 600.0 440.0 320.0 320.0 340.0 700.0 460.0 460.0 460.0 400.0 580.0 80.0 560.0 400.0 360.0 420.0 160.0 280.0 640.0 280.0 600.0 460.0 380.0 420.0 520.0 200.0 700.0 540.0 300.0 400.0 580.0 560.0 280.0 620.0 560.0 620.0 420.0 420.0 140.0 440.0 460.0
0.0 440.0 0.0 400.0 460.0 560.0 440.0 460.0 380.0 420.0 540.0 660.0 620.0 480.0 280.0 520.0 260.0 460.0 400.0 440.0 620.0 500.0 480.0 160.0 420.0 300.0 620.0 420.0 460.0 300.0 440.0 440.0 440.0 580.0 540.0 480.0 640.0 520.0 320.0 440.0 460.0 340.0 360.0 420.0 200.0 660.0 580.0 220.0 600.0 600.0 680.0 500.0 500.0 560.0 100.0 620.0 360.0 20.0 540.0 240.0 580.0 500.0 280.0 280.0 520.0 380.0 560.0 580.0 260.0 260.0 560.0 460.0 400.0 760.0 520.0 660.0 320.0 300.0 160.0 280.0 500.0
0.0 580.0 800.0 0.0 560.0 160.0 600.0 500.0 480.0 500.0 480.0 540.0 580.0 280.0 500.0 460.0 340.0 560.0 500.0 500.0 680.0 580.0 460.0 380.0 640.0 580.0 520.0 380.0 380.0 520.0 400.0 580.0 480.0 540.0 760.0 560.0 780.0 560.0 540.0 440.0 600.0 440.0 440.0 500.0 420.0 680.0 500.0 600.0 560.0 440.0 880.0 260.0 580.0 440.0 320.0 220.0 520.0 120.0 640.0 320.0 700.0 540.0 380.0 460.0 620.0 600.0 620.0 700.0 480.0 440.0 720.0 500.0 460.0 800.0 200.0 680.0 420.0 280.0 260.0 500.0 600.0
0.0 280.0 520.0 580.0 0.0 700.0 280.0 360.0 360.0 600.0 440.0 720.0 440.0 260.0 480.0 140.0 520.0 680.0 520.0 560.0 400.0 340.0 520.0 340.0 480.0 520.0 580.0 400.0 460.0 480.0 340.0 600.0 500.0 480.0 420.0 540.0 600.0 100.0 220.0 440.0 640.0 540.0 500.0 500.0 380.0 780.0 480.0 440.0 500.0 440.0 640.0 280.0 160.0 420.0 300.0 620.0 200.0 540.0 480.0 420.0 440.0 400.0 320.0 300.0 560.0 460.0 620.0 380.0 440.0 420.0 680.0 560.0 480.0 680.0 500.0 660.0 560.0 480.0 340.0 460.0 180.0
0.0 420.0 680.0 460.0 400.0 0.0 460.0 360.0 320.0 460.0 360.0 440.0 500.0 140.0 360.0 300.0 580.0 580.0 560.0 500.0 720.0 500.0 300.0 220.0 500.0 480.0 380.0 480.0 220.0 360.0 240.0 500.0 560.0 440.0 600.0 540.0 680.0 480.0 380.0 320.0 540.0 280.0 460.0 480.0 260.0 720.0 380.0 440.0 400.0 320.0 740.0 400.0 500.0 320.0 180.0 120.0 360.0 460.0 480.0 300.0 540.0 560.0 380.0 360.0 460.0 440.0 520.0 580.0 320.0 320.0 560.0 520.0 580.0 680.0 40.0 560.0 500.0 320.0 280.0 340.0 520.0
0.0 380.0 540.0 720.0 440.0 440.0 0.0 440.0 460.0 620.0 200.0 740.0 560.0 500.0 380.0 440.0 420.0 720.0 440.0 560.0 540.0 480.0 460.0 480.0 520.0 620.0 620.0 360.0 400.0 440.0 640.0 520.0 460.0 540.0 520.0 480.0 640.0 520.0 320.0 160.0 380.0 600.0 480.0 400.0 520.0 560.0 220.0 540.0 640.0 160.0 660.0 240.0 560.0 160.0 520.0 540.0 340.0 540.0 800.0 480.0 500.0 500.0 360.0 340.0 620.0 520.0 480.0 420.0 240.0 480.0 720.0 480.0 440.0 640.0 220.0 400.0 480.0 500.0 300.0 680.0 500.0
0.0 320.0 580.0 740.0 380.0 420.0 120.0 0.0 560.0 300.0 300.0 680.0 620.0 500.0 480.0 400.0 520.0 640.0 440.0 660.0 640.0 360.0 560.0 480.0 620.0 180.0 500.0 480.0 500.0 520.0 320.0 580.0 560.0 580.0 620.0 480.0 720.0 460.0 420.0 260.0 480.0 680.0 420.0 500.0 520.0 580.0 320.0 100.0 480.0 260.0 760.0 340.0 520.0 260.0 440.0 520.0 440.0 560.0 860.0 140.0 600.0 440.0 280.0 260.0 540.0 460.0 580.0 520.0 340.0 380.0 820.0 580.0 540.0 740.0 320.0 500.0 580.0 560.0 400.0 620.0 540.0
0.0 540.0 700.0 780.0 540.0 740.0 580.0 460.0 0.0 640.0 460.0 740.0 460.0 580.0 640.0 600.0 580.0 760.0 580.0 620.0 700.0 520.0 340.0 540.0 520.0 640.0 260.0 440.0 660.0 460.0 560.0 460.0 520.0 600.0 500.0 560.0 420.0 540.0 340.0 680.0 620.0 640.0 540.0 440.0 580.0 680.0 500.0 560.0 720.0 720.0 700.0 300.0 180.0 460.0 580.0 560.0 380.0 360.0 840.0 540.0 580.0 520.0 500.0 500.0 580.0 540.0 260.0 660.0 280.0 620.0 500.0 540.0 480.0 700.0 500.0 900.0 580.0 500.0 360.0 500.0 200.0
0.0 440.0 480.0 540.0 520.0 700.0 420.0 460.0 460.0 0.0 600.0 660.0 520.0 200.0 340.0 520.0 460.0 560.0 160.0 520.0 600.0 280.0 280.0 300.0 480.0 540.0 520.0 320.0 240.0 240.0 600.0 500.0 400.0 360.0 540.0 200.0 560.0 540.0 320.0 580.0 520.0 480.0 120.0 440.0 340.0 800.0 180.0 460.0 660.0 580.0 560.0 180.0 580.0 560.0 160.0 540.0 280.0 260.0 680.0 320.0 480.0 500.0 200.0 340.0 380.0 300.0 620.0 640.0 400.0 300.0 640.0 500.0 400.0 660.0 620.0 640.0 520.0 340.0 240.0 340.0 540.0
0.0 320.0 360.0 540.0 400.0 700.0 480.0 500.0 460.0 520.0 0.0 660.0 380.0 320.0 200.0 380.0 340.0 620.0 320.0 380.0 480.0 300.0 300.0 300.0 340.0 440.0 440.0 180.0 420.0 440.0 460.0 380.0 280.0 480.0 600.0 300.0 540.0 440.0 460.0 540.0 480.0 420.0 300.0 300.0 340.0 540.0 40.0 560.0 560.0 640.0 640.0 60.0 540.0 580.0 340.0 400.0 160.0 360.0 620.0 480.0 340.0 460.0 360.0 520.0 500.0 500.0 540.0 240.0 400.0 380.0 560.0 400.0 260.0 620.0 440.0 680.0 400.0 400.0 120.0 500.0 560.0
0.0 520.0 360.0 560.0 600.0 620.0 480.0 540.0 480.0 540.0 500.0 0.0 680.0 240.0 40.0 500.0 420.0 460.0 240.0 600.0 600.0 500.0 560.0 320.0 180.0 480.0 560.0 500.0 480.0 460.0 480.0 360.0 580.0 300.0 480.0 220.0 320.0 580.0 400.0 520.0 320.0 500.0 520.0 580.0 360.0 680.0 540.0 420.0 520.0 520.0 840.0 360.0 620.0 520.0 280.0 380.0 360.0 360.0 520.0 440.0 580.0 560.0 400.0 380.0 440.0 540.0 160.0 320.0 420.0 400.0 400.0 220.0 560.0 820.0 300.0 560.0 480.0 240.0 340.0 360.0 640.0
0.0 560.0 800.0 820.0 580.0 920.0 640.0 860.0 780.0 440.0 820.0 920.0 0.0 640.0 760.0 620.0 900.0 760.0 580.0 800.0 880.0 620.0 720.0 560.0 680.0 860.0 520.0 740.0 680.0 500.0 840.0 360.0 840.0 780.0 840.0 620.0 840.0 660.0 740.0 520.0 920.0 760.0 560.0 480.0 600.0 500.0 600.0 840.0 980.0 780.0 960.0 620.0 720.0 780.0 580.0 600.0 700.0 700.0 860.0 760.0 720.0 840.0 520.0 760.0 480.0 580.0 920.0 820.0 660.0 640.0 1020.0 820.0 760.0 820.0 860.0 740.0 860.0 720.0 520.0 760.0 740.0
0.0 300.0 540.0 340.0 400.0 500.0 500.0 400.0 320.0 580.0 480.0 580.0 540.0 0.0 240.0 380.0 620.0 440.0 440.0 440.0 620.0 440.0 420.0 100.0 380.0 580.0 320.0 360.0 480.0 240.0 580.0 380.0 440.0 580.0 480.0 420.0 580.0 460.0 260.0 600.0 420.0 280.0 360.0 360.0 140.0 600.0 520.0 500.0 700.0 600.0 620.0 380.0 500.0 500.0 40.0 540.0 300.0 440.0 480.0 460.0 520.0 440.0 240.0 220.0 460.0 320.0 520.0 520.0 200.0 200.0 440.0 400.0 520.0 600.0 460.0 760.0 440.0 240.0 420.0 220.0 520.0
0.0 500.0 320.0 540.0 580.0 600.0 440.0 520.0 460.0 620.0 480.0 580.0 700.0 220.0 0.0 580.0 400.0 440.0 220.0 640.0 580.0 480.0 580.0 300.0 160.0 500.0 540.0 560.0 500.0 440.0 660.0 540.0 640.0 680.0 460.0 200.0 500.0 560.0 380.0 600.0 280.0 480.0 560.0 560.0 340.0 640.0 500.0 540.0 480.0 600.0 820.0 520.0 580.0 480.0 240.0 460.0 340.0 320.0 500.0 560.0 540.0 540.0 380.0 360.0 400.0 520.0 360.0 300.0 400.0 380.0 580.0 200.0 540.0 800.0 620.0 540.0 460.0 220.0 460.0 340.0 620.0
0.0 140.0 400.0 540.0 660.0 600.0 440.0 340.0 620.0 520.0 340.0 600.0 340.0 580.0 380.0 0.0 480.0 720.0 380.0 540.0 620.0 220.0 420.0 440.0 520.0 500.0 580.0 340.0 340.0 380.0 220.0 540.0 420.0 360.0 700.0 580.0 580.0 300.0 500.0 320.0 540.0 580.0 380.0 460.0 480.0 720.0 380.0 420.0 380.0 320.0 520.0 220.0 700.0 320.0 340.0 560.0 80.0 400.0 780.0 420.0 640.0 580.0 380.0 360.0 640.0 320.0 640.0 560.0 420.0 460.0 620.0 580.0 420.0 660.0 520.0 540.0 560.0 520.0 260.0 360.0 600.0
0.0 640.0 600.0 740.0 420.0 520.0 380.0 460.0 360.0 380.0 540.0 660.0 700.0 460.0 280.0 560.0 0.0 400.0 160.0 300.0 380.0 480.0 480.0 500.0 420.0 600.0 600.0 560.0 520.0 440.0 620.0 280.0 640.0 420.0 540.0 460.0 460.0 520.0 320.0 540.0 420.0 320.0 420.0 200.0 340.0 780.0 540.0 520.0 460.0 540.0 680.0 520.0 420.0 500.0 100.0 620.0 480.0 280.0 520.0 420.0 580.0 480.0 40.0 280.0 300.0 480.0 520.0 480.0 540.0 140.0 720.0 340.0 160.0 520.0 540.0 640.0 80.0 300.0 420.0 280.0 260.0
0.0 320.0 580.0 620.0 480.0 160.0 440.0 500.0 420.0 440.0 520.0 600.0 660.0 300.0 340.0 400.0 360.0 0.0 480.0 640.0 440.0 540.0 460.0 380.0 480.0 600.0 540.0 520.0 380.0 520.0 400.0 340.0 620.0 480.0 660.0 540.0 760.0 360.0 540.0 480.0 520.0 380.0 560.0 260.0 400.0 780.0 540.0 520.0 520.0 480.0 420.0 400.0 520.0 120.0 160.0 280.0 480.0 540.0 580.0 360.0 440.0 340.0 300.0 280.0 460.0 520.0 620.0 460.0 480.0 160.0 720.0 540.0 220.0 580.0 200.0 720.0 140.0 360.0 440.0 340.0 360.0
0.0 620.0 740.0 680.0 640.0 680.0 340.0 320.0 320.0 560.0 520.0 800.0 760.0 340.0 540.0 620.0 360.0 540.0 0.0 520.0 720.0 660.0 600.0 420.0 620.0 480.0 560.0 680.0 560.0 580.0 620.0 460.0 540.0 500.0 380.0 320.0 720.0 380.0 180.0 500.0 720.0 560.0 440.0 540.0 460.0 680.0 560.0 400.0 660.0 500.0 880.0 580.0 480.0 420.0 380.0 480.0 600.0 120.0 640.0 380.0 420.0 360.0 380.0 520.0 600.0 640.0 580.0 540.0 500.0 280.0 640.0 680.0 500.0 860.0 560.0 500.0 420.0 560.0 260.0 540.0 520.0
0.0 420.0 660.0 620.0 560.0 480.0 340.0 240.0 240.0 480.0 320.0 720.0 680.0 540.0 460.0 500.0 500.0 640.0 440.0 0.0 600.0 500.0 580.0 360.0 540.0 400.0 480.0 500.0 620.0 300.0 540.0 400.0 580.0 420.0 300.0 580.0 640.0 300.0 100.0 300.0 520.0 560.0 580.0 460.0 400.0 700.0 360.0 320.0 680.0 300.0 880.0 360.0 420.0 200.0 580.0 580.0 460.0 260.0 760.0 300.0 340.0 280.0 460.0 440.0 520.0 380.0 500.0 460.0 460.0 460.0 560.0 640.0 500.0 680.0 520.0 440.0 560.0 640.0 400.0 720.0 440.0
0.0 560.0 660.0 620.0 480.0 620.0 340.0 240.0 260.0 240.0 360.0 740.0 700.0 440.0 380.0 500.0 600.0 580.0 380.0 740.0 0.0 500.0 500.0 520.0 520.0 420.0 500.0 540.0 420.0 460.0 500.0 500.0 640.0 440.0 320.0 420.0 560.0 320.0 120.0 340.0 560.0 660.0 360.0 480.0 560.0 440.0 400.0 340.0 100.0 340.0 800.0 420.0 420.0 340.0 380.0 720.0 500.0 500.0 780.0 320.0 360.0 300.0 420.0 440.0 620.0 540.0 500.0 480.0 520.0 320.0 580.0 580.0 500.0 760.0 240.0 580.0 640.0 520.0 460.0 560.0 160.0
0.0 660.0 700.0 880.0 740.0 900.0 800.0 700.0 740.0 520.0 860.0 380.0 720.0 600.0 400.0 740.0 680.0 740.0 620.0 740.0 820.0 0.0 640.0 640.0 540.0 800.0 820.0 540.0 720.0 760.0 700.0 720.0 620.0 680.0 860.0 600.0 680.0 620.0 780.0 880.0 620.0 760.0 640.0 660.0 680.0 1020.0 400.0 780.0 400.0 880.0 1000.0 400.0 760.0 680.0 640.0 760.0 500.0 720.0 680.0 620.0 680.0 600.0 700.0 740.0 740.0 820.0 540.0 700.0 740.0 740.0 760.0 600.0 620.0 440.0 520.0 700.0 760.0 620.0 460.0 740.0 800.0
0.0 580.0 820.0 800.0 400.0 680.0 640.0 540.0 640.0 720.0 540.0 660.0 820.0 640.0 640.0 520.0 400.0 520.0 540.0 580.0 720.0 560.0 0.0 720.0 740.0 700.0 740.0 720.0 580.0 700.0 620.0 600.0 580.0 720.0 740.0 620.0 620.0 480.0 580.0 580.0 360.0 600.0 500.0 540.0 700.0 580.0 580.0 640.0 780.0 700.0 920.0 600.0 540.0 620.0 460.0 760.0 420.0 160.0 620.0 640.0 540.0 640.0 420.0 620.0 680.0 400.0 460.0 760.0 500.0 440.0 660.0 280.0 500.0 860.0 700.0 740.0 420.0 300.0 300.0 620.0 580.0
0.0 380.0 620.0 260.0 300.0 400.0 420.0 320.0 240.0 480.0 560.0 680.0 460.0 400.0 500.0 420.0 580.0 360.0 500.0 340.0 540.0 360.0 340.0 0.0 520.0 480.0 480.0 260.0 400.0 160.0 520.0 300.0 360.0 500.0 380.0 500.0 480.0 380.0 180.0 520.0 380.0 200.0 280.0 280.0 40.0 520.0 600.0 400.0 620.0 560.0 540.0 440.0 400.0 420.0 320.0 460.0 220.0 360.0 400.0 380.0 420.0 360.0 500.0 480.0 360.0 220.0 480.0 540.0 120.0 100.0 640.0 300.0 440.0 640.0 380.0 740.0 360.0 320.0 400.0 480.0 440.0
0.0 360.0 180.0 400.0 440.0 560.0 300.0 380.0 320.0 480.0 480.0 640.0 600.0 80.0 300.0 440.0 420.0 500.0 80.0 500.0 440.0 400.0 480.0 160.0 0.0 360.0 400.0 420.0 540.0 300.0 600.0 440.0 500.0 540.0 460.0 60.0 640.0 420.0 240.0 460.0 480.0 340.0 420.0 420.0 200.0 660.0 520.0 400.0 340.0 460.0 680.0 440.0 460.0 460.0 100.0 320.0 360.0 180.0 360.0 420.0 400.0 400.0 300.0 280.0 260.0 380.0 580.0 160.0 260.0 260.0 500.0 460.0 420.0 660.0 480.0 560.0 340.0 300.0 320.0 280.0 500.0
0.0 680.0 720.0 560.0 540.0 720.0 620.0 620.0 540.0 460.0 460.0 840.0 720.0 600.0 440.0 660.0 760.0 660.0 420.0 660.0 840.0 660.0 480.0 320.0 540.0 0.0 500.0 560.0 380.0 460.0 740.0 600.0 380.0 400.0 680.0 580.0 780.0 300.0 480.0 160.0 660.0 500.0 580.0 460.0 340.0 760.0 480.0 520.0 780.0 780.0 840.0 500.0 440.0 600.0 600.0 620.0 520.0 520.0 700.0 300.0 620.0 260.0 440.0 420.0 680.0 540.0 760.0 680.0 420.0 400.0 840.0 600.0 700.0 840.0 680.0 380.0 660.0 620.0 420.0 780.0 460.0
0.0 720.0 800.0 840.0 500.0 780.0 460.0 680.0 440.0 500.0 640.0 740.0 840.0 680.0 520.0 640.0 560.0 720.0 640.0 740.0 460.0 420.0 560.0 600.0 620.0 680.0 0.0 640.0 660.0 540.0 820.0 360.0 740.0 500.0 760.0 660.0 820.0 600.0 560.0 620.0 700.0 400.0 620.0 280.0 420.0 860.0 660.0 600.0 540.0 620.0 760.0 680.0 600.0 620.0 380.0 880.0 640.0 660.0 600.0 620.0 800.0 740.0 340.0 540.0 480.0 600.0 680.0 760.0 620.0 460.0 880.0 620.0 240.0 600.0 540.0 840.0 340.0 380.0 660.0 540.0 580.0
0.0 440.0 440.0 660.0 700.0 800.0 540.0 440.0 560.0 540.0 500.0 720.0 200.0 320.0 540.0 520.0 660.0 660.0 320.0 400.0 680.0 340.0 480.0 400.0 260.0 280.0 640.0 0.0 440.0 540.0 600.0 540.0 100.0 560.0 680.0 300.0 780.0 500.0 480.0 420.0 600.0 600.0 320.0 660.0 440.0 700.0 540.0 540.0 600.0 560.0 760.0 480.0 360.0 560.0 360.0 560.0 280.0 440.0 600.0 500.0 660.0 480.0 280.0 540.0 520.0 620.0 640.0 400.0 500.0 400.0 380.0 520.0 640.0 760.0 720.0 600.0 580.0 540.0 140.0 520.0 400.0
0.0 600.0 720.0 780.0 340.0 700.0 580.0 540.0 560.0 260.0 640.0 640.0 760.0 460.0 500.0 460.0 480.0 600.0 400.0 660.0 580.0 520.0 100.0 540.0 640.0 560.0 660.0 560.0 0.0 480.0 440.0 480.0 660.0 560.0 760.0 440.0 680.0 420.0 540.0 660.0 460.0 520.0 380.0 420.0 440.0 660.0 420.0 640.0 600.0 700.0 820.0 440.0 480.0 600.0 320.0 780.0 440.0 240.0 720.0 80.0 640.0 420.0 240.0 220.0 500.0 420.0 560.0 700.0 520.0 340.0 760.0 360.0 360.0 460.0 720.0 820.0 280.0 380.0 380.0 480.0 500.0
0.0 440.0 700.0 320.0 380.0 480.0 480.0 380.0 300.0 560.0 640.0 600.0 520.0 240.0 460.0 500.0 640.0 420.0 460.0 420.0 400.0 220.0 400.0 80.0 580.0 380.0 540.0 340.0 460.0 0.0 600.0 360.0 420.0 440.0 460.0 560.0 340.0 460.0 240.0 520.0 460.0 260.0 340.0 340.0 120.0 580.0 600.0 480.0 480.0 640.0 600.0 400.0 460.0 480.0 280.0 520.0 280.0 420.0 460.0 460.0 500.0 420.0 480.0 460.0 440.0 80.0 560.0 440.0 180.0 180.0 680.0 380.0 440.0 660.0 440.0 620.0 420.0 380.0 440.0 460.0 320.0
0.0 440.0 640.0 740.0 480.0 540.0 220.0 120.0 520.0 300.0 400.0 420.0 740.0 500.0 440.0 520.0 620.0 760.0 440.0 700.0 760.0 480.0 560.0 580.0 580.0 300.0 360.0 580.0 480.0 520.0 0.0 700.0 660.0 520.0 740.0 480.0 720.0 400.0 520.0 380.0 600.0 760.0 420.0 560.0 620.0 680.0 440.0 220.0 160.0 380.0 860.0 460.0 620.0 380.0 460.0 640.0 540.0 560.0 920.0 240.0 700.0 360.0 380.0 360.0 640.0 580.0 560.0 620.0 460.0 500.0 800.0 640.0 600.0 860.0 300.0 400.0 700.0 580.0 500.0 580.0 660.0
0.0 660.0 520.0 720.0 560.0 720.0 480.0 680.0 640.0 520.0 460.0 900.0 740.0 400.0 620.0 680.0 600.0 780.0 400.0 820.0 760.0 580.0 760.0 480.0 340.0 620.0 700.0 540.0 740.0 620.0 560.0 0.0 520.0 640.0 780.0 380.0 900.0 520.0 560.0 440.0 660.0 640.0 640.0 300.0 520.0 820.0 500.0 540.0 680.0 440.0 780.0 520.0 640.0 440.0 440.0 640.0 620.0 520.0 680.0 520.0 520.0 500.0 620.0 620.0 140.0 700.0 760.0 480.0 580.0 580.0 820.0 780.0 660.0 920.0 680.0 680.0 660.0 620.0 560.0 600.0 680.0
0.0 360.0 340.0 560.0 600.0 720.0 460.0 420.0 480.0 580.0 500.0 720.0 560.0 220.0 440.0 440.0 580.0 560.0 240.0 320.0 600.0 340.0 400.0 320.0 160.0 520.0 540.0 520.0 360.0 460.0 520.0 500.0 0.0 460.0 600.0 220.0 740.0 420.0 400.0 480.0 580.0 500.0 240.0 580.0 360.0 660.0 540.0 520.0 500.0 460.0 680.0 400.0 280.0 480.0 260.0 480.0 200.0 340.0 520.0 420.0 560.0 380.0 200.0 440.0 420.0 540.0 680.0 320.0 420.0 320.0 660.0 500.0 540.0 780.0 640.0 700.0 480.0 460.0 40.0 440.0 300.0
0.0 340.0 360.0 580.0 380.0 620.0 460.0 360.0 380.0 320.0 500.0 620.0 720.0 240.0 40.0 420.0 400.0 460.0 240.0 400.0 620.0 500.0 580.0 320.0 180.0 200.0 560.0 540.0 520.0 480.0 340.0 560.0 560.0 0.0 440.0 220.0 540.0 440.0 220.0 340.0 320.0 520.0 440.0 600.0 360.0 600.0 460.0 120.0 500.0 620.0 840.0 400.0 540.0 460.0 280.0 480.0 360.0 180.0 520.0 140.0 480.0 420.0 300.0 280.0 440.0 480.0 380.0 320.0 440.0 400.0 620.0 240.0 560.0 820.0 620.0 560.0 480.0 240.0 320.0 380.0 440.0
0.0 240.0 360.0 640.0 640.0 320.0 540.0 620.0 560.0 640.0 660.0 760.0 640.0 300.0 520.0 320.0 580.0 620.0 320.0 640.0 420.0 480.0 540.0 400.0 240.0 560.0 620.0 440.0 440.0 540.0 540.0 560.0 540.0 680.0 0.0 300.0 680.0 620.0 480.0 640.0 700.0 580.0 560.0 560.0 440.0 860.0 700.0 560.0 520.0 620.0 820.0 320.0 440.0 40.0 340.0 420.0 400.0 360.0 600.0 520.0 360.0 640.0 540.0 520.0 500.0 440.0 800.0 360.0 500.0 380.0 740.0 680.0 520.0 520.0 340.0 800.0 540.0 540.0 380.0 520.0 460.0
0.0 320.0 540.0 360.0 400.0 520.0 260.0 340.0 280.0 540.0 440.0 600.0 560.0 20.0 240.0 400.0 380.0 460.0 40.0 460.0 640.0 340.0 440.0 120.0 380.0 500.0 340.0 380.0 500.0 260.0 600.0 400.0 460.0 500.0 400.0 0.0 600.0 380.0 200.0 420.0 420.0 300.0 380.0 380.0 160.0 620.0 480.0 420.0 680.0 420.0 640.0 380.0 440.0 420.0 60.0 500.0 320.0 140.0 500.0 380.0 440.0 340.0 260.0 240.0 480.0 340.0 520.0 540.0 220.0 200.0 460.0 400.0 520.0 600.0 480.0 520.0 440.0 260.0 280.0 240.0 480.0
0.0 300.0 540.0 540.0 540.0 700.0 480.0 500.0 460.0 520.0 520.0 740.0 380.0 440.0 520.0 360.0 340.0 580.0 440.0 380.0 480.0 520.0 300.0 300.0 380.0 460.0 680.0 200.0 420.0 440.0 580.0 60.0 280.0 520.0 680.0 420.0 0.0 480.0 460.0 500.0 640.0 420.0 300.0 300.0 340.0 740.0 560.0 580.0 560.0 480.0 640.0 60.0 540.0 480.0 340.0 400.0 440.0 460.0 620.0 480.0 560.0 460.0 360.0 520.0 180.0 480.0 500.0 540.0 400.0 320.0 560.0 580.0 260.0 620.0 660.0 700.0 400.0 400.0 120.0 500.0 580.0
0.0 680.0 800.0 1020.0 600.0 960.0 800.0 700.0 700.0 640.0 640.0 1020.0 880.0 680.0 820.0 700.0 840.0 980.0 680.0 480.0 940.0 780.0 800.0 760.0 620.0 760.0 580.0 700.0 800.0 720.0 900.0 560.0 460.0 880.0 780.0 660.0 520.0 0.0 560.0 760.0 960.0 900.0 680.0 700.0 620.0 1020.0 680.0 800.0 640.0 760.0 1020.0 560.0 680.0 680.0 680.0 900.0 640.0 720.0 960.0 780.0 800.0 740.0 640.0 860.0 680.0 800.0 960.0 560.0 800.0 760.0 840.0 860.0 740.0 1020.0 780.0 920.0 660.0 880.0 500.0 860.0 720.0
0.0 460.0 560.0 860.0 460.0 520.0 240.0 140.0 160.0 380.0 420.0 640.0 600.0 520.0 360.0 460.0 660.0 540.0 340.0 680.0 620.0 500.0 480.0 600.0 460.0 320.0 400.0 580.0 620.0 580.0 460.0 520.0 620.0 340.0 220.0 500.0 560.0 220.0 0.0 400.0 620.0 560.0 500.0 380.0 460.0 720.0 460.0 240.0 620.0 400.0 840.0 440.0 320.0 240.0 540.0 640.0 520.0 460.0 680.0 220.0 260.0 200.0 360.0 340.0 620.0 560.0 400.0 380.0 420.0 480.0 480.0 560.0 400.0 720.0 460.0 640.0 540.0 540.0 500.0 640.0 360.0
0.0 660.0 920.0 1000.0 780.0 740.0 860.0 960.0 840.0 700.0 760.0 880.0 940.0 680.0 640.0 700.0 640.0 940.0 660.0 920.0 840.0 800.0 540.0 760.0 780.0 840.0 1000.0 740.0 440.0 700.0 880.0 740.0 840.0 820.0 980.0 820.0 780.0 760.0 820.0 0.0 520.0 800.0 820.0 680.0 800.0 1020.0 800.0 760.0 640.0 860.0 1020.0 720.0 860.0 460.0 720.0 840.0 760.0 680.0 1000.0 520.0 480.0 840.0 660.0 660.0 880.0 760.0 620.0 940.0 860.0 780.0 700.0 800.0 640.0 900.0 760.0 240.0 700.0 780.0 780.0 880.0 720.0
0.0 540.0 720.0 780.0 700.0 320.0 540.0 640.0 640.0 480.0 380.0 740.0 640.0 440.0 560.0 600.0 580.0 620.0 620.0 560.0 720.0 660.0 560.0 540.0 640.0 720.0 680.0 440.0 520.0 680.0 560.0 300.0 520.0 700.0 720.0 600.0 260.0 660.0 500.0 360.0 0.0 600.0 480.0 560.0 560.0 760.0 420.0 740.0 700.0 360.0 900.0 320.0 740.0 360.0 480.0 400.0 520.0 700.0 720.0 600.0 660.0 620.0 380.0 540.0 440.0 620.0 120.0 600.0 640.0 500.0 340.0 380.0 520.0 820.0 340.0 380.0 660.0 400.0 280.0 660.0 680.0
0.0 380.0 560.0 700.0 120.0 500.0 380.0 280.0 40.0 560.0 500.0 780.0 460.0 360.0 580.0 240.0 620.0 340.0 440.0 560.0 520.0 440.0 380.0 460.0 380.0 460.0 280.0 460.0 580.0 500.0 460.0 280.0 560.0 580.0 540.0 420.0 440.0 200.0 320.0 460.0 600.0 0.0 580.0 460.0 480.0 460.0 540.0 380.0 600.0 540.0 720.0 340.0 220.0 460.0 400.0 580.0 300.0 400.0 200.0 400.0 560.0 520.0 420.0 400.0 180.0 520.0 300.0 500.0 300.0 80.0 480.0 520.0 500.0 740.0 520.0 700.0 480.0 520.0 400.0 520.0 240.0
0.0 460.0 540.0 760.0 440.0 660.0 660.0 600.0 340.0 380.0 480.0 600.0 800.0 420.0 220.0 540.0 560.0 520.0 420.0 620.0 700.0 640.0 160.0 520.0 360.0 420.0 560.0 660.0 120.0 580.0 540.0 540.0 640.0 240.0 660.0 400.0 660.0 460.0 460.0 560.0 400.0 560.0 0.0 520.0 540.0 700.0 520.0 360.0 700.0 600.0 440.0 520.0 520.0 600.0 40.0 660.0 560.0 320.0 700.0 200.0 640.0 420.0 240.0 220.0 260.0 540.0 500.0 520.0 600.0 360.0 740.0 420.0 480.0 580.0 500.0 740.0 400.0 220.0 460.0 220.0 540.0
0.0 520.0 700.0 760.0 400.0 620.0 180.0 620.0 380.0 220.0 360.0 660.0 720.0 420.0 560.0 380.0 600.0 680.0 360.0 720.0 720.0 280.0 500.0 500.0 700.0 720.0 620.0 520.0 460.0 440.0 600.0 620.0 620.0 560.0 700.0 400.0 780.0 480.0 480.0 340.0 560.0 340.0 340.0 0.0 540.0 740.0 380.0 680.0 580.0 340.0 480.0 400.0 540.0 340.0 380.0 720.0 360.0 480.0 540.0 540.0 660.0 680.0 400.0 520.0 520.0 520.0 640.0 600.0 420.0 420.0 820.0 660.0 600.0 720.0 400.0 580.0 660.0 560.0 460.0 500.0 560.0
0.0 460.0 660.0 440.0 480.0 540.0 500.0 400.0 400.0 560.0 540.0 640.0 420.0 360.0 460.0 540.0 580.0 380.0 480.0 320.0 500.0 320.0 400.0 180.0 480.0 480.0 640.0 240.0 360.0 120.0 600.0 480.0 320.0 480.0 460.0 460.0 440.0 480.0 260.0 600.0 340.0 380.0 240.0 360.0 0.0 600.0 560.0 500.0 600.0 600.0 620.0 500.0 580.0 500.0 280.0 640.0 300.0 500.0 560.0 440.0 500.0 440.0 480.0 460.0 500.0 200.0 440.0 540.0 200.0 280.0 600.0 260.0 440.0 600.0 460.0 720.0 360.0 280.0 360.0 440.0 420.0
0.0 440.0 660.0 660.0 180.0 740.0 440.0 520.0 520.0 540.0 460.0 580.0 600.0 320.0 360.0 300.0 640.0 620.0 320.0 680.0 560.0 500.0 540.0 400.0 500.0 420.0 640.0 560.0 460.0 560.0 500.0 540.0 660.0 560.0 600.0 300.0 700.0 260.0 380.0 20.0 520.0 600.0 600.0 600.0 440.0 0.0 500.0 340.0 640.0 600.0 800.0 440.0 320.0 460.0 360.0 780.0 360.0 440.0 660.0 360.0 500.0 420.0 460.0 440.0 620.0 620.0 620.0 540.0 500.0 380.0 700.0 440.0 640.0 320.0 660.0 240.0 720.0 220.0 400.0 520.0 340.0
0.0 280.0 320.0 500.0 360.0 660.0 440.0 460.0 420.0 480.0 620.0 640.0 340.0 400.0 460.0 360.0 300.0 600.0 420.0 340.0 440.0 260.0 260.0 260.0 400.0 420.0 540.0 160.0 380.0 400.0 440.0 340.0 240.0 440.0 640.0 400.0 520.0 400.0 420.0 560.0 600.0 380.0 260.0 260.0 300.0 700.0 0.0 520.0 520.0 600.0 600.0 20.0 500.0 540.0 300.0 360.0 120.0 320.0 580.0 440.0 300.0 420.0 320.0 480.0 460.0 460.0 680.0 540.0 360.0 360.0 540.0 540.0 220.0 580.0 600.0 660.0 360.0 360.0 80.0 460.0 520.0
0.0 240.0 480.0 640.0 280.0 640.0 440.0 340.0 620.0 200.0 520.0 600.0 620.0 400.0 520.0 300.0 580.0 540.0 340.0 620.0 680.0 460.0 480.0 380.0 620.0 80.0 580.0 420.0 420.0 420.0 220.0 480.0 460.0 480.0 700.0 380.0 620.0 360.0 480.0 220.0 560.0 580.0 320.0 540.0 420.0 480.0 360.0 0.0 380.0 580.0 760.0 300.0 420.0 540.0 360.0 500.0 380.0 460.0 760.0 40.0 560.0 340.0 180.0 160.0 440.0 360.0 660.0 660.0 460.0 300.0 740.0 480.0 500.0 800.0 520.0 460.0 640.0 460.0 360.0 520.0 460.0
0.0 540.0 620.0 680.0 480.0 820.0 560.0 580.0 360.0 140.0 680.0 660.0 600.0 340.0 300.0 400.0 600.0 700.0 280.0 640.0 740.0 420.0 400.0 440.0 440.0 540.0 440.0 460.0 320.0 360.0 600.0 620.0 540.0 360.0 660.0 320.0 680.0 240.0 460.0 680.0 580.0 620.0 260.0 400.0 460.0 780.0 300.0 460.0 0.0 700.0 700.0 320.0 520.0 700.0 300.0 660.0 420.0 400.0 780.0 240.0 600.0 200.0 320.0 360.0 520.0 440.0 600.0 580.0 540.0 440.0 780.0 500.0 520.0 780.0 140.0 520.0 600.0 420.0 380.0 460.0 560.0
0.0 220.0 380.0 560.0 420.0 280.0 200.0 520.0 480.0 540.0 40.0 620.0 400.0 340.0 220.0 300.0 260.0 580.0 360.0 420.0 400.0 320.0 320.0 320.0 360.0 460.0 480.0 220.0 420.0 460.0 500.0 400.0 300.0 500.0 400.0 340.0 480.0 420.0 480.0 20.0 220.0 460.0 320.0 340.0 360.0 420.0 80.0 580.0 480.0 0.0 680.0 80.0 400.0 20.0 360.0 400.0 180.0 400.0 640.0 420.0 340.0 400.0 220.0 200.0 480.0 400.0 320.0 260.0 420.0 320.0 560.0 420.0 300.0 480.0 320.0 240.0 340.0 420.0 140.0 540.0 340.0
0.0 580.0 560.0 780.0 480.0 720.0 680.0 620.0 420.0 580.0 620.0 600.0 420.0 440.0 240.0 600.0 480.0 560.0 440.0 640.0 800.0 640.0 80.0 540.0 380.0 720.0 620.0 680.0 640.0 600.0 580.0 500.0 660.0 520.0 700.0 420.0 500.0 420.0 580.0 660.0 440.0 380.0 560.0 580.0 560.0 640.0 560.0 640.0 720.0 680.0 0.0 560.0 580.0 680.0 480.0 500.0 500.0 240.0 580.0 420.0 620.0 380.0 200.0 180.0 460.0 480.0 360.0 540.0 520.0 320.0 580.0 360.0 580.0 780.0 760.0 760.0 500.0 360.0 380.0 180.0 600.0
0.0 580.0 560.0 500.0 480.0 640.0 440.0 440.0 400.0 460.0 600.0 700.0 340.0 400.0 460.0 600.0 280.0 600.0 400.0 340.0 420.0 460.0 260.0 240.0 380.0 400.0 640.0 140.0 360.0 380.0 720.0 320.0 220.0 460.0 620.0 380.0 720.0 440.0 420.0 560.0 580.0 380.0 260.0 260.0 280.0 680.0 640.0 540.0 520.0 580.0 680.0 0.0 500.0 540.0 280.0 360.0 420.0 400.0 580.0 420.0 580.0 400.0 320.0 460.0 460.0 460.0 660.0 540.0 340.0 340.0 520.0 520.0 220.0 560.0 600.0 640.0 360.0 360.0 60.0 460.0 520.0
0.0 500.0 520.0 620.0 380.0 560.0 560.0 460.0 380.0 580.0 300.0 700.0 280.0 400.0 460.0 500.0 400.0 720.0 420.0 460.0 540.0 580.0 380.0 360.0 340.0 540.0 620.0 260.0 500.0 400.0 400.0 440.0 340.0 440.0 340.0 400.0 700.0 460.0 540.0 680.0 580.0 500.0 380.0 380.0 400.0 780.0 340.0 540.0 540.0 700.0 820.0 140.0 0.0 280.0 400.0 480.0 440.0 520.0 700.0 540.0 620.0 520.0 440.0 480.0 580.0 480.0 620.0 500.0 460.0 460.0 640.0 500.0 340.0 540.0 600.0 760.0 480.0 320.0 180.0 480.0 40.0
0.0 220.0 460.0 740.0 680.0 280.0 700.0 620.0 600.0 620.0 620.0 720.0 600.0 420.0 520.0 300.0 560.0 600.0 460.0 620.0 400.0 500.0 500.0 500.0 660.0 680.0 660.0 420.0 420.0 640.0 500.0 540.0 500.0 640.0 700.0 660.0 660.0 580.0 500.0 600.0 800.0 560.0 520.0 520.0 540.0 820.0 660.0 680.0 480.0 600.0 800.0 280.0 400.0 0.0 460.0 400.0 360.0 480.0 760.0 500.0 340.0 680.0 580.0 620.0 660.0 400.0 800.0 760.0 500.0 340.0 800.0 700.0 480.0 480.0 320.0 840.0 640.0 600.0 340.0 620.0 440.0
0.0 680.0 500.0 720.0 640.0 620.0 620.0 700.0 560.0 580.0 440.0 560.0 780.0 400.0 200.0 760.0 580.0 480.0 400.0 820.0 680.0 660.0 560.0 480.0 340.0 680.0 620.0 620.0 480.0 600.0 600.0 520.0 720.0 540.0 640.0 380.0 620.0 420.0 560.0 560.0 380.0 540.0 580.0 580.0 520.0 680.0 480.0 640.0 660.0 560.0 860.0 500.0 500.0 560.0 0.0 640.0 520.0 500.0 680.0 420.0 720.0 400.0 200.0 180.0 460.0 680.0 480.0 480.0 580.0 320.0 700.0 380.0 660.0 780.0 660.0 720.0 620.0 200.0 560.0 180.0 540.0
0.0 680.0 680.0 900.0 600.0 820.0 800.0 700.0 700.0 520.0 820.0 340.0 940.0 560.0 360.0 700.0 740.0 660.0 580.0 720.0 840.0 780.0 360.0 660.0 500.0 380.0 700.0 760.0 280.0 740.0 660.0 460.0 740.0 340.0 760.0 560.0 580.0 660.0 560.0 520.0 640.0 800.0 640.0 680.0 700.0 780.0 680.0 460.0 820.0 840.0 1020.0 620.0 740.0 780.0 580.0 0.0 700.0 500.0 860.0 360.0 800.0 640.0 500.0 480.0 580.0 680.0 420.0 660.0 760.0 620.0 660.0 560.0 640.0 740.0 640.0 740.0 560.0 580.0 600.0 700.0 760.0
0.0 160.0 420.0 720.0 680.0 820.0 540.0 440.0 640.0 600.0 580.0 520.0 560.0 600.0 520.0 240.0 500.0 780.0 420.0 560.0 640.0 140.0 460.0 480.0 620.0 600.0 680.0 360.0 360.0 600.0 320.0 560.0 460.0 540.0 720.0 600.0 600.0 540.0 520.0 560.0 700.0 600.0 320.0 480.0 500.0 860.0 540.0 520.0 480.0 540.0 740.0 240.0 720.0 560.0 340.0 580.0 0.0 440.0 800.0 440.0 760.0 620.0 540.0 520.0 580.0 360.0 680.0 700.0 460.0 560.0 740.0 720.0 440.0 580.0 620.0 720.0 580.0 540.0 300.0 520.0 620.0
0.0 660.0 760.0 820.0 540.0 600.0 620.0 520.0 500.0 600.0 720.0 880.0 760.0 480.0 520.0 680.0 240.0 460.0 400.0 420.0 600.0 640.0 500.0 560.0 580.0 700.0 720.0 660.0 460.0 580.0 800.0 500.0 420.0 560.0 660.0 460.0 700.0 520.0 460.0 680.0 660.0 460.0 340.0 440.0 580.0 800.0 760.0 620.0 700.0 700.0 780.0 600.0 480.0 560.0 340.0 720.0 500.0 0.0 660.0 520.0 680.0 480.0 280.0 520.0 520.0 660.0 740.0 720.0 400.0 380.0 920.0 560.0 400.0 740.0 560.0 860.0 320.0 520.0 140.0 520.0 500.0
0.0 600.0 580.0 600.0 480.0 660.0 640.0 580.0 480.0 680.0 400.0 800.0 260.0 520.0 560.0 600.0 520.0 820.0 520.0 560.0 640.0 600.0 480.0 480.0 460.0 640.0 200.0 360.0 560.0 500.0 500.0 540.0 460.0 540.0 440.0 500.0 780.0 560.0 640.0 760.0 680.0 580.0 480.0 460.0 500.0 760.0 440.0 660.0 660.0 800.0 920.0 240.0 120.0 380.0 520.0 580.0 540.0 580.0 0.0 640.0 720.0 620.0 540.0 600.0 660.0 580.0 720.0 600.0 580.0 560.0 740.0 600.0 420.0 640.0 700.0 860.0 540.0 440.0 300.0 580.0 140.0
0.0 520.0 640.0 700.0 260.0 620.0 520.0 600.0 600.0 180.0 660.0 560.0 680.0 380.0 500.0 380.0 620.0 520.0 320.0 680.0 660.0 440.0 460.0 460.0 620.0 640.0 580.0 480.0 420.0 400.0 540.0 460.0 580.0 480.0 680.0 360.0 600.0 340.0 460.0 620.0 540.0 640.0 300.0 540.0 500.0 620.0 340.0 600.0 700.0 640.0 740.0 360.0 400.0 520.0 320.0 700.0 440.0 440.0 740.0 0.0 640.0 340.0 160.0 140.0 420.0 340.0 640.0 620.0 440.0 260.0 720.0 460.0 560.0 840.0 660.0 800.0 660.0 480.0 400.0 500.0 420.0
0.0 360.0 600.0 740.0 420.0 400.0 380.0 540.0 360.0 420.0 540.0 400.0 560.0 500.0 420.0 220.0 520.0 660.0 560.0 640.0 360.0 420.0 460.0 520.0 520.0 600.0 600.0 540.0 540.0 460.0 420.0 280.0 380.0 400.0 680.0 580.0 700.0 500.0 460.0 520.0 620.0 320.0 540.0 200.0 340.0 780.0 580.0 520.0 400.0 520.0 680.0 420.0 520.0 520.0 540.0 500.0 280.0 580.0 520.0 540.0 0.0 600.0 560.0 580.0 400.0 520.0 540.0 680.0 520.0 400.0 780.0 520.0 160.0 500.0 440.0 760.0 600.0 300.0 420.0 560.0 520.0
0.0 480.0 500.0 700.0 280.0 660.0 380.0 460.0 480.0 200.0 560.0 600.0 700.0 380.0 180.0 400.0 500.0 560.0 160.0 500.0 680.0 480.0 480.0 460.0 320.0 340.0 240.0 500.0 440.0 380.0 480.0 480.0 480.0 160.0 540.0 360.0 540.0 40.0 320.0 480.0 460.0 540.0 320.0 200.0 280.0 660.0 360.0 260.0 640.0 520.0 680.0 380.0 420.0 520.0 360.0 620.0 480.0 280.0 660.0 40.0 520.0 0.0 180.0 160.0 440.0 380.0 520.0 480.0 460.0 300.0 740.0 380.0 480.0 820.0 580.0 640.0 580.0 400.0 420.0 520.0 460.0
0.0 600.0 640.0 720.0 760.0 540.0 680.0 680.0 700.0 740.0 580.0 680.0 660.0 440.0 600.0 680.0 720.0 380.0 440.0 820.0 740.0 580.0 540.0 480.0 460.0 740.0 760.0 640.0 500.0 400.0 760.0 320.0 640.0 620.0 700.0 420.0 640.0 660.0 620.0 540.0 400.0 660.0 380.0 580.0 520.0 760.0 620.0 680.0 800.0 680.0 800.0 520.0 380.0 480.0 420.0 640.0 440.0 560.0 660.0 580.0 640.0 620.0 0.0 600.0 260.0 480.0 500.0 620.0 580.0 120.0 700.0 300.0 540.0 700.0 560.0 760.0 500.0 320.0 560.0 580.0 420.0
0.0 620.0 660.0 740.0 480.0 560.0 580.0 520.0 680.0 400.0 540.0 440.0 680.0 460.0 380.0 600.0 700.0 400.0 360.0 700.0 760.0 480.0 560.0 500.0 480.0 540.0 440.0 660.0 520.0 420.0 420.0 340.0 660.0 360.0 720.0 440.0 660.0 240.0 540.0 500.0 420.0 680.0 400.0 400.0 480.0 500.0 560.0 460.0 580.0 500.0 820.0 520.0 400.0 500.0 440.0 660.0 460.0 480.0 680.0 240.0 660.0 220.0 20.0 0.0 280.0 500.0 520.0 640.0 600.0 140.0 720.0 320.0 560.0 720.0 580.0 720.0 520.0 340.0 580.0 600.0 440.0
0.0 560.0 380.0 580.0 640.0 740.0 500.0 580.0 520.0 560.0 680.0 760.0 800.0 260.0 480.0 600.0 620.0 700.0 280.0 700.0 640.0 580.0 680.0 360.0 200.0 500.0 580.0 620.0 720.0 500.0 620.0 640.0 380.0 520.0 640.0 260.0 840.0 400.0 440.0 640.0 660.0 540.0 620.0 560.0 400.0 700.0 720.0 420.0 540.0 660.0 880.0 620.0 520.0 660.0 300.0 500.0 560.0 380.0 560.0 400.0 380.0 380.0 500.0 480.0 0.0 580.0 760.0 360.0 460.0 440.0 700.0 640.0 540.0 840.0 680.0 760.0 520.0 500.0 420.0 480.0 540.0
0.0 380.0 620.0 620.0 620.0 700.0 400.0 300.0 320.0 480.0 600.0 720.0 640.0 540.0 400.0 440.0 600.0 560.0 500.0 640.0 420.0 360.0 320.0 380.0 540.0 300.0 560.0 440.0 560.0 300.0 520.0 320.0 540.0 360.0 380.0 580.0 260.0 380.0 180.0 440.0 660.0 560.0 520.0 260.0 400.0 520.0 620.0 400.0 500.0 560.0 520.0 320.0 480.0 420.0 480.0 660.0 220.0 420.0 760.0 380.0 420.0 360.0 540.0 520.0 440.0 0.0 560.0 360.0 120.0 300.0 640.0 580.0 520.0 780.0 380.0 660.0 460.0 480.0 380.0 660.0 520.0
0.0 440.0 700.0 700.0 680.0 680.0 640.0 560.0 620.0 380.0 540.0 640.0 540.0 520.0 580.0 520.0 480.0 520.0 520.0 460.0 620.0 560.0 460.0 440.0 540.0 620.0 740.0 340.0 500.0 600.0 720.0 200.0 420.0 600.0 680.0 500.0 160.0 560.0 540.0 640.0 360.0 580.0 380.0 460.0 480.0 720.0 540.0 660.0 680.0 640.0 800.0 220.0 660.0 580.0 400.0 300.0 420.0 600.0 620.0 560.0 720.0 520.0 280.0 580.0 340.0 580.0 0.0 680.0 540.0 400.0 240.0 280.0 420.0 760.0 640.0 740.0 560.0 300.0 180.0 580.0 680.0
0.0 560.0 680.0 760.0 300.0 620.0 480.0 580.0 460.0 480.0 640.0 640.0 720.0 540.0 380.0 420.0 400.0 600.0 540.0 680.0 460.0 580.0 560.0 520.0 520.0 220.0 600.0 660.0 580.0 560.0 620.0 380.0 580.0 500.0 680.0 560.0 760.0 380.0 500.0 360.0 500.0 420.0 580.0 300.0 440.0 820.0 640.0 620.0 560.0 640.0 780.0 560.0 440.0 640.0 200.0 720.0 480.0 660.0 560.0 500.0 260.0 460.0 400.0 380.0 500.0 620.0 600.0 0.0 620.0 340.0 820.0 420.0 260.0 600.0 640.0 540.0 180.0 380.0 620.0 380.0 400.0
0.0 280.0 520.0 520.0 520.0 600.0 300.0 200.0 220.0 380.0 500.0 620.0 660.0 440.0 420.0 340.0 540.0 620.0 400.0 620.0 580.0 260.0 220.0 280.0 520.0 380.0 460.0 460.0 460.0 200.0 420.0 560.0 560.0 400.0 280.0 560.0 540.0 280.0 80.0 420.0 580.0 460.0 420.0 160.0 300.0 420.0 520.0 300.0 580.0 460.0 420.0 340.0 380.0 320.0 440.0 680.0 120.0 320.0 660.0 280.0 320.0 260.0 440.0 420.0 640.0 280.0 460.0 440.0 0.0 360.0 540.0 500.0 480.0 680.0 280.0 640.0 600.0 380.0 360.0 600.0 420.0
0.0 580.0 700.0 880.0 700.0 420.0 640.0 580.0 620.0 680.0 660.0 820.0 920.0 540.0 600.0 660.0 620.0 260.0 600.0 820.0 640.0 700.0 720.0 640.0 520.0 760.0 780.0 740.0 640.0 720.0 660.0 200.0 700.0 680.0 880.0 580.0 760.0 620.0 740.0 640.0 520.0 580.0 740.0 460.0 600.0 880.0 700.0 680.0 720.0 640.0 680.0 660.0 780.0 380.0 420.0 520.0 560.0 700.0 780.0 540.0 700.0 580.0 560.0 540.0 340.0 760.0 620.0 680.0 740.0 0.0 820.0 440.0 420.0 780.0 460.0 860.0 400.0 440.0 540.0 600.0 620.0
0.0 440.0 620.0 680.0 660.0 540.0 560.0 600.0 460.0 160.0 420.0 520.0 660.0 360.0 480.0 520.0 600.0 380.0 300.0 660.0 640.0 420.0 420.0 440.0 620.0 640.0 620.0 460.0 380.0 380.0 600.0 480.0 540.0 500.0 460.0 340.0 480.0 680.0 460.0 580.0 240.0 580.0 280.0 580.0 480.0 600.0 320.0 580.0 680.0 580.0 620.0 340.0 540.0 360.0 300.0 440.0 280.0 420.0 500.0 460.0 620.0 640.0 340.0 480.0 520.0 360.0 340.0 640.0 460.0 320.0 0.0 140.0 540.0 800.0 420.0 600.0 520.0 160.0 380.0 480.0 560.0
0.0 300.0 560.0 800.0 620.0 400.0 620.0 560.0 660.0 540.0 280.0 380.0 620.0 520.0 420.0 380.0 580.0 240.0 540.0 640.0 500.0 280.0 380.0 560.0 560.0 540.0 480.0 460.0 300.0 700.0 460.0 340.0 540.0 680.0 460.0 560.0 340.0 600.0 580.0 440.0 100.0 620.0 460.0 500.0 600.0 460.0 320.0 640.0 540.0 440.0 660.0 320.0 400.0 360.0 400.0 480.0 140.0 540.0 360.0 380.0 600.0 560.0 460.0 500.0 460.0 480.0 200.0 500.0 580.0 180.0 400.0 0.0 460.0 720.0 440.0 460.0 380.0 20.0 380.0 580.0 420.0
0.0 480.0 560.0 620.0 280.0 660.0 220.0 440.0 200.0 260.0 400.0 520.0 600.0 440.0 280.0 400.0 640.0 500.0 400.0 500.0 220.0 320.0 320.0 360.0 380.0 440.0 440.0 420.0 420.0 300.0 580.0 120.0 500.0 260.0 520.0 420.0 600.0 360.0 320.0 380.0 460.0 160.0 380.0 60.0 200.0 620.0 420.0 360.0 320.0 380.0 520.0 440.0 380.0 380.0 420.0 680.0 400.0 420.0 360.0 400.0 560.0 500.0 440.0 520.0 240.0 380.0 460.0 540.0 380.0 240.0 640.0 380.0 0.0 360.0 440.0 620.0 540.0 140.0 440.0 540.0 360.0
0.0 520.0 360.0 580.0 480.0 620.0 480.0 440.0 500.0 620.0 500.0 360.0 720.0 240.0 40.0 600.0 420.0 460.0 240.0 360.0 620.0 500.0 440.0 320.0 180.0 520.0 560.0 560.0 400.0 480.0 680.0 560.0 660.0 500.0 480.0 220.0 540.0 460.0 400.0 620.0 320.0 520.0 280.0 580.0 360.0 680.0 540.0 540.0 520.0 620.0 720.0 540.0 620.0 520.0 280.0 480.0 360.0 360.0 520.0 460.0 580.0 420.0 400.0 380.0 300.0 540.0 380.0 320.0 420.0 400.0 620.0 240.0 580.0 0.0 640.0 560.0 480.0 240.0 80.0 380.0 640.0
0.0 400.0 660.0 780.0 520.0 800.0 680.0 580.0 740.0 440.0 540.0 520.0 460.0 640.0 540.0 260.0 660.0 640.0 580.0 800.0 760.0 480.0 280.0 700.0 680.0 740.0 740.0 600.0 200.0 620.0 480.0 600.0 680.0 620.0 760.0 620.0 820.0 560.0 600.0 580.0 600.0 700.0 560.0 600.0 620.0 840.0 580.0 680.0 640.0 580.0 760.0 460.0 660.0 580.0 500.0 800.0 340.0 440.0 860.0 260.0 520.0 600.0 420.0 400.0 680.0 580.0 680.0 760.0 540.0 440.0 860.0 520.0 540.0 640.0 0.0 800.0 460.0 280.0 520.0 620.0 680.0
0.0 820.0 1000.0 1020.0 820.0 600.0 740.0 860.0 760.0 760.0 660.0 720.0 920.0 720.0 680.0 900.0 400.0 800.0 560.0 700.0 760.0 820.0 840.0 820.0 820.0 1000.0 980.0 720.0 820.0 840.0 840.0 600.0 820.0 800.0 940.0 700.0 540.0 820.0 720.0 640.0 300.0 720.0 760.0 580.0 740.0 1020.0 700.0 920.0 860.0 640.0 1020.0 600.0 820.0 640.0 500.0 680.0 680.0 660.0 920.0 820.0 960.0 880.0 440.0 680.0 700.0 820.0 400.0 880.0 860.0 540.0 620.0 660.0 560.0 700.0 640.0 0.0 480.0 680.0 580.0 680.0 660.0
0.0 560.0 540.0 700.0 360.0 440.0 300.0 520.0 280.0 300.0 480.0 580.0 680.0 420.0 220.0 480.0 220.0 440.0 380.0 520.0 300.0 400.0 400.0 460.0 360.0 520.0 520.0 500.0 500.0 380.0 580.0 200.0 580.0 340.0 520.0 400.0 640.0 440.0 400.0 460.0 400.0 240.0 420.0 140.0 280.0 700.0 460.0 440.0 400.0 460.0 620.0 480.0 460.0 460.0 40.0 540.0 480.0 480.0 440.0 360.0 640.0 420.0 240.0 220.0 340.0 460.0 500.0 420.0 460.0 180.0 720.0 420.0 100.0 440.0 480.0 700.0 0.0 220.0 520.0 200.0 240.0
0.0 540.0 600.0 800.0 600.0 580.0 740.0 720.0 700.0 540.0 260.0 380.0 640.0 560.0 400.0 620.0 580.0 420.0 580.0 640.0 500.0 520.0 380.0 540.0 540.0 520.0 460.0 440.0 280.0 680.0 680.0 320.0 520.0 660.0 700.0 560.0 580.0 700.0 600.0 660.0 320.0 680.0 560.0 560.0 580.0 680.0 300.0 780.0 540.0 660.0 840.0 300.0 620.0 520.0 580.0 660.0 380.0 520.0 580.0 360.0 600.0 700.0 520.0 500.0 460.0 700.0 420.0 480.0 640.0 160.0 620.0 240.0 520.0 740.0 600.0 700.0 540.0 0.0 360.0 740.0 640.0
0.0 640.0 720.0 680.0 620.0 760.0 500.0 380.0 520.0 540.0 580.0 780.0 880.0 340.0 420.0 700.0 700.0 700.0 340.0 280.0 860.0 660.0 360.0 440.0 560.0 560.0 580.0 680.0 320.0 560.0 700.0 660.0 780.0 420.0 580.0 320.0 700.0 380.0 360.0 540.0 600.0 620.0 200.0 540.0 460.0 900.0 620.0 480.0 860.0 560.0 640.0 640.0 680.0 480.0 220.0 820.0 560.0 460.0 820.0 380.0 540.0 340.0 420.0 400.0 460.0 640.0 700.0 700.0 500.0 520.0 780.0 600.0 680.0 760.0 700.0 720.0 600.0 420.0 0.0 400.0 700.0
0.0 620.0 660.0 740.0 500.0 560.0 580.0 540.0 680.0 420.0 540.0 440.0 700.0 460.0 400.0 620.0 600.0 400.0 380.0 720.0 780.0 480.0 560.0 500.0 500.0 560.0 460.0 540.0 520.0 440.0 420.0 340.0 620.0 360.0 740.0 440.0 660.0 240.0 540.0 500.0 420.0 680.0 400.0 400.0 500.0 500.0 400.0 480.0 580.0 500.0 740.0 400.0 420.0 500.0 440.0 660.0 480.0 400.0 680.0 240.0 680.0 220.0 40.0 20.0 300.0 500.0 520.0 640.0 600.0 140.0 720.0 340.0 560.0 600.0 600.0 740.0 540.0 340.0 460.0 0.0 440.0
0.0 500.0 640.0 920.0 340.0 580.0 540.0 440.0 700.0 660.0 720.0 760.0 760.0 580.0 780.0 460.0 780.0 820.0 600.0 900.0 680.0 680.0 780.0 680.0 540.0 620.0 720.0 700.0 700.0 820.0 360.0 720.0 780.0 820.0 300.0 580.0 680.0 440.0 560.0 700.0 760.0 860.0 640.0 820.0 720.0 1000.0 760.0 540.0 520.0 700.0 980.0 580.0 480.0 300.0 620.0 680.0 540.0 540.0 820.0 560.0 620.0 720.0 460.0 620.0 720.0 680.0 860.0 660.0 780.0 560.0 1020.0 680.0 780.0 760.0 600.0 760.0 820.0 680.0 620.0 800.0 0.0
OUTSOURCING_COST
712 270 640 336 637 700 4 288 765 40 504 252 272 124 156 13 504 392 81 91 180 225 384 240 135 792 240 920 10 63 657 770 581 308 405 420 630 950 152 306 477 390 310 410 657 621 810 184 96 650 43 450 75 528 602 740 392 310 650 960 77 308 340 96 24 460 980 558 399 660 144 108 438 333 624 234 740 112 690 88
OUTSOURCING_TARIFF
3
0.000000000 4000.000000000 1.000000000 0.000000000
4000.000000000 8000.000000000 0.850000000 600.000000000
8000.000000000 31918.000000000 0.700000000 1800.000000000
