80 3
1513 11390 8 4
1440 6016 2 3
1152 15948 8 10
864 11916 2 7
1638 10206 7 6
1190 15079 10 7
25 11225 2 4
576 6768 2 8
1275 5655 9 2
84 19152 7 10
1800 19575 6 7
504 5598 9 8
510 13710 4 8
1550 16700 2 2
468 8154 6 1
195 12255 1 1
1386 19536 2 8
931 15124 8 8
198 7788 8 9
195 6000 4 7
720 6740 5 5
500 13000 9 4
912 10393 8 2
1260 11571 4 2
270 15840 4 9
2112 10992 6 9
2000 9975 3 3
1932 10794 1 10
34 15589 5 2
189 17640 5 7
1533 18795 9 4
1463 10450 2 10
1743 10710 7 5
704 14224 6 7
1620 9100 2 5
1610 7797 6 3
1449 20516 10 5
2090 18040 10 3
475 18300 8 7
816 11016 9 3
1166 7480 9 7
936 21384 8 10
1550 14725 3 5
943 17986 10 1
1606 17490 2 9
1380 15600 4 9
1800 9780 9 2
391 15130 2 8
1152 7608 2 1
1300 11840 10 10
817 9120 1 1
765 15436 2 10
550 16896 1 3
1584 17640 8 6
2064 10488 7 6
1258 7412 6 10
784 7984 8 4
1426 18354 5 3
975 13155 10 8
1440 11655 5 10
253 20838 6 7
1056 12120 3 7
782 7314 6 10
276 10994 1 8
68 11475 6 4
920 15340 3 10
1862 16796 10 7
992 6528 8 9
1254 19624 7 4
990 6030 2 10
256 12576 9 9
756 8694 3 3
1168 12000 6 1
740 12600 9 3
1638 18312 2 8
975 19200 6 4
1406 17176 5 10
304 9804 2 7
1242 9234 9 10
209 8208 8 3
SETUP
0 200 280 640 560 440 360 600 580 600 180 340 560 500 360 280 240 540 380 520 540 480 480 400 480 560 620 360 400 540 500 500 460 620 560 480 620 480 560 160 380 560 460 440 420 560 220 480 640 160 780 240 320 160 340 420 340 280 660 480 280 540 260 340 280 380 480 420 480 380 700 300 400 640 460 400 320 320 280 500 360
0 0 260 560 520 660 500 400 480 440 420 660 400 440 460 80 360 660 260 400 500 300 300 320 460 480 640 200 200 440 300 400 300 440 560 440 440 380 360 400 600 440 320 320 340 700 460 460 460 400 580 80 560 400 360 420 160 280 640 280 600 460 380 420 520 200 700 540 300 400 580 560 280 620 560 620 420 420 140 440 460
0 440 0 400 460 560 440 460 380 420 540 660 620 480 280 520 260 460 400 440 620 500 480 160 420 300 620 420 460 300 440 440 440 580 540 480 640 520 320 440 460 340 360 420 200 660 580 220 600 600 680 500 500 560 100 620 360 20 540 240 580 500 280 280 520 380 560 580 260 260 560 460 400 760 520 660 320 300 160 280 500
0 580 800 0 560 160 600 500 480 500 480 540 580 280 500 460 340 560 500 500 680 580 460 380 640 580 520 380 380 520 400 580 480 540 760 560 780 560 540 440 600 440 440 500 420 680 500 600 560 440 880 260 580 440 320 220 520 120 640 320 700 540 380 460 620 600 620 700 480 440 720 500 460 800 200 680 420 280 260 500 600
0 280 520 580 0 700 280 360 360 600 440 720 440 260 480 140 520 680 520 560 400 340 520 340 480 520 580 400 460 480 340 600 500 480 420 540 600 100 220 440 640 540 500 500 380 780 480 440 500 440 640 280 160 420 300 620 200 540 480 420 440 400 320 300 560 460 620 380 440 420 680 560 480 680 500 660 560 480 340 460 180
0 420 680 460 400 0 460 360 320 460 360 440 500 140 360 300 580 580 560 500 720 500 300 220 500 480 380 480 220 360 240 500 560 440 600 540 680 480 380 320 540 280 460 480 260 720 380 440 400 320 740 400 500 320 180 120 360 460 480 300 540 560 380 360 460 440 520 580 320 320 560 520 580 680 40 560 500 320 280 340 520
0 380 540 720 440 440 0 440 460 620 200 740 560 500 380 440 420 720 440 560 540 480 460 480 520 620 620 360 400 440 640 520 460 540 520 480 640 520 320 160 380 600 480 400 520 560 220 540 640 160 660 240 560 160 520 540 340 540 800 480 500 500 360 340 620 520 480 420 240 480 720 480 440 640 220 400 480 500 300 680 500
0 320 580 740 380 420 120 0 560 300 300 680 620 500 480 400 520 640 440 660 640 360 560 480 620 180 500 480 500 520 320 580 560 580 620 480 720 460 420 260 480 680 420 500 520 580 320 100 480 260 760 340 520 260 440 520 440 560 860 140 600 440 280 260 540 460 580 520 340 380 820 580 540 740 320 500 580 560 400 620 540
0 540 700 780 540 740 580 460 0 640 460 740 460 580 640 600 580 760 580 620 700 520 340 540 520 640 260 440 660 460 560 460 520 600 500 560 420 540 340 680 620 640 540 440 580 680 500 560 720 720 700 300 180 460 580 560 380 360 840 540 580 520 500 500 580 540 260 660 280 620 500 540 480 700 500 900 580 500 360 500 200
0 440 480 540 520 700 420 460 460 0 600 660 520 200 340 520 460 560 160 520 600 280 280 300 480 540 520 320 240 240 600 500 400 360 540 200 560 540 320 580 520 480 120 440 340 800 180 460 660 580 560 180 580 560 160 540 280 260 680 320 480 500 200 340 380 300 620 640 400 300 640 500 400 660 620 640 520 340 240 340 540
0 320 360 540 400 700 480 500 460 520 0 660 380 320 200 380 340 620 320 380 480 300 300 300 340 440 440 180 420 440 460 380 280 480 600 300 540 440 460 540 480 420 300 300 340 540 40 560 560 640 640 60 540 580 340 400 160 360 620 480 340 460 360 520 500 500 540 240 400 380 560 400 260 620 440 680 400 400 120 500 560
0 520 360 560 600 620 480 540 480 540 500 0 680 240 40 500 420 460 240 600 600 500 560 320 180 480 560 500 480 460 480 360 580 300 480 220 320 580 400 520 320 500 520 580 360 680 540 420 520 520 840 360 620 520 280 380 360 360 520 440 580 560 400 380 440 540 160 320 420 400 400 220 560 820 300 560 480 240 340 360 640
0 560 800 820 580 920 640 860 780 440 820 920 0 640 760 620 900 760 580 800 880 620 720 560 680 860 520 740 680 500 840 360 840 780 840 620 840 660 740 520 920 760 560 480 600 500 600 840 980 780 960 620 720 780 580 600 700 700 860 760 720 840 520 760 480 580 920 820 660 640 1020 820 760 820 860 740 860 720 520 760 740
0 300 540 340 400 500 500 400 320 580 480 580 540 0 240 380 620 440 440 440 620 440 420 100 380 580 320 360 480 240 580 380 440 580 480 420 580 460 260 600 420 280 360 360 140 600 520 500 700 600 620 380 500 500 40 540 300 440 480 460 520 440 240 220 460 320 520 520 200 200 440 400 520 600 460 760 440 240 420 220 520
0 500 320 540 580 600 440 520 460 620 480 580 700 220 0 580 400 440 220 640 580 480 580 300 160 500 540 560 500 440 660 540 640 680 460 200 500 560 380 600 280 480 560 560 340 640 500 540 480 600 820 520 580 480 240 460 340 320 500 560 540 540 380 360 400 520 360 300 400 380 580 200 540 800 620 540 460 220 460 340 620
0 140 400 540 660 600 440 340 620 520 340 600 340 580 380 0 480 720 380 540 620 220 420 440 520 500 580 340 340 380 220 540 420 360 700 580 580 300 500 320 540 580 380 460 480 720 380 420 380 320 520 220 700 320 340 560 80 400 780 420 640 580 380 360 640 320 640 560 420 460 620 580 420 660 520 540 560 520 260 360 600
0 640 600 740 420 520 380 460 360 380 540 660 700 460 280 560 0 400 160 300 380 480 480 500 420 600 600 560 520 440 620 280 640 420 540 460 460 520 320 540 420 320 420 200 340 780 540 520 460 540 680 520 420 500 100 620 480 280 520 420 580 480 40 280 300 480 520 480 540 140 720 340 160 520 540 640 80 300 420 280 260
0 320 580 620 480 160 440 500 420 440 520 600 660 300 340 400 360 0 480 640 440 540 460 380 480 600 540 520 380 520 400 340 620 480 660 540 760 360 540 480 520 380 560 260 400 780 540 520 520 480 420 400 520 120 160 280 480 540 580 360 440 340 300 280 460 520 620 460 480 160 720 540 220 580 200 720 140 360 440 340 360
0 620 740 680 640 680 340 320 320 560 520 800 760 340 540 620 360 540 0 520 720 660 600 420 620 480 560 680 560 580 620 460 540 500 380 320 720 380 180 500 720 560 440 540 460 680 560 400 660 500 880 580 480 420 380 480 600 120 640 380 420 360 380 520 600 640 580 540 500 280 640 680 500 860 560 500 420 560 260 540 520
0 420 660 620 560 480 340 240 240 480 320 720 680 540 460 500 500 640 440 0 600 500 580 360 540 400 480 500 620 300 540 400 580 420 300 580 640 300 100 300 520 560 580 460 400 700 360 320 680 300 880 360 420 200 580 580 460 260 760 300 340 280 460 440 520 380 500 460 460 460 560 640 500 680 520 440 560 640 400 720 440
0 560 660 620 480 620 340 240 260 240 360 740 700 440 380 500 600 580 380 740 0 500 500 520 520 420 500 540 420 460 500 500 640 440 320 420 560 320 120 340 560 660 360 480 560 440 400 340 100 340 800 420 420 340 380 720 500 500 780 320 360 300 420 440 620 540 500 480 520 320 580 580 500 760 240 580 640 520 460 560 160
0 660 700 880 740 900 800 700 740 520 860 380 720 600 400 740 680 740 620 740 820 0 640 640 540 800 820 540 720 760 700 720 620 680 860 600 680 620 780 880 620 760 640 660 680 1020 400 780 400 880 1000 400 760 680 640 760 500 720 680 620 680 600 700 740 740 820 540 700 740 740 760 600 620 440 520 700 760 620 460 740 800
0 580 820 800 400 680 640 540 640 720 540 660 820 640 640 520 400 520 540 580 720 560 0 720 740 700 740 720 580 700 620 600 580 720 740 620 620 480 580 580 360 600 500 540 700 580 580 640 780 700 920 600 540 620 460 760 420 160 620 640 540 640 420 620 680 400 460 760 500 440 660 280 500 860 700 740 420 300 300 620 580
0 380 620 260 300 400 420 320 240 480 560 680 460 400 500 420 580 360 500 340 540 360 340 0 520 480 480 260 400 160 520 300 360 500 380 500 480 380 180 520 380 200 280 280 40 520 600 400 620 560 540 440 400 420 320 460 220 360 400 380 420 360 500 480 360 220 480 540 120 100 640 300 440 640 380 740 360 320 400 480 440
0 360 180 400 440 560 300 380 320 480 480 640 600 80 300 440 420 500 80 500 440 400 480 160 0 360 400 420 540 300 600 440 500 540 460 60 640 420 240 460 480 340 420 420 200 660 520 400 340 460 680 440 460 460 100 320 360 180 360 420 400 400 300 280 260 380 580 160 260 260 500 460 420 660 480 560 340 300 320 280 500
0 680 720 560 540 720 620 620 540 460 460 840 720 600 440 660 760 660 420 660 840 660 480 320 540 0 500 560 380 460 740 600 380 400 680 580 780 300 480 160 660 500 580 460 340 760 480 520 780 780 840 500 440 600 600 620 520 520 700 300 620 260 440 420 680 540 760 680 420 400 840 600 700 840 680 380 660 620 420 780 460
0 720 800 840 500 780 460 680 440 500 640 740 840 680 520 640 560 720 640 740 460 420 560 600 620 680 0 640 660 540 820 360 740 500 760 660 820 600 560 620 700 400 620 280 420 860 660 600 540 620 760 680 600 620 380 880 640 660 600 620 800 740 340 540 480 600 680 760 620 460 880 620 240 600 540 840 340 380 660 540 580
0 440 440 660 700 800 540 440 560 540 500 720 200 320 540 520 660 660 320 400 680 340 480 400 260 280 640 0 440 540 600 540 100 560 680 300 780 500 480 420 600 600 320 660 440 700 540 540 600 560 760 480 360 560 360 560 280 440 600 500 660 480 280 540 520 620 640 400 500 400 380 520 640 760 720 600 580 540 140 520 400
0 600 720 780 340 700 580 540 560 260 640 640 760 460 500 460 480 600 400 660 580 520 100 540 640 560 660 560 0 480 440 480 660 560 760 440 680 420 540 660 460 520 380 420 440 660 420 640 600 700 820 440 480 600 320 780 440 240 720 80 640 420 240 220 500 420 560 700 520 340 760 360 360 460 720 820 280 380 380 480 500
0 440 700 320 380 480 480 380 300 560 640 600 520 240 460 500 640 420 460 420 400 220 400 80 580 380 540 340 460 0 600 360 420 440 460 560 340 460 240 520 460 260 340 340 120 580 600 480 480 640 600 400 460 480 280 520 280 420 460 460 500 420 480 460 440 80 560 440 180 180 680 380 440 660 440 620 420 380 440 460 320
0 440 640 740 480 540 220 120 520 300 400 420 740 500 440 520 620 760 440 700 760 480 560 580 580 300 360 580 480 520 0 700 660 520 740 480 720 400 520 380 600 760 420 560 620 680 440 220 160 380 860 460 620 380 460 640 540 560 920 240 700 360 380 360 640 580 560 620 460 500 800 640 600 860 300 400 700 580 500 580 660
0 660 520 720 560 720 480 680 640 520 460 900 740 400 620 680 600 780 400 820 760 580 760 480 340 620 700 540 740 620 560 0 520 640 780 380 900 520 560 440 660 640 640 300 520 820 500 540 680 440 780 520 640 440 440 640 620 520 680 520 520 500 620 620 140 700 760 480 580 580 820 780 660 920 680 680 660 620 560 600 680
0 360 340 560 600 720 460 420 480 580 500 720 560 220 440 440 580 560 240 320 600 340 400 320 160 520 540 520 360 460 520 500 0 460 600 220 740 420 400 480 580 500 240 580 360 660 540 520 500 460 680 400 280 480 260 480 200 340 520 420 560 380 200 440 420 540 680 320 420 320 660 500 540 780 640 700 480 460 40 440 300
0 340 360 580 380 620 460 360 380 320 500 620 720 240 40 420 400 460 240 400 620 500 580 320 180 200 560 540 520 480 340 560 560 0 440 220 540 440 220 340 320 520 440 600 360 600 460 120 500 620 840 400 540 460 280 480 360 180 520 140 480 420 300 280 440 480 380 320 440 400 620 240 560 820 620 560 480 240 320 380 440
0 240 360 640 640 320 540 620 560 640 660 760 640 300 520 320 580 620 320 640 420 480 540 400 240 560 620 440 440 540 540 560 540 680 0 300 680 620 480 640 700 580 560 560 440 860 700 560 520 620 820 320 440 40 340 420 400 360 600 520 360 640 540 520 500 440 800 360 500 380 740 680 520 520 340 800 540 540 380 520 460
0 320 540 360 400 520 260 340 280 540 440 600 560 20 240 400 380 460 40 460 640 340 440 120 380 500 340 380 500 260 600 400 460 500 400 0 600 380 200 420 420 300 380 380 160 620 480 420 680 420 640 380 440 420 60 500 320 140 500 380 440 340 260 240 480 340 520 540 220 200 460 400 520 600 480 520 440 260 280 240 480
0 300 540 540 540 700 480 500 460 520 520 740 380 440 520 360 340 580 440 380 480 520 300 300 380 460 680 200 420 440 580 60 280 520 680 420 0 480 460 500 640 420 300 300 340 740 560 580 560 480 640 60 540 480 340 400 440 460 620 480 560 460 360 520 180 480 500 540 400 320 560 580 260 620 660 700 400 400 120 500 580
0 680 800 1020 600 960 800 700 700 640 640 1020 880 680 820 700 840 980 680 480 940 780 800 760 620 760 580 700 800 720 900 560 460 880 780 660 520 0 560 760 960 900 680 700 620 1020 680 800 640 760 1020 560 680 680 680 900 640 720 960 780 800 740 640 860 680 800 960 560 800 760 840 860 740 1020 780 920 660 880 500 860 720
0 460 560 860 460 520 240 140 160 380 420 640 600 520 360 460 660 540 340 680 620 500 480 600 460 320 400 580 620 580 460 520 620 340 220 500 560 220 0 400 620 560 500 380 460 720 460 240 620 400 840 440 320 240 540 640 520 460 680 220 260 200 360 340 620 560 400 380 420 480 480 560 400 720 460 640 540 540 500 640 360
0 660 920 1000 780 740 860 960 840 700 760 880 940 680 640 700 640 940 660 920 840 800 540 760 780 840 1000 740 440 700 880 740 840 820 980 820 780 760 820 0 520 800 820 680 800 1020 800 760 640 860 1020 720 860 460 720 840 760 680 1000 520 480 840 660 660 880 760 620 940 860 780 700 800 640 900 760 240 700 780 780 880 720
0 540 720 780 700 320 540 640 640 480 380 740 640 440 560 600 580 620 620 560 720 660 560 540 640 720 680 440 520 680 560 300 520 700 720 600 260 660 500 360 0 600 480 560 560 760 420 740 700 360 900 320 740 360 480 400 520 700 720 600 660 620 380 540 440 620 120 600 640 500 340 380 520 820 340 380 660 400 280 660 680
0 380 560 700 120 500 380 280 40 560 500 780 460 360 580 240 620 340 440 560 520 440 380 460 380 460 280 460 580 500 460 280 560 580 540 420 440 200 320 460 600 0 580 460 480 460 540 380 600 540 720 340 220 460 400 580 300 400 200 400 560 520 420 400 180 520 300 500 300 80 480 520 500 740 520 700 480 520 400 520 240
0 460 540 760 440 660 660 600 340 380 480 600 800 420 220 540 560 520 420 620 700 640 160 520 360 420 560 660 120 580 540 540 640 240 660 400 660 460 460 560 400 560 0 520 540 700 520 360 700 600 440 520 520 600 40 660 560 320 700 200 640 420 240 220 260 540 500 520 600 360 740 420 480 580 500 740 400 220 460 220 540
0 520 700 760 400 620 180 620 380 220 360 660 720 420 560 380 600 680 360 720 720 280 500 500 700 720 620 520 460 440 600 620 620 560 700 400 780 480 480 340 560 340 340 0 540 740 380 680 580 340 480 400 540 340 380 720 360 480 540 540 660 680 400 520 520 520 640 600 420 420 820 660 600 720 400 580 660 560 460 500 560
0 460 660 440 480 540 500 400 400 560 540 640 420 360 460 540 580 380 480 320 500 320 400 180 480 480 640 240 360 120 600 480 320 480 460 460 440 480 260 600 340 380 240 360 0 600 560 500 600 600 620 500 580 500 280 640 300 500 560 440 500 440 480 460 500 200 440 540 200 280 600 260 440 600 460 720 360 280 360 440 420
0 440 660 660 180 740 440 520 520 540 460 580 600 320 360 300 640 620 320 680 560 500 540 400 500 420 640 560 460 560 500 540 660 560 600 300 700 260 380 20 520 600 600 600 440 0 500 340 640 600 800 440 320 460 360 780 360 440 660 360 500 420 460 440 620 620 620 540 500 380 700 440 640 320 660 240 720 220 400 520 340
0 280 320 500 360 660 440 460 420 480 620 640 340 400 460 360 300 600 420 340 440 260 260 260 400 420 540 160 380 400 440 340 240 440 640 400 520 400 420 560 600 380 260 260 300 700 0 520 520 600 600 20 500 540 300 360 120 320 580 440 300 420 320 480 460 460 680 540 360 360 540 540 220 580 600 660 360 360 80 460 520
0 240 480 640 280 640 440 340 620 200 520 600 620 400 520 300 580 540 340 620 680 460 480 380 620 80 580 420 420 420 220 480 460 480 700 380 620 360 480 220 560 580 320 540 420 480 360 0 380 580 760 300 420 540 360 500 380 460 760 40 560 340 180 160 440 360 660 660 460 300 740 480 500 800 520 460 640 460 360 520 460
0 540 620 680 480 820 560 580 360 140 680 660 600 340 300 400 600 700 280 640 740 420 400 440 440 540 440 460 320 360 600 620 540 360 660 320 680 240 460 680 580 620 260 400 460 780 300 460 0 700 700 320 520 700 300 660 420 400 780 240 600 200 320 360 520 440 600 580 540 440 780 500 520 780 140 520 600 420 380 460 560
0 220 380 560 420 280 200 520 480 540 40 620 400 340 220 300 260 580 360 420 400 320 320 320 360 460 480 220 420 460 500 400 300 500 400 340 480 420 480 20 220 460 320 340 360 420 80 580 480 0 680 80 400 20 360 400 180 400 640 420 340 400 220 200 480 400 320 260 420 320 560 420 300 480 320 240 340 420 140 540 340
0 580 560 780 480 720 680 620 420 580 620 600 420 440 240 600 480 560 440 640 800 640 80 540 380 720 620 680 640 600 580 500 660 520 700 420 500 420 580 660 440 380 560 580 560 640 560 640 720 680 0 560 580 680 480 500 500 240 580 420 620 380 200 180 460 480 360 540 520 320 580 360 580 780 760 760 500 360 380 180 600
0 580 560 500 480 640 440 440 400 460 600 700 340 400 460 600 280 600 400 340 420 460 260 240 380 400 640 140 360 380 720 320 220 460 620 380 720 440 420 560 580 380 260 260 280 680 640 540 520 580 680 0 500 540 280 360 420 400 580 420 580 400 320 460 460 460 660 540 340 340 520 520 220 560 600 640 360 360 60 460 520
0 500 520 620 380 560 560 460 380 580 300 700 280 400 460 500 400 720 420 460 540 580 380 360 340 540 620 260 500 400 400 440 340 440 340 400 700 460 540 680 580 500 380 380 400 780 340 540 540 700 820 140 0 280 400 480 440 520 700 540 620 520 440 480 580 480 620 500 460 460 640 500 340 540 600 760 480 320 180 480 40
0 220 460 740 680 280 700 620 600 620 620 720 600 420 520 300 560 600 460 620 400 500 500 500 660 680 660 420 420 640 500 540 500 640 700 660 660 580 500 600 800 560 520 520 540 820 660 680 480 600 800 280 400 0 460 400 360 480 760 500 340 680 580 620 660 400 800 760 500 340 800 700 480 480 320 840 640 600 340 620 440
0 680 500 720 640 620 620 700 560 580 440 560 780 400 200 760 580 480 400 820 680 660 560 480 340 680 620 620 480 600 600 520 720 540 640 380 620 420 560 560 380 540 580 580 520 680 480 640 660 560 860 500 500 560 0 640 520 500 680 420 720 400 200 180 460 680 480 480 580 320 700 380 660 780 660 720 620 200 560 180 540
0 680 680 900 600 820 800 700 700 520 820 340 940 560 360 700 740 660 580 720 840 780 360 660 500 380 700 760 280 740 660 460 740 340 760 560 580 660 560 520 640 800 640 680 700 780 680 460 820 840 1020 620 740 780 580 0 700 500 860 360 800 640 500 480 580 680 420 660 760 620 660 560 640 740 640 740 560 580 600 700 760
0 160 420 720 680 820 540 440 640 600 580 520 560 600 520 240 500 780 420 560 640 140 460 480 620 600 680 360 360 600 320 560 460 540 720 600 600 540 520 560 700 600 320 480 500 860 540 520 480 540 740 240 720 560 340 580 0 440 800 440 760 620 540 520 580 360 680 700 460 560 740 720 440 580 620 720 580 540 300 520 620
0 660 760 820 540 600 620 520 500 600 720 880 760 480 520 680 240 460 400 420 600 640 500 560 580 700 720 660 460 580 800 500 420 560 660 460 700 520 460 680 660 460 340 440 580 800 760 620 700 700 780 600 480 560 340 720 500 0 660 520 680 480 280 520 520 660 740 720 400 380 920 560 400 740 560 860 320 520 140 520 500
0 600 580 600 480 660 640 580 480 680 400 800 260 520 560 600 520 820 520 560 640 600 480 480 460 640 200 360 560 500 500 540 460 540 440 500 780 560 640 760 680 580 480 460 500 760 440 660 660 800 920 240 120 380 520 580 540 580 0 640 720 620 540 600 660 580 720 600 580 560 740 600 420 640 700 860 540 440 300 580 140
0 520 640 700 260 620 520 600 600 180 660 560 680 380 500 380 620 520 320 680 660 440 460 460 620 640 580 480 420 400 540 460 580 480 680 360 600 340 460 620 540 640 300 540 500 620 340 600 700 640 740 360 400 520 320 700 440 440 740 0 640 340 160 140 420 340 640 620 440 260 720 460 560 840 660 800 660 480 400 500 420
0 360 600 740 420 400 380 540 360 420 540 400 560 500 420 220 520 660 560 640 360 420 460 520 520 600 600 540 540 460 420 280 380 400 680 580 700 500 460 520 620 320 540 200 340 780 580 520 400 520 680 420 520 520 540 500 280 580 520 540 0 600 560 580 400 520 540 680 520 400 780 520 160 500 440 760 600 300 420 560 520
0 480 500 700 280 660 380 460 480 200 560 600 700 380 180 400 500 560 160 500 680 480 480 460 320 340 240 500 440 380 480 480 480 160 540 360 540 40 320 480 460 540 320 200 280 660 360 260 640 520 680 380 420 520 360 620 480 280 660 40 520 0 180 160 440 380 520 480 460 300 740 380 480 820 580 640 580 400 420 520 460
0 600 640 720 760 540 680 680 700 740 580 680 660 440 600 680 720 380 440 820 740 580 540 480 460 740 760 640 500 400 760 320 640 620 700 420 640 660 620 540 400 660 380 580 520 760 620 680 800 680 800 520 380 480 420 640 440 560 660 580 640 620 0 600 260 480 500 620 580 120 700 300 540 700 560 760 500 320 560 580 420
0 620 660 740 480 560 580 520 680 400 540 440 680 460 380 600 700 400 360 700 760 480 560 500 480 540 440 660 520 420 420 340 660 360 720 440 660 240 540 500 420 680 400 400 480 500 560 460 580 500 820 520 400 500 440 660 460 480 680 240 660 220 20 0 280 500 520 640 600 140 720 320 560 720 580 720 520 340 580 600 440
0 560 380 580 640 740 500 580 520 560 680 760 800 260 480 600 620 700 280 700 640 580 680 360 200 500 580 620 720 500 620 640 380 520 640 260 840 400 440 640 660 540 620 560 400 700 720 420 540 660 880 620 520 660 300 500 560 380 560 400 380 380 500 480 0 580 760 360 460 440 700 640 540 840 680 760 520 500 420 480 540
0 380 620 620 620 700 400 300 320 480 600 720 640 540 400 440 600 560 500 640 420 360 320 380 540 300 560 440 560 300 520 320 540 360 380 580 260 380 180 440 660 560 520 260 400 520 620 400 500 560 520 320 480 420 480 660 220 420 760 380 420 360 540 520 440 0 560 360 120 300 640 580 520 780 380 660 460 480 380 660 520
0 440 700 700 680 680 640 560 620 380 540 640 540 520 580 520 480 520 520 460 620 560 460 440 540 620 740 340 500 600 720 200 420 600 680 500 160 560 540 640 360 580 380 460 480 720 540 660 680 640 800 220 660 580 400 300 420 600 620 560 720 520 280 580 340 580 0 680 540 400 240 280 420 760 640 740 560 300 180 580 680
0 560 680 760 300 620 480 580 460 480 640 640 720 540 380 420 400 600 540 680 460 580 560 520 520 220 600 660 580 560 620 380 580 500 680 560 760 380 500 360 500 420 580 300 440 820 640 620 560 640 780 560 440 640 200 720 480 660 560 500 260 460 400 380 500 620 600 0 620 340 820 420 260 600 640 540 180 380 620 380 400
0 280 520 520 520 600 300 200 220 380 500 620 660 440 420 340 540 620 400 620 580 260 220 280 520 380 460 460 460 200 420 560 560 400 280 560 540 280 80 420 580 460 420 160 300 420 520 300 580 460 420 340 380 320 440 680 120 320 660 280 320 260 440 420 640 280 460 440 0 360 540 500 480 680 280 640 600 380 360 600 420
0 580 700 880 700 420 640 580 620 680 660 820 920 540 600 660 620 260 600 820 640 700 720 640 520 760 780 740 640 720 660 200 700 680 880 580 760 620 740 640 520 580 740 460 600 880 700 680 720 640 680 660 780 380 420 520 560 700 780 540 700 580 560 540 340 760 620 680 740 0 820 440 420 780 460 860 400 440 540 600 620
0 440 620 680 660 540 560 600 460 160 420 520 660 360 480 520 600 380 300 660 640 420 420 440 620 640 620 460 380 380 600 480 540 500 460 340 480 680 460 580 240 580 280 580 480 600 320 580 680 580 620 340 540 360 300 440 280 420 500 460 620 640 340 480 520 360 340 640 460 320 0 140 540 800 420 600 520 160 380 480 560
0 300 560 800 620 400 620 560 660 540 280 380 620 520 420 380 580 240 540 640 500 280 380 560 560 540 480 460 300 700 460 340 540 680 460 560 340 600 580 440 100 620 460 500 600 460 320 640 540 440 660 320 400 360 400 480 140 540 360 380 600 560 460 500 460 480 200 500 580 180 400 0 460 720 440 460 380 20 380 580 420
0 480 560 620 280 660 220 440 200 260 400 520 600 440 280 400 640 500 400 500 220 320 320 360 380 440 440 420 420 300 580 120 500 260 520 420 600 360 320 380 460 160 380 60 200 620 420 360 320 380 520 440 380 380 420 680 400 420 360 400 560 500 440 520 240 380 460 540 380 240 640 380 0 360 440 620 540 140 440 540 360
0 520 360 580 480 620 480 440 500 620 500 360 720 240 40 600 420 460 240 360 620 500 440 320 180 520 560 560 400 480 680 560 660 500 480 220 540 460 400 620 320 520 280 580 360 680 540 540 520 620 720 540 620 520 280 480 360 360 520 460 580 420 400 380 300 540 380 320 420 400 620 240 580 0 640 560 480 240 80 380 640
0 400 660 780 520 800 680 580 740 440 540 520 460 640 540 260 660 640 580 800 760 480 280 700 680 740 740 600 200 620 480 600 680 620 760 620 820 560 600 580 600 700 560 600 620 840 580 680 640 580 760 460 660 580 500 800 340 440 860 260 520 600 420 400 680 580 680 760 540 440 860 520 540 640 0 800 460 280 520 620 680
0 820 1000 1020 820 600 740 860 760 760 660 720 920 720 680 900 400 800 560 700 760 820 840 820 820 1000 980 720 820 840 840 600 820 800 940 700 540 820 720 640 300 720 760 580 740 1020 700 920 860 640 1020 600 820 640 500 680 680 660 920 820 960 880 440 680 700 820 400 880 860 540 620 660 560 700 640 0 480 680 580 680 660
0 560 540 700 360 440 300 520 280 300 480 580 680 420 220 480 220 440 380 520 300 400 400 460 360 520 520 500 500 380 580 200 580 340 520 400 640 440 400 460 400 240 420 140 280 700 460 440 400 460 620 480 460 460 40 540 480 480 440 360 640 420 240 220 340 460 500 420 460 180 720 420 100 440 480 700 0 220 520 200 240
0 540 600 800 600 580 740 720 700 540 260 380 640 560 400 620 580 420 580 640 500 520 380 540 540 520 460 440 280 680 680 320 520 660 700 560 580 700 600 660 320 680 560 560 580 680 300 780 540 660 840 300 620 520 580 660 380 520 580 360 600 700 520 500 460 700 420 480 640 160 620 240 520 740 600 700 540 0 360 740 640
0 640 720 680 620 760 500 380 520 540 580 780 880 340 420 700 700 700 340 280 860 660 360 440 560 560 580 680 320 560 700 660 780 420 580 320 700 380 360 540 600 620 200 540 460 900 620 480 860 560 640 640 680 480 220 820 560 460 820 380 540 340 420 400 460 640 700 700 500 520 780 600 680 760 700 720 600 420 0 400 700
0 620 660 740 500 560 580 540 680 420 540 440 700 460 400 620 600 400 380 720 780 480 560 500 500 560 460 540 520 440 420 340 620 360 740 440 660 240 540 500 420 680 400 400 500 500 400 480 580 500 740 400 420 500 440 660 480 400 680 240 680 220 40 20 300 500 520 640 600 140 720 340 560 600 600 740 540 340 460 0 440
0 500 640 920 340 580 540 440 700 660 720 760 760 580 780 460 780 820 600 900 680 680 780 680 540 620 720 700 700 820 360 720 780 820 300 580 680 440 560 700 760 860 640 820 720 1000 760 540 520 700 980 580 480 300 620 680 540 540 820 560 620 720 460 620 720 680 860 660 780 560 1020 680 780 760 600 760 820 680 620 800 0
