80 5
480 5051 7039 9 9
216 1438 3092 8 6
240 6292 8352 1 3
826 1636 3368 2 7
582 3544 5816 1 8
174 3335 4965 2 1
828 1979 3781 2 4
15 4270 6410 8 5
5 4135 6117 2 5
962 3527 5533 8 5
690 2766 4434 6 5
780 1776 3888 2 8
1320 5516 7172 1 6
702 4927 6713 10 9
80 3514 5226 1 5
231 1596 3388 5 3
930 838 2652 6 10
451 4624 6356 2 6
175 3907 6033 10 1
189 4084 6276 8 2
1261 2192 4150 8 7
336 2679 4377 2 10
840 5074 6926 5 10
120 4276 6658 3 2
544 4545 6193 9 9
1040 1238 3202 7 4
1185 1985 3759 10 6
1274 1678 3626 8 10
315 1527 3493 3 9
440 5105 7411 7 4
574 1136 2834 3 6
390 3322 5632 2 2
98 4581 6683 4 5
336 2896 4976 1 5
768 6770 8800 9 3
24 5894 7666 6 6
975 1404 3166 4 3
144 3191 4873 2 7
1012 3421 5575 8 9
200 2752 4838 10 2
910 3688 5646 4 5
440 4035 5781 7 6
247 976 3264 1 2
1000 2919 4833 3 5
540 3476 5836 5 9
300 3416 5034 2 1
322 2176 3840 4 4
836 2007 4077 4 9
420 6728 8452 7 8
104 2109 4227 3 10
345 3155 5029 6 4
860 3791 6021 9 5
21 2570 4966 1 9
195 2002 4030 10 9
516 772 3068 1 6
552 1592 3658 6 5
240 5148 6916 3 6
900 4320 6158 3 10
372 4538 6792 4 8
312 3256 5060 10 7
710 1276 3008 7 3
780 3779 5981 5 5
1305 2944 4712 2 8
657 2952 5228 8 7
1425 3177 5559 10 8
649 2876 4596 2 5
549 4664 6640 2 9
248 3087 5085 10 4
60 3091 4719 10 2
434 4189 5791 2 4
602 6895 8525 5 9
1170 2911 5297 8 3
390 2165 3931 10 3
1300 4833 6903 7 4
1005 3579 5655 8 7
550 2345 4607 10 8
611 4303 6279 7 9
884 2358 4502 5 10
100 2797 4583 1 9
56 4489 6263 7 2
SETUP
0 298 308 202 138 170 223 223 372 202 191 160 223 266 372 266 149 404 202 234 64 223 351 266 202 191 361 75 149 287 287 160 372 234 170 319 213 149 223 160 372 191 181 329 234 308 287 202 372 266 181 234 266 319 329 202 340 319 287 160 329 287 202 255 43 361 298 255 308 234 298 244 393 308 308 160 160 234 202 308 75
0 0 287 138 298 213 234 404 361 329 340 372 213 382 404 319 244 329 107 191 319 499 414 244 244 340 234 393 393 308 308 340 266 223 319 107 319 308 372 191 308 244 276 351 287 425 298 372 170 446 266 255 191 213 319 467 340 393 244 255 276 276 255 382 361 414 223 382 372 329 404 223 435 404 340 319 244 276 298 372 213
0 414 0 287 191 276 244 213 404 181 202 191 191 266 351 266 255 213 319 298 117 287 393 202 170 223 372 393 149 287 107 266 414 287 319 329 32 298 170 287 351 170 340 138 255 382 244 255 340 160 191 266 340 308 319 181 361 255 276 128 266 213 255 244 372 255 181 298 308 276 319 276 499 351 319 319 191 234 255 128 287
0 351 160 0 160 234 107 319 287 213 213 255 85 319 276 276 223 329 276 54 234 372 457 117 181 287 329 287 308 308 223 244 329 287 213 170 181 234 308 266 223 181 340 213 372 329 160 244 255 308 149 117 64 213 181 340 213 319 287 234 181 149 329 340 266 287 96 244 244 351 351 128 298 298 234 244 107 149 202 276 276
0 414 202 298 0 128 340 372 340 244 308 351 244 372 435 382 351 393 160 351 287 488 467 393 223 382 340 361 329 319 276 351 446 202 319 298 213 382 319 107 329 223 372 340 414 414 404 96 319 361 329 266 351 276 287 382 414 340 287 255 340 319 170 382 361 319 372 361 478 404 404 361 552 446 510 255 393 202 351 308 276
0 372 329 181 329 0 223 319 255 234 191 266 160 276 435 255 223 276 43 234 255 425 361 287 138 287 244 276 298 244 244 234 329 107 202 319 181 266 319 138 213 138 287 329 319 319 276 287 372 414 213 234 234 149 170 414 329 255 181 138 223 223 96 255 255 382 266 361 404 287 276 244 467 340 404 276 276 85 244 276 160
0 393 266 255 202 170 0 223 308 223 117 255 170 266 308 181 149 308 202 308 128 340 404 319 149 266 393 191 213 213 117 149 340 266 117 181 298 170 234 191 223 149 244 117 298 298 202 266 298 213 213 22 319 234 181 244 340 319 255 160 298 234 255 276 170 319 298 340 329 298 361 32 287 372 361 191 276 202 276 319 308
0 393 372 234 308 255 298 0 361 276 361 170 149 266 393 414 319 393 298 287 244 393 329 340 117 202 372 244 319 298 234 202 361 298 170 340 351 234 298 244 298 128 414 414 223 351 287 308 382 435 244 308 287 276 276 117 319 340 234 255 340 213 276 329 223 276 319 361 234 382 382 308 457 298 457 244 329 181 266 404 223
0 308 298 298 128 149 287 213 0 234 181 149 213 255 393 234 128 287 191 276 54 202 329 255 191 181 351 54 138 276 266 149 361 223 160 287 276 213 244 223 329 181 149 351 202 298 266 191 361 244 170 244 351 298 287 191 308 298 276 138 319 276 191 181 32 351 329 244 287 213 287 308 457 160 255 191 138 223 191 298 266
0 329 287 351 308 361 414 351 351 0 361 351 255 382 202 425 340 478 361 308 244 414 520 244 234 372 351 266 319 287 244 351 467 213 361 308 308 425 393 414 414 244 170 425 213 425 287 298 234 435 276 361 393 393 382 393 276 223 351 351 191 329 382 361 234 213 223 128 393 404 457 340 552 244 361 287 234 298 382 361 372
0 287 244 202 234 191 298 191 361 298 0 255 149 234 351 75 170 382 223 255 202 372 404 202 266 276 276 223 213 96 191 255 372 255 223 308 266 287 128 298 266 85 170 382 223 404 96 298 191 404 96 181 255 287 308 308 329 329 223 181 234 213 234 298 202 234 181 382 351 372 414 266 457 372 319 298 202 223 266 340 329
0 223 393 255 213 287 213 64 276 266 266 0 191 308 446 340 329 351 319 308 138 425 382 361 160 32 276 276 223 340 128 223 414 138 202 329 202 255 298 266 213 170 308 329 287 351 319 276 393 414 255 149 308 234 170 181 351 255 276 96 298 255 107 213 244 340 340 361 298 276 276 234 329 361 478 266 361 75 276 255 287
0 414 308 160 319 276 213 351 340 308 319 351 0 276 435 393 308 255 319 213 266 319 446 276 329 329 351 266 308 372 255 223 351 340 191 191 340 255 319 266 202 244 393 319 298 372 308 287 404 404 234 223 213 138 160 404 340 340 446 319 202 75 319 351 244 372 255 382 244 276 266 234 319 223 393 266 266 75 128 435 404
0 298 255 276 276 298 351 266 149 244 287 202 149 0 351 361 276 160 340 276 202 351 361 213 160 234 414 202 276 96 266 255 446 340 223 340 276 287 351 298 329 160 298 351 202 404 266 276 191 393 244 329 329 276 308 160 308 308 234 287 234 213 308 319 181 234 191 361 361 361 414 319 457 308 329 298 213 223 266 372 255
0 128 181 160 234 276 234 223 160 128 160 170 64 181 0 234 266 276 191 117 160 340 329 266 43 191 149 191 234 213 149 181 382 11 223 223 202 276 276 266 213 43 191 319 234 223 255 298 32 329 255 255 213 191 191 329 234 340 149 234 255 128 266 181 181 11 244 244 308 298 255 149 361 276 382 85 255 96 181 234 308
0 425 223 287 170 117 329 128 329 319 276 244 234 351 510 0 96 361 160 340 149 308 435 181 213 276 213 160 234 361 213 244 372 191 255 393 244 319 308 244 329 213 244 361 298 372 234 255 319 351 32 117 340 266 287 244 404 266 298 107 244 308 160 234 128 393 382 340 351 319 382 351 541 319 393 329 244 202 213 266 266
0 382 351 191 340 22 234 276 266 223 213 213 181 298 414 266 0 266 64 244 266 319 340 308 149 244 266 298 170 266 255 255 351 128 223 298 202 234 213 149 234 160 266 351 308 276 298 160 382 435 202 255 255 170 191 382 351 181 202 11 234 244 117 138 266 393 287 276 361 308 298 255 478 361 425 244 287 107 255 170 170
0 308 107 244 234 191 276 287 191 160 298 298 149 276 223 308 170 0 223 202 191 319 414 64 128 255 266 234 255 298 181 276 435 234 255 308 128 319 266 298 298 128 308 202 54 393 117 128 202 266 96 181 223 255 276 287 160 160 234 181 128 213 276 298 213 234 43 213 213 361 382 170 393 223 181 255 64 191 266 223 308
0 340 287 138 287 117 234 329 266 234 266 266 170 287 393 340 234 234 0 191 244 457 319 244 138 244 255 308 319 202 234 319 435 117 287 276 255 298 319 96 213 149 287 351 276 329 298 361 382 414 170 255 191 117 276 435 340 298 138 244 181 234 202 361 287 340 223 351 372 298 382 255 435 298 361 308 244 191 202 276 117
0 435 329 181 340 276 234 382 276 223 266 372 32 308 425 340 255 276 308 0 287 319 404 298 351 266 382 287 329 319 276 244 276 372 213 117 361 276 351 287 223 276 382 351 319 393 340 308 425 393 266 255 234 160 191 351 160 308 446 266 223 96 340 382 266 340 276 202 276 298 298 255 244 244 351 287 287 96 149 340 361
0 351 276 244 75 202 340 191 319 298 128 128 223 202 382 202 191 361 234 234 0 425 287 276 202 160 298 351 85 223 234 244 319 170 319 351 234 308 191 181 308 138 298 414 340 382 223 138 319 414 117 202 308 298 287 298 361 308 223 202 340 287 149 319 319 361 308 404 414 170 234 308 446 244 446 319 319 202 149 329 340
0 435 351 351 425 404 244 446 319 340 351 467 255 382 467 425 382 510 298 329 351 0 520 308 234 255 488 372 435 404 340 382 520 361 351 361 372 414 478 382 404 234 467 351 181 531 351 266 340 457 340 266 244 393 372 478 298 298 340 319 372 319 329 435 340 467 287 340 404 499 467 266 520 361 425 425 255 298 382 446 404
0 393 191 43 191 191 138 234 319 244 244 266 117 287 308 319 213 138 234 96 138 404 0 149 213 244 244 319 223 340 128 276 361 234 244 202 213 266 329 170 117 149 276 244 181 319 202 266 287 319 181 149 96 22 223 340 244 223 319 223 85 181 202 181 298 244 128 276 276 202 372 160 340 117 266 287 149 181 234 308 308
0 244 43 223 181 128 287 223 372 213 234 234 128 255 351 244 107 255 170 223 128 329 393 0 107 266 223 298 191 276 117 308 372 234 287 319 75 329 202 255 276 107 255 181 298 382 54 255 138 202 43 117 276 266 255 223 244 213 213 117 75 191 213 234 329 234 213 298 329 298 361 287 435 351 351 202 234 170 244 170 276
0 382 276 128 191 255 202 213 298 266 255 244 32 149 393 319 308 276 298 181 128 340 298 234 0 276 266 266 202 181 117 213 382 287 191 223 234 244 319 234 181 11 298 319 266 361 276 266 287 382 244 223 181 160 160 298 202 351 117 287 223 96 266 351 234 319 213 244 276 266 266 191 340 255 351 255 223 64 149 287 393
0 202 361 223 298 255 191 319 255 234 255 255 160 276 435 329 308 319 298 276 223 393 425 329 128 0 244 244 223 308 213 202 414 107 170 308 170 223 266 234 181 138 276 298 329 319 287 255 372 382 244 117 276 202 138 372 329 223 244 64 266 223 75 191 223 435 308 329 404 255 244 213 446 372 457 244 329 54 276 223 276
0 457 361 287 191 308 340 298 234 244 244 234 138 319 446 308 298 382 340 244 117 319 393 329 170 266 0 276 191 329 266 351 340 149 319 181 191 372 308 287 329 170 43 457 96 351 329 170 393 435 234 308 266 266 287 361 202 202 276 287 329 202 255 244 255 457 308 255 372 276 340 351 446 266 414 393 223 202 255 287 351
0 361 244 319 117 191 234 298 319 191 308 276 223 255 382 372 213 361 234 372 181 160 425 202 202 160 319 0 266 351 308 138 351 181 107 361 266 170 234 181 340 202 351 298 234 287 223 202 319 202 213 255 372 340 298 223 340 298 308 223 266 287 234 266 160 382 298 191 244 340 351 255 414 298 244 181 85 213 319 361 329
0 266 234 170 181 128 255 107 319 308 54 43 170 191 393 117 107 340 170 149 170 414 319 191 202 75 223 266 0 149 160 266 340 181 244 266 244 298 170 255 223 54 213 372 266 382 138 266 234 382 43 117 223 266 213 223 308 276 149 117 255 244 149 244 244 276 234 351 329 319 319 234 361 308 372 308 244 117 202 276 276
0 372 308 213 266 223 255 287 393 244 191 298 54 276 255 266 287 308 255 255 202 361 372 319 287 287 393 213 276 0 191 160 351 266 128 244 329 191 266 202 255 276 361 372 351 308 255 329 276 404 287 276 266 191 213 340 319 276 393 298 138 117 308 298 181 138 298 361 298 329 319 287 361 276 435 202 276 128 170 361 372
0 361 287 255 85 213 298 107 329 276 138 138 181 223 393 213 202 372 244 244 22 435 287 287 160 170 308 340 96 234 0 255 329 181 276 361 244 223 202 191 319 149 308 255 329 393 234 160 329 425 128 213 319 298 298 223 319 319 234 213 351 244 160 329 319 372 319 361 213 181 244 319 457 255 457 234 329 213 160 340 319
0 319 361 298 202 234 308 287 372 244 266 234 202 319 435 329 213 446 276 351 138 244 414 340 181 128 372 138 213 351 287 0 223 234 244 382 298 298 329 308 308 181 404 425 361 160 351 276 446 329 255 213 351 319 266 266 351 202 287 191 393 266 202 308 107 425 319 329 361 298 361 329 510 372 372 308 223 170 276 340 298
0 308 149 308 287 191 244 234 382 128 191 170 266 329 329 255 223 329 234 244 255 361 457 213 266 202 329 213 138 287 244 340 0 298 308 361 170 372 308 170 319 191 287 287 266 488 255 351 351 298 149 234 160 308 276 266 276 351 287 234 244 308 276 351 361 308 191 244 181 425 266 266 361 351 287 382 32 244 287 266 85
0 382 298 149 223 276 223 213 149 138 149 160 54 170 329 223 276 308 319 202 149 351 319 255 32 181 138 191 223 202 138 234 372 0 213 244 255 266 276 255 202 32 181 340 223 213 244 287 308 393 244 244 202 181 181 329 223 340 138 244 255 117 255 319 170 340 234 255 298 298 287 213 361 276 372 276 255 85 170 308 414
0 319 213 266 149 96 138 234 298 117 202 170 234 149 287 276 160 298 128 298 75 234 361 276 202 160 340 85 160 244 244 32 244 202 0 266 234 64 138 75 308 202 276 244 308 181 128 213 213 276 191 149 319 244 266 213 382 223 266 170 308 298 181 170 54 287 329 234 319 244 308 160 308 287 319 75 170 170 213 329 244
0 425 308 329 287 160 266 298 404 244 340 276 308 361 414 404 138 404 202 382 213 457 478 372 287 234 404 319 287 404 202 382 170 266 361 0 329 202 266 276 213 287 404 382 425 361 414 298 393 414 308 287 319 308 329 414 414 308 340 149 372 382 255 276 404 425 351 372 340 223 425 287 446 308 234 213 191 234 202 308 244
0 393 298 287 160 255 223 181 372 149 170 170 255 298 351 244 234 191 287 276 96 382 361 255 234 202 340 372 128 266 85 244 393 255 298 382 0 298 138 266 351 170 308 329 234 372 255 234 340 255 160 244 340 287 329 276 351 266 266 107 319 319 234 223 340 361 234 266 287 255 308 244 488 329 372 308 244 244 234 96 382
0 351 340 255 181 234 75 287 276 54 181 223 234 329 223 255 213 287 128 308 202 276 446 298 213 255 319 128 287 276 191 213 319 234 181 244 361 0 75 213 276 213 213 191 266 255 276 266 255 287 244 96 308 234 234 308 329 276 266 223 244 308 319 107 234 234 276 170 276 361 329 96 255 276 361 22 117 255 191 351 234
0 372 361 361 181 298 361 213 425 351 414 149 329 457 520 478 425 414 340 393 287 531 531 329 308 181 425 425 372 478 276 372 255 287 340 393 340 404 0 287 361 308 457 478 425 372 372 266 308 520 361 287 404 372 319 329 499 404 414 244 393 287 255 234 393 488 435 478 435 425 425 382 467 446 308 319 276 223 351 404 329
0 393 351 191 255 22 234 276 266 149 213 276 181 298 340 276 244 287 64 244 181 446 372 308 149 308 266 298 266 266 170 244 340 128 223 191 202 276 329 0 234 160 298 351 329 340 298 308 372 435 223 255 244 170 191 382 340 276 202 160 234 244 117 276 266 351 287 266 382 308 298 255 488 361 425 298 298 107 255 298 170
0 446 361 244 234 75 298 255 298 202 266 276 234 351 404 329 298 340 117 298 160 340 393 319 202 287 319 329 244 319 149 308 404 181 276 244 255 340 351 64 0 213 351 404 393 393 351 298 425 202 276 308 308 223 244 234 351 308 255 213 287 298 170 319 298 393 340 319 361 329 351 319 266 351 478 351 351 160 298 351 234
0 382 276 117 191 255 213 213 298 319 244 244 191 149 393 319 298 298 287 170 117 478 393 234 255 276 414 351 202 244 107 298 435 287 276 287 298 329 308 234 181 0 351 329 266 446 276 255 287 382 234 234 170 329 298 298 319 382 340 287 298 266 255 404 319 372 213 361 298 287 351 181 414 361 351 340 223 266 255 276 382
0 425 329 319 149 266 372 266 191 213 202 202 234 276 414 276 266 340 308 213 75 329 361 287 266 234 372 244 160 298 234 319 308 244 351 149 160 340 266 255 361 202 0 457 54 351 298 138 361 404 191 276 234 361 329 372 170 170 298 255 351 298 213 202 223 414 266 213 340 244 308 382 446 234 382 351 181 276 223 255 319
0 414 298 149 223 191 234 244 329 149 276 276 54 181 351 351 329 308 223 202 149 372 319 266 32 298 287 276 234 213 138 244 404 287 213 244 255 160 234 266 213 32 319 0 298 393 308 287 319 414 266 244 202 191 181 329 223 372 138 319 255 128 276 266 266 340 244 276 298 298 287 213 361 276 382 181 255 96 181 308 191
0 414 276 319 266 266 382 351 149 160 319 287 181 351 361 372 276 425 308 160 191 276 372 234 298 308 382 191 276 287 308 287 425 361 298 266 287 351 308 255 351 213 287 414 0 435 276 85 308 351 276 266 181 308 308 329 117 117 404 266 308 244 329 319 170 372 213 170 382 361 425 382 404 181 361 329 234 244 298 266 266
0 457 308 372 244 276 287 266 425 170 298 298 340 382 361 234 255 467 319 372 181 361 446 340 319 329 372 361 255 361 170 393 160 340 361 382 319 382 361 329 372 308 287 351 340 0 382 319 393 425 191 64 319 351 329 361 202 351 361 266 351 404 319 393 351 372 351 244 223 340 404 308 393 361 319 329 64 351 319 414 244
0 202 202 329 329 287 404 382 446 319 393 393 202 404 488 404 266 308 255 181 287 414 552 160 266 425 372 266 351 435 276 393 329 372 361 298 223 425 361 319 372 266 414 340 351 531 0 414 96 361 202 276 382 319 361 382 329 372 372 276 234 223 372 382 414 393 351 372 404 457 329 414 425 425 488 276 351 276 319 319 234
0 329 372 382 329 382 478 382 340 404 382 372 329 457 457 446 361 552 425 308 255 510 531 404 308 404 541 382 340 425 276 478 552 425 488 425 404 499 446 425 488 308 404 457 457 541 446 0 223 531 372 181 435 446 457 499 351 351 425 372 329 351 393 488 361 340 478 393 488 414 457 488 552 488 552 414 467 372 393 499 478
0 107 149 234 340 308 319 351 361 223 340 340 107 361 393 414 340 351 202 85 266 372 488 340 319 351 319 298 298 382 255 329 361 319 298 202 181 361 308 287 308 319 351 287 382 478 393 382 0 308 329 329 287 223 266 329 234 382 340 276 298 128 351 382 351 404 319 287 308 382 234 329 329 329 435 191 298 181 234 276 319
0 298 298 149 223 170 234 138 329 149 276 75 54 181 298 351 329 308 202 202 149 138 234 266 32 107 287 287 234 213 138 244 404 213 213 244 255 276 287 149 213 32 308 340 298 393 255 287 255 0 266 223 202 191 181 32 223 107 149 170 255 128 181 287 266 191 244 266 298 298 287 213 361 213 382 287 255 96 181 244 128
0 393 202 266 138 96 308 287 340 287 276 276 244 372 488 213 75 340 128 319 191 393 404 160 223 308 181 361 244 329 181 319 414 202 287 361 223 298 287 223 298 223 223 340 276 351 202 223 298 351 0 85 319 244 266 361 382 244 266 85 223 298 181 202 329 393 351 340 393 361 372 329 541 425 488 308 266 170 329 244 244
0 446 255 361 191 308 393 202 414 308 244 234 276 319 478 308 298 467 340 319 117 531 393 382 255 266 414 372 202 340 107 361 435 287 372 372 276 319 308 287 414 244 223 287 276 499 319 255 340 404 234 0 414 404 404 319 393 393 340 308 446 351 255 425 425 467 425 425 319 276 351 414 552 351 520 276 404 308 255 372 308
0 298 107 213 234 181 266 276 234 149 298 287 149 266 223 298 160 308 223 266 191 382 414 64 117 308 276 234 244 298 181 191 404 234 160 276 128 213 266 223 170 128 308 244 319 340 107 319 202 255 96 181 0 191 128 276 308 266 234 170 128 149 276 287 213 223 43 191 202 351 382 298 382 308 181 234 54 181 266 223 329
0 372 181 32 181 181 128 223 308 234 234 255 107 329 298 298 244 128 223 85 128 393 404 138 202 287 351 308 213 329 117 266 351 223 234 191 202 255 319 160 107 202 361 234 170 351 181 255 276 308 170 138 85 0 202 329 234 213 308 255 75 170 191 361 287 234 117 266 266 191 361 149 319 319 255 266 138 170 223 298 298
0 351 234 85 181 117 160 266 329 149 234 202 160 181 308 298 191 181 160 138 107 266 382 202 234 191 361 107 191 276 181 64 276 223 32 255 266 96 170 107 43 234 308 276 223 213 160 244 244 244 223 181 149 64 0 244 287 255 298 202 128 234 213 202 85 298 181 266 329 255 340 181 308 308 319 107 191 202 244 361 244
0 276 276 128 202 213 202 117 298 266 255 54 32 149 276 319 308 287 255 181 128 340 213 234 11 85 266 266 213 181 117 213 382 191 191 223 234 244 319 191 181 11 298 319 266 372 287 266 287 382 244 191 181 170 160 0 202 308 117 149 234 96 160 266 234 160 213 244 276 276 266 191 340 181 351 266 234 75 149 287 107
0 393 213 287 298 298 382 329 319 75 298 298 223 340 266 372 276 382 329 329 234 160 255 170 234 298 382 329 255 170 223 287 499 276 255 372 234 308 298 319 266 191 234 351 181 372 223 255 298 244 202 287 191 266 223 266 0 149 340 266 234 255 372 234 298 276 149 54 319 404 382 351 457 170 287 329 170 287 340 255 298
0 351 329 319 329 149 361 351 393 54 340 329 298 425 244 404 372 351 191 308 255 457 425 287 276 361 393 308 287 329 244 372 435 255 351 351 170 372 191 234 361 276 213 467 255 414 160 340 255 414 319 382 372 298 319 414 319 0 329 160 234 372 244 276 276 255 266 170 329 414 425 329 552 287 404 329 276 223 266 149 149
0 351 298 213 160 244 319 319 372 287 255 287 117 223 319 329 234 319 276 266 160 425 181 329 149 298 393 276 244 75 255 223 414 255 191 287 329 255 329 223 298 149 287 266 329 372 319 244 340 414 276 298 276 191 276 372 276 308 0 244 202 181 298 361 244 202 308 319 361 329 382 117 425 170 446 255 213 191 64 308 393
0 372 361 213 329 287 287 266 446 213 202 202 287 351 404 276 266 255 319 266 308 488 478 319 361 234 340 340 160 298 298 319 425 340 287 287 329 223 202 340 287 213 266 404 298 266 298 382 393 467 191 276 266 181 255 382 414 170 298 0 255 351 308 128 340 414 298 266 351 372 340 255 467 382 425 234 276 276 340 160 308
0 404 340 308 138 255 340 160 372 191 191 191 234 266 287 266 255 404 170 298 64 340 340 340 202 223 340 255 149 287 54 308 382 234 329 404 298 276 255 244 372 191 351 298 351 446 287 202 308 425 181 266 361 287 351 276 181 149 287 266 0 298 202 340 372 170 329 234 266 234 298 361 510 308 467 287 340 266 202 287 287
0 457 382 266 276 287 223 382 499 319 329 319 340 361 488 393 266 361 319 319 202 244 382 340 351 351 298 287 276 308 319 234 287 361 213 128 404 266 340 276 223 329 329 340 382 393 329 298 425 425 319 244 319 234 181 414 276 425 414 276 308 0 329 372 255 435 351 329 181 287 287 244 488 425 361 276 308 85 329 435 361
0 404 329 181 244 255 255 244 181 160 181 181 85 202 361 255 234 276 298 234 181 372 351 287 54 213 170 223 213 234 170 266 404 32 244 276 96 298 234 287 234 64 202 372 255 244 276 319 329 340 170 244 234 213 213 351 255 170 170 191 276 149 0 319 202 372 266 276 329 319 319 244 393 308 404 308 276 117 202 191 202
0 478 287 213 308 255 298 361 372 276 287 329 298 319 404 361 276 191 287 266 234 393 382 255 308 308 213 244 308 266 308 191 308 351 170 170 319 223 298 234 181 308 244 393 234 149 287 319 372 340 287 213 276 191 138 372 340 351 202 287 266 361 340 0 213 404 234 393 361 340 223 255 435 361 372 234 213 329 266 414 372
0 351 266 266 107 128 266 181 340 213 160 128 181 234 414 223 107 372 170 255 32 181 308 234 170 149 329 32 107 244 244 128 340 202 138 372 255 191 223 202 329 160 319 319 255 276 244 170 340 223 149 223 329 276 287 160 361 276 244 117 298 255 170 244 0 319 319 223 266 191 255 287 435 266 266 202 117 202 170 276 266
0 244 170 244 340 393 329 340 266 234 276 276 170 298 117 340 372 266 308 223 266 414 435 329 149 298 266 298 319 329 255 170 382 128 329 340 202 393 266 382 329 149 298 308 319 319 361 393 149 329 361 351 298 308 298 351 340 361 266 234 372 234 372 181 276 0 308 351 414 414 372 255 467 393 446 202 329 213 287 223 414
0 266 64 202 202 149 234 244 340 117 255 255 107 234 181 266 128 276 191 244 149 351 372 32 85 287 244 308 213 266 138 244 393 191 266 298 96 329 223 276 266 85 276 202 319 351 75 276 160 223 64 138 255 213 234 244 266 234 191 138 96 181 234 255 276 191 0 234 170 319 340 255 351 329 149 223 22 149 234 191 298
0 351 170 266 266 244 340 287 266 22 319 319 213 287 223 361 234 382 287 287 191 404 467 128 181 255 340 276 276 308 181 298 488 234 266 329 191 329 276 340 319 149 181 308 128 446 170 213 244 319 160 244 308 308 340 351 244 107 298 234 191 276 329 361 255 234 107 0 276 361 340 329 446 128 244 308 117 244 329 244 255
0 425 308 255 351 298 351 276 414 170 223 213 202 319 372 287 276 446 340 308 298 266 351 266 170 244 393 425 170 266 287 382 510 351 351 393 340 414 340 404 351 181 255 351 276 467 308 361 393 340 213 287 287 329 319 361 107 255 287 287 340 266 319 329 393 340 244 149 0 435 435 361 510 266 393 425 266 234 319 361 393
0 351 340 191 266 340 287 276 372 340 319 308 266 393 223 382 372 446 234 244 191 520 467 298 255 340 372 372 276 414 181 329 467 234 298 351 361 361 223 319 308 255 404 393 457 446 340 329 244 488 308 298 244 329 266 393 393 414 361 382 361 329 329 404 351 234 276 425 393 0 372 308 478 266 414 298 298 181 329 446 340
0 372 414 329 276 340 404 138 319 329 329 255 223 351 457 393 382 457 382 329 202 308 404 414 213 287 96 361 276 382 319 329 425 234 308 266 276 361 393 329 382 213 128 372 181 435 414 255 266 181 319 223 351 340 361 213 287 276 319 234 404 287 340 329 340 340 393 340 361 266 0 393 531 351 499 329 308 276 340 372 308
0 404 298 308 234 138 223 276 393 202 223 266 298 244 372 287 128 382 181 361 170 319 446 372 266 244 382 170 244 319 181 128 340 244 96 351 319 149 223 160 351 276 361 266 393 276 213 276 308 298 287 234 372 287 308 298 467 298 319 138 351 361 234 255 138 382 404 319 382 329 393 0 393 372 404 170 255 223 308 298 298
0 213 308 244 138 160 128 223 32 244 191 160 181 160 425 255 138 308 202 287 64 213 340 266 149 22 266 64 149 255 234 160 372 128 170 308 191 223 255 234 202 160 170 244 223 308 276 202 351 255 181 138 298 223 160 202 340 244 266 85 202 244 96 202 43 361 329 255 308 223 266 149 0 181 287 213 149 75 202 244 298
0 329 298 138 213 234 244 234 319 191 266 266 223 170 351 340 276 319 276 191 149 372 414 255 255 138 372 223 223 266 138 181 393 234 149 308 298 213 276 223 202 32 351 234 287 329 266 287 308 404 202 244 202 329 266 319 276 149 361 191 319 287 213 308 202 361 234 308 319 308 372 202 393 0 372 223 244 181 287 298 298
0 425 382 234 319 266 191 351 276 287 308 287 308 329 457 372 329 329 298 287 244 393 467 340 329 319 340 255 329 393 308 202 414 329 181 276 340 234 191 244 191 340 191 308 234 266 298 266 393 393 361 213 287 202 149 382 351 351 435 340 276 149 298 340 223 435 319 404 329 255 255 213 435 319 0 244 329 54 351 382 382
0 340 319 244 223 223 244 382 361 43 351 372 266 340 213 414 319 340 117 298 276 266 425 287 244 266 361 107 361 319 287 244 457 223 213 351 351 266 340 202 319 244 202 351 255 393 329 308 234 298 276 255 298 223 329 329 319 266 255 329 234 329 308 372 266 223 266 160 351 404 435 266 361 276 351 0 191 234 181 382 223
0 425 319 308 266 213 223 404 361 107 329 351 351 414 298 319 191 404 255 361 234 414 457 276 329 351 308 361 319 382 308 361 488 308 329 393 255 393 393 340 382 329 266 329 319 467 329 340 329 361 128 202 361 287 382 393 255 319 393 202 287 404 308 329 329 308 319 223 160 393 467 244 329 329 255 382 0 287 255 351 361
0 382 329 181 266 213 138 340 414 234 255 298 255 276 404 319 276 276 244 234 202 351 414 287 276 276 287 202 276 351 255 149 372 276 128 319 340 181 255 191 138 287 319 255 319 308 244 213 340 340 319 160 234 160 96 329 382 351 382 287 223 319 244 287 170 382 266 351 414 213 202 160 404 404 404 202 287 0 340 435 329
0 298 244 244 319 181 340 340 308 287 361 361 308 160 457 435 372 308 223 298 244 372 467 351 308 234 425 298 329 255 234 276 488 287 244 351 266 308 382 160 298 128 446 298 351 425 372 298 351 393 308 234 298 329 351 308 213 255 361 298 382 372 276 414 298 393 329 266 425 340 457 308 499 107 478 319 351 255 0 361 329
0 382 361 213 223 287 298 255 446 213 213 191 287 351 414 276 266 266 329 266 319 446 488 329 329 223 340 340 170 308 308 298 298 308 276 287 329 223 43 329 287 213 266 404 308 276 298 308 351 467 202 276 266 191 266 372 287 170 308 11 255 329 298 128 319 425 308 276 191 372 351 181 467 382 340 234 287 266 287 0 319
0 223 435 287 298 107 329 319 361 234 298 308 191 382 435 361 329 329 149 170 234 478 467 393 244 340 351 382 266 351 223 340 435 213 308 276 138 372 276 96 319 244 393 435 372 425 287 372 382 393 298 340 340 255 276 414 319 351 287 181 329 255 202 308 361 435 372 351 425 393 382 351 404 404 510 382 382 191 308 234 0
SETUP_COST
0.0 5960.0 6160.0 4040.0 2760.0 3400.0 4460.0 4460.0 7440.0 4040.0 3820.0 3200.0 4460.0 5320.0 7440.0 5320.0 2980.0 8080.0 4040.0 4680.0 1280.0 4460.0 7020.0 5320.0 4040.0 3820.0 7220.0 1500.0 2980.0 5740.0 5740.0 3200.0 7440.0 4680.0 3400.0 6380.0 4260.0 2980.0 4460.0 3200.0 7440.0 3820.0 3620.0 6580.0 4680.0 6160.0 5740.0 4040.0 7440.0 5320.0 3620.0 4680.0 5320.0 6380.0 6580.0 4040.0 6800.0 6380.0 5740.0 3200.0 6580.0 5740.0 4040.0 5100.0 860.0 7220.0 5960.0 5100.0 6160.0 4680.0 5960.0 4880.0 7860.0 6160.0 6160.0 3200.0 3200.0 4680.0 4040.0 6160.0 1500.0
0.0 0.0 5740.0 2760.0 5960.0 4260.0 4680.0 8080.0 7220.0 6580.0 6800.0 7440.0 4260.0 7640.0 8080.0 6380.0 4880.0 6580.0 2140.0 3820.0 6380.0 9980.0 8280.0 4880.0 4880.0 6800.0 4680.0 7860.0 7860.0 6160.0 6160.0 6800.0 5320.0 4460.0 6380.0 2140.0 6380.0 6160.0 7440.0 3820.0 6160.0 4880.0 5520.0 7020.0 5740.0 8500.0 5960.0 7440.0 3400.0 8920.0 5320.0 5100.0 3820.0 4260.0 6380.0 9340.0 6800.0 7860.0 4880.0 5100.0 5520.0 5520.0 5100.0 7640.0 7220.0 8280.0 4460.0 7640.0 7440.0 6580.0 8080.0 4460.0 8700.0 8080.0 6800.0 6380.0 4880.0 5520.0 5960.0 7440.0 4260.0
0.0 8280.0 0.0 5740.0 3820.0 5520.0 4880.0 4260.0 8080.0 3620.0 4040.0 3820.0 3820.0 5320.0 7020.0 5320.0 5100.0 4260.0 6380.0 5960.0 2340.0 5740.0 7860.0 4040.0 3400.0 4460.0 7440.0 7860.0 2980.0 5740.0 2140.0 5320.0 8280.0 5740.0 6380.0 6580.0 640.0 5960.0 3400.0 5740.0 7020.0 3400.0 6800.0 2760.0 5100.0 7640.0 4880.0 5100.0 6800.0 3200.0 3820.0 5320.0 6800.0 6160.0 6380.0 3620.0 7220.0 5100.0 5520.0 2560.0 5320.0 4260.0 5100.0 4880.0 7440.0 5100.0 3620.0 5960.0 6160.0 5520.0 6380.0 5520.0 9980.0 7020.0 6380.0 6380.0 3820.0 4680.0 5100.0 2560.0 5740.0
0.0 7020.0 3200.0 0.0 3200.0 4680.0 2140.0 6380.0 5740.0 4260.0 4260.0 5100.0 1700.0 6380.0 5520.0 5520.0 4460.0 6580.0 5520.0 1080.0 4680.0 7440.0 9140.0 2340.0 3620.0 5740.0 6580.0 5740.0 6160.0 6160.0 4460.0 4880.0 6580.0 5740.0 4260.0 3400.0 3620.0 4680.0 6160.0 5320.0 4460.0 3620.0 6800.0 4260.0 7440.0 6580.0 3200.0 4880.0 5100.0 6160.0 2980.0 2340.0 1280.0 4260.0 3620.0 6800.0 4260.0 6380.0 5740.0 4680.0 3620.0 2980.0 6580.0 6800.0 5320.0 5740.0 1920.0 4880.0 4880.0 7020.0 7020.0 2560.0 5960.0 5960.0 4680.0 4880.0 2140.0 2980.0 4040.0 5520.0 5520.0
0.0 8280.0 4040.0 5960.0 0.0 2560.0 6800.0 7440.0 6800.0 4880.0 6160.0 7020.0 4880.0 7440.0 8700.0 7640.0 7020.0 7860.0 3200.0 7020.0 5740.0 9760.0 9340.0 7860.0 4460.0 7640.0 6800.0 7220.0 6580.0 6380.0 5520.0 7020.0 8920.0 4040.0 6380.0 5960.0 4260.0 7640.0 6380.0 2140.0 6580.0 4460.0 7440.0 6800.0 8280.0 8280.0 8080.0 1920.0 6380.0 7220.0 6580.0 5320.0 7020.0 5520.0 5740.0 7640.0 8280.0 6800.0 5740.0 5100.0 6800.0 6380.0 3400.0 7640.0 7220.0 6380.0 7440.0 7220.0 9560.0 8080.0 8080.0 7220.0 11040.0 8920.0 10200.0 5100.0 7860.0 4040.0 7020.0 6160.0 5520.0
0.0 7440.0 6580.0 3620.0 6580.0 0.0 4460.0 6380.0 5100.0 4680.0 3820.0 5320.0 3200.0 5520.0 8700.0 5100.0 4460.0 5520.0 860.0 4680.0 5100.0 8500.0 7220.0 5740.0 2760.0 5740.0 4880.0 5520.0 5960.0 4880.0 4880.0 4680.0 6580.0 2140.0 4040.0 6380.0 3620.0 5320.0 6380.0 2760.0 4260.0 2760.0 5740.0 6580.0 6380.0 6380.0 5520.0 5740.0 7440.0 8280.0 4260.0 4680.0 4680.0 2980.0 3400.0 8280.0 6580.0 5100.0 3620.0 2760.0 4460.0 4460.0 1920.0 5100.0 5100.0 7640.0 5320.0 7220.0 8080.0 5740.0 5520.0 4880.0 9340.0 6800.0 8080.0 5520.0 5520.0 1700.0 4880.0 5520.0 3200.0
0.0 7860.0 5320.0 5100.0 4040.0 3400.0 0.0 4460.0 6160.0 4460.0 2340.0 5100.0 3400.0 5320.0 6160.0 3620.0 2980.0 6160.0 4040.0 6160.0 2560.0 6800.0 8080.0 6380.0 2980.0 5320.0 7860.0 3820.0 4260.0 4260.0 2340.0 2980.0 6800.0 5320.0 2340.0 3620.0 5960.0 3400.0 4680.0 3820.0 4460.0 2980.0 4880.0 2340.0 5960.0 5960.0 4040.0 5320.0 5960.0 4260.0 4260.0 440.0 6380.0 4680.0 3620.0 4880.0 6800.0 6380.0 5100.0 3200.0 5960.0 4680.0 5100.0 5520.0 3400.0 6380.0 5960.0 6800.0 6580.0 5960.0 7220.0 640.0 5740.0 7440.0 7220.0 3820.0 5520.0 4040.0 5520.0 6380.0 6160.0
0.0 7860.0 7440.0 4680.0 6160.0 5100.0 5960.0 0.0 7220.0 5520.0 7220.0 3400.0 2980.0 5320.0 7860.0 8280.0 6380.0 7860.0 5960.0 5740.0 4880.0 7860.0 6580.0 6800.0 2340.0 4040.0 7440.0 4880.0 6380.0 5960.0 4680.0 4040.0 7220.0 5960.0 3400.0 6800.0 7020.0 4680.0 5960.0 4880.0 5960.0 2560.0 8280.0 8280.0 4460.0 7020.0 5740.0 6160.0 7640.0 8700.0 4880.0 6160.0 5740.0 5520.0 5520.0 2340.0 6380.0 6800.0 4680.0 5100.0 6800.0 4260.0 5520.0 6580.0 4460.0 5520.0 6380.0 7220.0 4680.0 7640.0 7640.0 6160.0 9140.0 5960.0 9140.0 4880.0 6580.0 3620.0 5320.0 8080.0 4460.0
0.0 6160.0 5960.0 5960.0 2560.0 2980.0 5740.0 4260.0 0.0 4680.0 3620.0 2980.0 4260.0 5100.0 7860.0 4680.0 2560.0 5740.0 3820.0 5520.0 1080.0 4040.0 6580.0 5100.0 3820.0 3620.0 7020.0 1080.0 2760.0 5520.0 5320.0 2980.0 7220.0 4460.0 3200.0 5740.0 5520.0 4260.0 4880.0 4460.0 6580.0 3620.0 2980.0 7020.0 4040.0 5960.0 5320.0 3820.0 7220.0 4880.0 3400.0 4880.0 7020.0 5960.0 5740.0 3820.0 6160.0 5960.0 5520.0 2760.0 6380.0 5520.0 3820.0 3620.0 640.0 7020.0 6580.0 4880.0 5740.0 4260.0 5740.0 6160.0 9140.0 3200.0 5100.0 3820.0 2760.0 4460.0 3820.0 5960.0 5320.0
0.0 6580.0 5740.0 7020.0 6160.0 7220.0 8280.0 7020.0 7020.0 0.0 7220.0 7020.0 5100.0 7640.0 4040.0 8500.0 6800.0 9560.0 7220.0 6160.0 4880.0 8280.0 10400.0 4880.0 4680.0 7440.0 7020.0 5320.0 6380.0 5740.0 4880.0 7020.0 9340.0 4260.0 7220.0 6160.0 6160.0 8500.0 7860.0 8280.0 8280.0 4880.0 3400.0 8500.0 4260.0 8500.0 5740.0 5960.0 4680.0 8700.0 5520.0 7220.0 7860.0 7860.0 7640.0 7860.0 5520.0 4460.0 7020.0 7020.0 3820.0 6580.0 7640.0 7220.0 4680.0 4260.0 4460.0 2560.0 7860.0 8080.0 9140.0 6800.0 11040.0 4880.0 7220.0 5740.0 4680.0 5960.0 7640.0 7220.0 7440.0
0.0 5740.0 4880.0 4040.0 4680.0 3820.0 5960.0 3820.0 7220.0 5960.0 0.0 5100.0 2980.0 4680.0 7020.0 1500.0 3400.0 7640.0 4460.0 5100.0 4040.0 7440.0 8080.0 4040.0 5320.0 5520.0 5520.0 4460.0 4260.0 1920.0 3820.0 5100.0 7440.0 5100.0 4460.0 6160.0 5320.0 5740.0 2560.0 5960.0 5320.0 1700.0 3400.0 7640.0 4460.0 8080.0 1920.0 5960.0 3820.0 8080.0 1920.0 3620.0 5100.0 5740.0 6160.0 6160.0 6580.0 6580.0 4460.0 3620.0 4680.0 4260.0 4680.0 5960.0 4040.0 4680.0 3620.0 7640.0 7020.0 7440.0 8280.0 5320.0 9140.0 7440.0 6380.0 5960.0 4040.0 4460.0 5320.0 6800.0 6580.0
0.0 4460.0 7860.0 5100.0 4260.0 5740.0 4260.0 1280.0 5520.0 5320.0 5320.0 0.0 3820.0 6160.0 8920.0 6800.0 6580.0 7020.0 6380.0 6160.0 2760.0 8500.0 7640.0 7220.0 3200.0 640.0 5520.0 5520.0 4460.0 6800.0 2560.0 4460.0 8280.0 2760.0 4040.0 6580.0 4040.0 5100.0 5960.0 5320.0 4260.0 3400.0 6160.0 6580.0 5740.0 7020.0 6380.0 5520.0 7860.0 8280.0 5100.0 2980.0 6160.0 4680.0 3400.0 3620.0 7020.0 5100.0 5520.0 1920.0 5960.0 5100.0 2140.0 4260.0 4880.0 6800.0 6800.0 7220.0 5960.0 5520.0 5520.0 4680.0 6580.0 7220.0 9560.0 5320.0 7220.0 1500.0 5520.0 5100.0 5740.0
0.0 8280.0 6160.0 3200.0 6380.0 5520.0 4260.0 7020.0 6800.0 6160.0 6380.0 7020.0 0.0 5520.0 8700.0 7860.0 6160.0 5100.0 6380.0 4260.0 5320.0 6380.0 8920.0 5520.0 6580.0 6580.0 7020.0 5320.0 6160.0 7440.0 5100.0 4460.0 7020.0 6800.0 3820.0 3820.0 6800.0 5100.0 6380.0 5320.0 4040.0 4880.0 7860.0 6380.0 5960.0 7440.0 6160.0 5740.0 8080.0 8080.0 4680.0 4460.0 4260.0 2760.0 3200.0 8080.0 6800.0 6800.0 8920.0 6380.0 4040.0 1500.0 6380.0 7020.0 4880.0 7440.0 5100.0 7640.0 4880.0 5520.0 5320.0 4680.0 6380.0 4460.0 7860.0 5320.0 5320.0 1500.0 2560.0 8700.0 8080.0
0.0 5960.0 5100.0 5520.0 5520.0 5960.0 7020.0 5320.0 2980.0 4880.0 5740.0 4040.0 2980.0 0.0 7020.0 7220.0 5520.0 3200.0 6800.0 5520.0 4040.0 7020.0 7220.0 4260.0 3200.0 4680.0 8280.0 4040.0 5520.0 1920.0 5320.0 5100.0 8920.0 6800.0 4460.0 6800.0 5520.0 5740.0 7020.0 5960.0 6580.0 3200.0 5960.0 7020.0 4040.0 8080.0 5320.0 5520.0 3820.0 7860.0 4880.0 6580.0 6580.0 5520.0 6160.0 3200.0 6160.0 6160.0 4680.0 5740.0 4680.0 4260.0 6160.0 6380.0 3620.0 4680.0 3820.0 7220.0 7220.0 7220.0 8280.0 6380.0 9140.0 6160.0 6580.0 5960.0 4260.0 4460.0 5320.0 7440.0 5100.0
0.0 2560.0 3620.0 3200.0 4680.0 5520.0 4680.0 4460.0 3200.0 2560.0 3200.0 3400.0 1280.0 3620.0 0.0 4680.0 5320.0 5520.0 3820.0 2340.0 3200.0 6800.0 6580.0 5320.0 860.0 3820.0 2980.0 3820.0 4680.0 4260.0 2980.0 3620.0 7640.0 220.0 4460.0 4460.0 4040.0 5520.0 5520.0 5320.0 4260.0 860.0 3820.0 6380.0 4680.0 4460.0 5100.0 5960.0 640.0 6580.0 5100.0 5100.0 4260.0 3820.0 3820.0 6580.0 4680.0 6800.0 2980.0 4680.0 5100.0 2560.0 5320.0 3620.0 3620.0 220.0 4880.0 4880.0 6160.0 5960.0 5100.0 2980.0 7220.0 5520.0 7640.0 1700.0 5100.0 1920.0 3620.0 4680.0 6160.0
0.0 8500.0 4460.0 5740.0 3400.0 2340.0 6580.0 2560.0 6580.0 6380.0 5520.0 4880.0 4680.0 7020.0 10200.0 0.0 1920.0 7220.0 3200.0 6800.0 2980.0 6160.0 8700.0 3620.0 4260.0 5520.0 4260.0 3200.0 4680.0 7220.0 4260.0 4880.0 7440.0 3820.0 5100.0 7860.0 4880.0 6380.0 6160.0 4880.0 6580.0 4260.0 4880.0 7220.0 5960.0 7440.0 4680.0 5100.0 6380.0 7020.0 640.0 2340.0 6800.0 5320.0 5740.0 4880.0 8080.0 5320.0 5960.0 2140.0 4880.0 6160.0 3200.0 4680.0 2560.0 7860.0 7640.0 6800.0 7020.0 6380.0 7640.0 7020.0 10820.0 6380.0 7860.0 6580.0 4880.0 4040.0 4260.0 5320.0 5320.0
0.0 7640.0 7020.0 3820.0 6800.0 440.0 4680.0 5520.0 5320.0 4460.0 4260.0 4260.0 3620.0 5960.0 8280.0 5320.0 0.0 5320.0 1280.0 4880.0 5320.0 6380.0 6800.0 6160.0 2980.0 4880.0 5320.0 5960.0 3400.0 5320.0 5100.0 5100.0 7020.0 2560.0 4460.0 5960.0 4040.0 4680.0 4260.0 2980.0 4680.0 3200.0 5320.0 7020.0 6160.0 5520.0 5960.0 3200.0 7640.0 8700.0 4040.0 5100.0 5100.0 3400.0 3820.0 7640.0 7020.0 3620.0 4040.0 220.0 4680.0 4880.0 2340.0 2760.0 5320.0 7860.0 5740.0 5520.0 7220.0 6160.0 5960.0 5100.0 9560.0 7220.0 8500.0 4880.0 5740.0 2140.0 5100.0 3400.0 3400.0
0.0 6160.0 2140.0 4880.0 4680.0 3820.0 5520.0 5740.0 3820.0 3200.0 5960.0 5960.0 2980.0 5520.0 4460.0 6160.0 3400.0 0.0 4460.0 4040.0 3820.0 6380.0 8280.0 1280.0 2560.0 5100.0 5320.0 4680.0 5100.0 5960.0 3620.0 5520.0 8700.0 4680.0 5100.0 6160.0 2560.0 6380.0 5320.0 5960.0 5960.0 2560.0 6160.0 4040.0 1080.0 7860.0 2340.0 2560.0 4040.0 5320.0 1920.0 3620.0 4460.0 5100.0 5520.0 5740.0 3200.0 3200.0 4680.0 3620.0 2560.0 4260.0 5520.0 5960.0 4260.0 4680.0 860.0 4260.0 4260.0 7220.0 7640.0 3400.0 7860.0 4460.0 3620.0 5100.0 1280.0 3820.0 5320.0 4460.0 6160.0
0.0 6800.0 5740.0 2760.0 5740.0 2340.0 4680.0 6580.0 5320.0 4680.0 5320.0 5320.0 3400.0 5740.0 7860.0 6800.0 4680.0 4680.0 0.0 3820.0 4880.0 9140.0 6380.0 4880.0 2760.0 4880.0 5100.0 6160.0 6380.0 4040.0 4680.0 6380.0 8700.0 2340.0 5740.0 5520.0 5100.0 5960.0 6380.0 1920.0 4260.0 2980.0 5740.0 7020.0 5520.0 6580.0 5960.0 7220.0 7640.0 8280.0 3400.0 5100.0 3820.0 2340.0 5520.0 8700.0 6800.0 5960.0 2760.0 4880.0 3620.0 4680.0 4040.0 7220.0 5740.0 6800.0 4460.0 7020.0 7440.0 5960.0 7640.0 5100.0 8700.0 5960.0 7220.0 6160.0 4880.0 3820.0 4040.0 5520.0 2340.0
0.0 8700.0 6580.0 3620.0 6800.0 5520.0 4680.0 7640.0 5520.0 4460.0 5320.0 7440.0 640.0 6160.0 8500.0 6800.0 5100.0 5520.0 6160.0 0.0 5740.0 6380.0 8080.0 5960.0 7020.0 5320.0 7640.0 5740.0 6580.0 6380.0 5520.0 4880.0 5520.0 7440.0 4260.0 2340.0 7220.0 5520.0 7020.0 5740.0 4460.0 5520.0 7640.0 7020.0 6380.0 7860.0 6800.0 6160.0 8500.0 7860.0 5320.0 5100.0 4680.0 3200.0 3820.0 7020.0 3200.0 6160.0 8920.0 5320.0 4460.0 1920.0 6800.0 7640.0 5320.0 6800.0 5520.0 4040.0 5520.0 5960.0 5960.0 5100.0 4880.0 4880.0 7020.0 5740.0 5740.0 1920.0 2980.0 6800.0 7220.0
0.0 7020.0 5520.0 4880.0 1500.0 4040.0 6800.0 3820.0 6380.0 5960.0 2560.0 2560.0 4460.0 4040.0 7640.0 4040.0 3820.0 7220.0 4680.0 4680.0 0.0 8500.0 5740.0 5520.0 4040.0 3200.0 5960.0 7020.0 1700.0 4460.0 4680.0 4880.0 6380.0 3400.0 6380.0 7020.0 4680.0 6160.0 3820.0 3620.0 6160.0 2760.0 5960.0 8280.0 6800.0 7640.0 4460.0 2760.0 6380.0 8280.0 2340.0 4040.0 6160.0 5960.0 5740.0 5960.0 7220.0 6160.0 4460.0 4040.0 6800.0 5740.0 2980.0 6380.0 6380.0 7220.0 6160.0 8080.0 8280.0 3400.0 4680.0 6160.0 8920.0 4880.0 8920.0 6380.0 6380.0 4040.0 2980.0 6580.0 6800.0
0.0 8700.0 7020.0 7020.0 8500.0 8080.0 4880.0 8920.0 6380.0 6800.0 7020.0 9340.0 5100.0 7640.0 9340.0 8500.0 7640.0 10200.0 5960.0 6580.0 7020.0 0.0 10400.0 6160.0 4680.0 5100.0 9760.0 7440.0 8700.0 8080.0 6800.0 7640.0 10400.0 7220.0 7020.0 7220.0 7440.0 8280.0 9560.0 7640.0 8080.0 4680.0 9340.0 7020.0 3620.0 10620.0 7020.0 5320.0 6800.0 9140.0 6800.0 5320.0 4880.0 7860.0 7440.0 9560.0 5960.0 5960.0 6800.0 6380.0 7440.0 6380.0 6580.0 8700.0 6800.0 9340.0 5740.0 6800.0 8080.0 9980.0 9340.0 5320.0 10400.0 7220.0 8500.0 8500.0 5100.0 5960.0 7640.0 8920.0 8080.0
0.0 7860.0 3820.0 860.0 3820.0 3820.0 2760.0 4680.0 6380.0 4880.0 4880.0 5320.0 2340.0 5740.0 6160.0 6380.0 4260.0 2760.0 4680.0 1920.0 2760.0 8080.0 0.0 2980.0 4260.0 4880.0 4880.0 6380.0 4460.0 6800.0 2560.0 5520.0 7220.0 4680.0 4880.0 4040.0 4260.0 5320.0 6580.0 3400.0 2340.0 2980.0 5520.0 4880.0 3620.0 6380.0 4040.0 5320.0 5740.0 6380.0 3620.0 2980.0 1920.0 440.0 4460.0 6800.0 4880.0 4460.0 6380.0 4460.0 1700.0 3620.0 4040.0 3620.0 5960.0 4880.0 2560.0 5520.0 5520.0 4040.0 7440.0 3200.0 6800.0 2340.0 5320.0 5740.0 2980.0 3620.0 4680.0 6160.0 6160.0
0.0 4880.0 860.0 4460.0 3620.0 2560.0 5740.0 4460.0 7440.0 4260.0 4680.0 4680.0 2560.0 5100.0 7020.0 4880.0 2140.0 5100.0 3400.0 4460.0 2560.0 6580.0 7860.0 0.0 2140.0 5320.0 4460.0 5960.0 3820.0 5520.0 2340.0 6160.0 7440.0 4680.0 5740.0 6380.0 1500.0 6580.0 4040.0 5100.0 5520.0 2140.0 5100.0 3620.0 5960.0 7640.0 1080.0 5100.0 2760.0 4040.0 860.0 2340.0 5520.0 5320.0 5100.0 4460.0 4880.0 4260.0 4260.0 2340.0 1500.0 3820.0 4260.0 4680.0 6580.0 4680.0 4260.0 5960.0 6580.0 5960.0 7220.0 5740.0 8700.0 7020.0 7020.0 4040.0 4680.0 3400.0 4880.0 3400.0 5520.0
0.0 7640.0 5520.0 2560.0 3820.0 5100.0 4040.0 4260.0 5960.0 5320.0 5100.0 4880.0 640.0 2980.0 7860.0 6380.0 6160.0 5520.0 5960.0 3620.0 2560.0 6800.0 5960.0 4680.0 0.0 5520.0 5320.0 5320.0 4040.0 3620.0 2340.0 4260.0 7640.0 5740.0 3820.0 4460.0 4680.0 4880.0 6380.0 4680.0 3620.0 220.0 5960.0 6380.0 5320.0 7220.0 5520.0 5320.0 5740.0 7640.0 4880.0 4460.0 3620.0 3200.0 3200.0 5960.0 4040.0 7020.0 2340.0 5740.0 4460.0 1920.0 5320.0 7020.0 4680.0 6380.0 4260.0 4880.0 5520.0 5320.0 5320.0 3820.0 6800.0 5100.0 7020.0 5100.0 4460.0 1280.0 2980.0 5740.0 7860.0
0.0 4040.0 7220.0 4460.0 5960.0 5100.0 3820.0 6380.0 5100.0 4680.0 5100.0 5100.0 3200.0 5520.0 8700.0 6580.0 6160.0 6380.0 5960.0 5520.0 4460.0 7860.0 8500.0 6580.0 2560.0 0.0 4880.0 4880.0 4460.0 6160.0 4260.0 4040.0 8280.0 2140.0 3400.0 6160.0 3400.0 4460.0 5320.0 4680.0 3620.0 2760.0 5520.0 5960.0 6580.0 6380.0 5740.0 5100.0 7440.0 7640.0 4880.0 2340.0 5520.0 4040.0 2760.0 7440.0 6580.0 4460.0 4880.0 1280.0 5320.0 4460.0 1500.0 3820.0 4460.0 8700.0 6160.0 6580.0 8080.0 5100.0 4880.0 4260.0 8920.0 7440.0 9140.0 4880.0 6580.0 1080.0 5520.0 4460.0 5520.0
0.0 9140.0 7220.0 5740.0 3820.0 6160.0 6800.0 5960.0 4680.0 4880.0 4880.0 4680.0 2760.0 6380.0 8920.0 6160.0 5960.0 7640.0 6800.0 4880.0 2340.0 6380.0 7860.0 6580.0 3400.0 5320.0 0.0 5520.0 3820.0 6580.0 5320.0 7020.0 6800.0 2980.0 6380.0 3620.0 3820.0 7440.0 6160.0 5740.0 6580.0 3400.0 860.0 9140.0 1920.0 7020.0 6580.0 3400.0 7860.0 8700.0 4680.0 6160.0 5320.0 5320.0 5740.0 7220.0 4040.0 4040.0 5520.0 5740.0 6580.0 4040.0 5100.0 4880.0 5100.0 9140.0 6160.0 5100.0 7440.0 5520.0 6800.0 7020.0 8920.0 5320.0 8280.0 7860.0 4460.0 4040.0 5100.0 5740.0 7020.0
0.0 7220.0 4880.0 6380.0 2340.0 3820.0 4680.0 5960.0 6380.0 3820.0 6160.0 5520.0 4460.0 5100.0 7640.0 7440.0 4260.0 7220.0 4680.0 7440.0 3620.0 3200.0 8500.0 4040.0 4040.0 3200.0 6380.0 0.0 5320.0 7020.0 6160.0 2760.0 7020.0 3620.0 2140.0 7220.0 5320.0 3400.0 4680.0 3620.0 6800.0 4040.0 7020.0 5960.0 4680.0 5740.0 4460.0 4040.0 6380.0 4040.0 4260.0 5100.0 7440.0 6800.0 5960.0 4460.0 6800.0 5960.0 6160.0 4460.0 5320.0 5740.0 4680.0 5320.0 3200.0 7640.0 5960.0 3820.0 4880.0 6800.0 7020.0 5100.0 8280.0 5960.0 4880.0 3620.0 1700.0 4260.0 6380.0 7220.0 6580.0
0.0 5320.0 4680.0 3400.0 3620.0 2560.0 5100.0 2140.0 6380.0 6160.0 1080.0 860.0 3400.0 3820.0 7860.0 2340.0 2140.0 6800.0 3400.0 2980.0 3400.0 8280.0 6380.0 3820.0 4040.0 1500.0 4460.0 5320.0 0.0 2980.0 3200.0 5320.0 6800.0 3620.0 4880.0 5320.0 4880.0 5960.0 3400.0 5100.0 4460.0 1080.0 4260.0 7440.0 5320.0 7640.0 2760.0 5320.0 4680.0 7640.0 860.0 2340.0 4460.0 5320.0 4260.0 4460.0 6160.0 5520.0 2980.0 2340.0 5100.0 4880.0 2980.0 4880.0 4880.0 5520.0 4680.0 7020.0 6580.0 6380.0 6380.0 4680.0 7220.0 6160.0 7440.0 6160.0 4880.0 2340.0 4040.0 5520.0 5520.0
0.0 7440.0 6160.0 4260.0 5320.0 4460.0 5100.0 5740.0 7860.0 4880.0 3820.0 5960.0 1080.0 5520.0 5100.0 5320.0 5740.0 6160.0 5100.0 5100.0 4040.0 7220.0 7440.0 6380.0 5740.0 5740.0 7860.0 4260.0 5520.0 0.0 3820.0 3200.0 7020.0 5320.0 2560.0 4880.0 6580.0 3820.0 5320.0 4040.0 5100.0 5520.0 7220.0 7440.0 7020.0 6160.0 5100.0 6580.0 5520.0 8080.0 5740.0 5520.0 5320.0 3820.0 4260.0 6800.0 6380.0 5520.0 7860.0 5960.0 2760.0 2340.0 6160.0 5960.0 3620.0 2760.0 5960.0 7220.0 5960.0 6580.0 6380.0 5740.0 7220.0 5520.0 8700.0 4040.0 5520.0 2560.0 3400.0 7220.0 7440.0
0.0 7220.0 5740.0 5100.0 1700.0 4260.0 5960.0 2140.0 6580.0 5520.0 2760.0 2760.0 3620.0 4460.0 7860.0 4260.0 4040.0 7440.0 4880.0 4880.0 440.0 8700.0 5740.0 5740.0 3200.0 3400.0 6160.0 6800.0 1920.0 4680.0 0.0 5100.0 6580.0 3620.0 5520.0 7220.0 4880.0 4460.0 4040.0 3820.0 6380.0 2980.0 6160.0 5100.0 6580.0 7860.0 4680.0 3200.0 6580.0 8500.0 2560.0 4260.0 6380.0 5960.0 5960.0 4460.0 6380.0 6380.0 4680.0 4260.0 7020.0 4880.0 3200.0 6580.0 6380.0 7440.0 6380.0 7220.0 4260.0 3620.0 4880.0 6380.0 9140.0 5100.0 9140.0 4680.0 6580.0 4260.0 3200.0 6800.0 6380.0
0.0 6380.0 7220.0 5960.0 4040.0 4680.0 6160.0 5740.0 7440.0 4880.0 5320.0 4680.0 4040.0 6380.0 8700.0 6580.0 4260.0 8920.0 5520.0 7020.0 2760.0 4880.0 8280.0 6800.0 3620.0 2560.0 7440.0 2760.0 4260.0 7020.0 5740.0 0.0 4460.0 4680.0 4880.0 7640.0 5960.0 5960.0 6580.0 6160.0 6160.0 3620.0 8080.0 8500.0 7220.0 3200.0 7020.0 5520.0 8920.0 6580.0 5100.0 4260.0 7020.0 6380.0 5320.0 5320.0 7020.0 4040.0 5740.0 3820.0 7860.0 5320.0 4040.0 6160.0 2140.0 8500.0 6380.0 6580.0 7220.0 5960.0 7220.0 6580.0 10200.0 7440.0 7440.0 6160.0 4460.0 3400.0 5520.0 6800.0 5960.0
0.0 6160.0 2980.0 6160.0 5740.0 3820.0 4880.0 4680.0 7640.0 2560.0 3820.0 3400.0 5320.0 6580.0 6580.0 5100.0 4460.0 6580.0 4680.0 4880.0 5100.0 7220.0 9140.0 4260.0 5320.0 4040.0 6580.0 4260.0 2760.0 5740.0 4880.0 6800.0 0.0 5960.0 6160.0 7220.0 3400.0 7440.0 6160.0 3400.0 6380.0 3820.0 5740.0 5740.0 5320.0 9760.0 5100.0 7020.0 7020.0 5960.0 2980.0 4680.0 3200.0 6160.0 5520.0 5320.0 5520.0 7020.0 5740.0 4680.0 4880.0 6160.0 5520.0 7020.0 7220.0 6160.0 3820.0 4880.0 3620.0 8500.0 5320.0 5320.0 7220.0 7020.0 5740.0 7640.0 640.0 4880.0 5740.0 5320.0 1700.0
0.0 7640.0 5960.0 2980.0 4460.0 5520.0 4460.0 4260.0 2980.0 2760.0 2980.0 3200.0 1080.0 3400.0 6580.0 4460.0 5520.0 6160.0 6380.0 4040.0 2980.0 7020.0 6380.0 5100.0 640.0 3620.0 2760.0 3820.0 4460.0 4040.0 2760.0 4680.0 7440.0 0.0 4260.0 4880.0 5100.0 5320.0 5520.0 5100.0 4040.0 640.0 3620.0 6800.0 4460.0 4260.0 4880.0 5740.0 6160.0 7860.0 4880.0 4880.0 4040.0 3620.0 3620.0 6580.0 4460.0 6800.0 2760.0 4880.0 5100.0 2340.0 5100.0 6380.0 3400.0 6800.0 4680.0 5100.0 5960.0 5960.0 5740.0 4260.0 7220.0 5520.0 7440.0 5520.0 5100.0 1700.0 3400.0 6160.0 8280.0
0.0 6380.0 4260.0 5320.0 2980.0 1920.0 2760.0 4680.0 5960.0 2340.0 4040.0 3400.0 4680.0 2980.0 5740.0 5520.0 3200.0 5960.0 2560.0 5960.0 1500.0 4680.0 7220.0 5520.0 4040.0 3200.0 6800.0 1700.0 3200.0 4880.0 4880.0 640.0 4880.0 4040.0 0.0 5320.0 4680.0 1280.0 2760.0 1500.0 6160.0 4040.0 5520.0 4880.0 6160.0 3620.0 2560.0 4260.0 4260.0 5520.0 3820.0 2980.0 6380.0 4880.0 5320.0 4260.0 7640.0 4460.0 5320.0 3400.0 6160.0 5960.0 3620.0 3400.0 1080.0 5740.0 6580.0 4680.0 6380.0 4880.0 6160.0 3200.0 6160.0 5740.0 6380.0 1500.0 3400.0 3400.0 4260.0 6580.0 4880.0
0.0 8500.0 6160.0 6580.0 5740.0 3200.0 5320.0 5960.0 8080.0 4880.0 6800.0 5520.0 6160.0 7220.0 8280.0 8080.0 2760.0 8080.0 4040.0 7640.0 4260.0 9140.0 9560.0 7440.0 5740.0 4680.0 8080.0 6380.0 5740.0 8080.0 4040.0 7640.0 3400.0 5320.0 7220.0 0.0 6580.0 4040.0 5320.0 5520.0 4260.0 5740.0 8080.0 7640.0 8500.0 7220.0 8280.0 5960.0 7860.0 8280.0 6160.0 5740.0 6380.0 6160.0 6580.0 8280.0 8280.0 6160.0 6800.0 2980.0 7440.0 7640.0 5100.0 5520.0 8080.0 8500.0 7020.0 7440.0 6800.0 4460.0 8500.0 5740.0 8920.0 6160.0 4680.0 4260.0 3820.0 4680.0 4040.0 6160.0 4880.0
0.0 7860.0 5960.0 5740.0 3200.0 5100.0 4460.0 3620.0 7440.0 2980.0 3400.0 3400.0 5100.0 5960.0 7020.0 4880.0 4680.0 3820.0 5740.0 5520.0 1920.0 7640.0 7220.0 5100.0 4680.0 4040.0 6800.0 7440.0 2560.0 5320.0 1700.0 4880.0 7860.0 5100.0 5960.0 7640.0 0.0 5960.0 2760.0 5320.0 7020.0 3400.0 6160.0 6580.0 4680.0 7440.0 5100.0 4680.0 6800.0 5100.0 3200.0 4880.0 6800.0 5740.0 6580.0 5520.0 7020.0 5320.0 5320.0 2140.0 6380.0 6380.0 4680.0 4460.0 6800.0 7220.0 4680.0 5320.0 5740.0 5100.0 6160.0 4880.0 9760.0 6580.0 7440.0 6160.0 4880.0 4880.0 4680.0 1920.0 7640.0
0.0 7020.0 6800.0 5100.0 3620.0 4680.0 1500.0 5740.0 5520.0 1080.0 3620.0 4460.0 4680.0 6580.0 4460.0 5100.0 4260.0 5740.0 2560.0 6160.0 4040.0 5520.0 8920.0 5960.0 4260.0 5100.0 6380.0 2560.0 5740.0 5520.0 3820.0 4260.0 6380.0 4680.0 3620.0 4880.0 7220.0 0.0 1500.0 4260.0 5520.0 4260.0 4260.0 3820.0 5320.0 5100.0 5520.0 5320.0 5100.0 5740.0 4880.0 1920.0 6160.0 4680.0 4680.0 6160.0 6580.0 5520.0 5320.0 4460.0 4880.0 6160.0 6380.0 2140.0 4680.0 4680.0 5520.0 3400.0 5520.0 7220.0 6580.0 1920.0 5100.0 5520.0 7220.0 440.0 2340.0 5100.0 3820.0 7020.0 4680.0
0.0 7440.0 7220.0 7220.0 3620.0 5960.0 7220.0 4260.0 8500.0 7020.0 8280.0 2980.0 6580.0 9140.0 10400.0 9560.0 8500.0 8280.0 6800.0 7860.0 5740.0 10620.0 10620.0 6580.0 6160.0 3620.0 8500.0 8500.0 7440.0 9560.0 5520.0 7440.0 5100.0 5740.0 6800.0 7860.0 6800.0 8080.0 0.0 5740.0 7220.0 6160.0 9140.0 9560.0 8500.0 7440.0 7440.0 5320.0 6160.0 10400.0 7220.0 5740.0 8080.0 7440.0 6380.0 6580.0 9980.0 8080.0 8280.0 4880.0 7860.0 5740.0 5100.0 4680.0 7860.0 9760.0 8700.0 9560.0 8700.0 8500.0 8500.0 7640.0 9340.0 8920.0 6160.0 6380.0 5520.0 4460.0 7020.0 8080.0 6580.0
0.0 7860.0 7020.0 3820.0 5100.0 440.0 4680.0 5520.0 5320.0 2980.0 4260.0 5520.0 3620.0 5960.0 6800.0 5520.0 4880.0 5740.0 1280.0 4880.0 3620.0 8920.0 7440.0 6160.0 2980.0 6160.0 5320.0 5960.0 5320.0 5320.0 3400.0 4880.0 6800.0 2560.0 4460.0 3820.0 4040.0 5520.0 6580.0 0.0 4680.0 3200.0 5960.0 7020.0 6580.0 6800.0 5960.0 6160.0 7440.0 8700.0 4460.0 5100.0 4880.0 3400.0 3820.0 7640.0 6800.0 5520.0 4040.0 3200.0 4680.0 4880.0 2340.0 5520.0 5320.0 7020.0 5740.0 5320.0 7640.0 6160.0 5960.0 5100.0 9760.0 7220.0 8500.0 5960.0 5960.0 2140.0 5100.0 5960.0 3400.0
0.0 8920.0 7220.0 4880.0 4680.0 1500.0 5960.0 5100.0 5960.0 4040.0 5320.0 5520.0 4680.0 7020.0 8080.0 6580.0 5960.0 6800.0 2340.0 5960.0 3200.0 6800.0 7860.0 6380.0 4040.0 5740.0 6380.0 6580.0 4880.0 6380.0 2980.0 6160.0 8080.0 3620.0 5520.0 4880.0 5100.0 6800.0 7020.0 1280.0 0.0 4260.0 7020.0 8080.0 7860.0 7860.0 7020.0 5960.0 8500.0 4040.0 5520.0 6160.0 6160.0 4460.0 4880.0 4680.0 7020.0 6160.0 5100.0 4260.0 5740.0 5960.0 3400.0 6380.0 5960.0 7860.0 6800.0 6380.0 7220.0 6580.0 7020.0 6380.0 5320.0 7020.0 9560.0 7020.0 7020.0 3200.0 5960.0 7020.0 4680.0
0.0 7640.0 5520.0 2340.0 3820.0 5100.0 4260.0 4260.0 5960.0 6380.0 4880.0 4880.0 3820.0 2980.0 7860.0 6380.0 5960.0 5960.0 5740.0 3400.0 2340.0 9560.0 7860.0 4680.0 5100.0 5520.0 8280.0 7020.0 4040.0 4880.0 2140.0 5960.0 8700.0 5740.0 5520.0 5740.0 5960.0 6580.0 6160.0 4680.0 3620.0 0.0 7020.0 6580.0 5320.0 8920.0 5520.0 5100.0 5740.0 7640.0 4680.0 4680.0 3400.0 6580.0 5960.0 5960.0 6380.0 7640.0 6800.0 5740.0 5960.0 5320.0 5100.0 8080.0 6380.0 7440.0 4260.0 7220.0 5960.0 5740.0 7020.0 3620.0 8280.0 7220.0 7020.0 6800.0 4460.0 5320.0 5100.0 5520.0 7640.0
0.0 8500.0 6580.0 6380.0 2980.0 5320.0 7440.0 5320.0 3820.0 4260.0 4040.0 4040.0 4680.0 5520.0 8280.0 5520.0 5320.0 6800.0 6160.0 4260.0 1500.0 6580.0 7220.0 5740.0 5320.0 4680.0 7440.0 4880.0 3200.0 5960.0 4680.0 6380.0 6160.0 4880.0 7020.0 2980.0 3200.0 6800.0 5320.0 5100.0 7220.0 4040.0 0.0 9140.0 1080.0 7020.0 5960.0 2760.0 7220.0 8080.0 3820.0 5520.0 4680.0 7220.0 6580.0 7440.0 3400.0 3400.0 5960.0 5100.0 7020.0 5960.0 4260.0 4040.0 4460.0 8280.0 5320.0 4260.0 6800.0 4880.0 6160.0 7640.0 8920.0 4680.0 7640.0 7020.0 3620.0 5520.0 4460.0 5100.0 6380.0
0.0 8280.0 5960.0 2980.0 4460.0 3820.0 4680.0 4880.0 6580.0 2980.0 5520.0 5520.0 1080.0 3620.0 7020.0 7020.0 6580.0 6160.0 4460.0 4040.0 2980.0 7440.0 6380.0 5320.0 640.0 5960.0 5740.0 5520.0 4680.0 4260.0 2760.0 4880.0 8080.0 5740.0 4260.0 4880.0 5100.0 3200.0 4680.0 5320.0 4260.0 640.0 6380.0 0.0 5960.0 7860.0 6160.0 5740.0 6380.0 8280.0 5320.0 4880.0 4040.0 3820.0 3620.0 6580.0 4460.0 7440.0 2760.0 6380.0 5100.0 2560.0 5520.0 5320.0 5320.0 6800.0 4880.0 5520.0 5960.0 5960.0 5740.0 4260.0 7220.0 5520.0 7640.0 3620.0 5100.0 1920.0 3620.0 6160.0 3820.0
0.0 8280.0 5520.0 6380.0 5320.0 5320.0 7640.0 7020.0 2980.0 3200.0 6380.0 5740.0 3620.0 7020.0 7220.0 7440.0 5520.0 8500.0 6160.0 3200.0 3820.0 5520.0 7440.0 4680.0 5960.0 6160.0 7640.0 3820.0 5520.0 5740.0 6160.0 5740.0 8500.0 7220.0 5960.0 5320.0 5740.0 7020.0 6160.0 5100.0 7020.0 4260.0 5740.0 8280.0 0.0 8700.0 5520.0 1700.0 6160.0 7020.0 5520.0 5320.0 3620.0 6160.0 6160.0 6580.0 2340.0 2340.0 8080.0 5320.0 6160.0 4880.0 6580.0 6380.0 3400.0 7440.0 4260.0 3400.0 7640.0 7220.0 8500.0 7640.0 8080.0 3620.0 7220.0 6580.0 4680.0 4880.0 5960.0 5320.0 5320.0
0.0 9140.0 6160.0 7440.0 4880.0 5520.0 5740.0 5320.0 8500.0 3400.0 5960.0 5960.0 6800.0 7640.0 7220.0 4680.0 5100.0 9340.0 6380.0 7440.0 3620.0 7220.0 8920.0 6800.0 6380.0 6580.0 7440.0 7220.0 5100.0 7220.0 3400.0 7860.0 3200.0 6800.0 7220.0 7640.0 6380.0 7640.0 7220.0 6580.0 7440.0 6160.0 5740.0 7020.0 6800.0 0.0 7640.0 6380.0 7860.0 8500.0 3820.0 1280.0 6380.0 7020.0 6580.0 7220.0 4040.0 7020.0 7220.0 5320.0 7020.0 8080.0 6380.0 7860.0 7020.0 7440.0 7020.0 4880.0 4460.0 6800.0 8080.0 6160.0 7860.0 7220.0 6380.0 6580.0 1280.0 7020.0 6380.0 8280.0 4880.0
0.0 4040.0 4040.0 6580.0 6580.0 5740.0 8080.0 7640.0 8920.0 6380.0 7860.0 7860.0 4040.0 8080.0 9760.0 8080.0 5320.0 6160.0 5100.0 3620.0 5740.0 8280.0 11040.0 3200.0 5320.0 8500.0 7440.0 5320.0 7020.0 8700.0 5520.0 7860.0 6580.0 7440.0 7220.0 5960.0 4460.0 8500.0 7220.0 6380.0 7440.0 5320.0 8280.0 6800.0 7020.0 10620.0 0.0 8280.0 1920.0 7220.0 4040.0 5520.0 7640.0 6380.0 7220.0 7640.0 6580.0 7440.0 7440.0 5520.0 4680.0 4460.0 7440.0 7640.0 8280.0 7860.0 7020.0 7440.0 8080.0 9140.0 6580.0 8280.0 8500.0 8500.0 9760.0 5520.0 7020.0 5520.0 6380.0 6380.0 4680.0
0.0 6580.0 7440.0 7640.0 6580.0 7640.0 9560.0 7640.0 6800.0 8080.0 7640.0 7440.0 6580.0 9140.0 9140.0 8920.0 7220.0 11040.0 8500.0 6160.0 5100.0 10200.0 10620.0 8080.0 6160.0 8080.0 10820.0 7640.0 6800.0 8500.0 5520.0 9560.0 11040.0 8500.0 9760.0 8500.0 8080.0 9980.0 8920.0 8500.0 9760.0 6160.0 8080.0 9140.0 9140.0 10820.0 8920.0 0.0 4460.0 10620.0 7440.0 3620.0 8700.0 8920.0 9140.0 9980.0 7020.0 7020.0 8500.0 7440.0 6580.0 7020.0 7860.0 9760.0 7220.0 6800.0 9560.0 7860.0 9760.0 8280.0 9140.0 9760.0 11040.0 9760.0 11040.0 8280.0 9340.0 7440.0 7860.0 9980.0 9560.0
0.0 2140.0 2980.0 4680.0 6800.0 6160.0 6380.0 7020.0 7220.0 4460.0 6800.0 6800.0 2140.0 7220.0 7860.0 8280.0 6800.0 7020.0 4040.0 1700.0 5320.0 7440.0 9760.0 6800.0 6380.0 7020.0 6380.0 5960.0 5960.0 7640.0 5100.0 6580.0 7220.0 6380.0 5960.0 4040.0 3620.0 7220.0 6160.0 5740.0 6160.0 6380.0 7020.0 5740.0 7640.0 9560.0 7860.0 7640.0 0.0 6160.0 6580.0 6580.0 5740.0 4460.0 5320.0 6580.0 4680.0 7640.0 6800.0 5520.0 5960.0 2560.0 7020.0 7640.0 7020.0 8080.0 6380.0 5740.0 6160.0 7640.0 4680.0 6580.0 6580.0 6580.0 8700.0 3820.0 5960.0 3620.0 4680.0 5520.0 6380.0
0.0 5960.0 5960.0 2980.0 4460.0 3400.0 4680.0 2760.0 6580.0 2980.0 5520.0 1500.0 1080.0 3620.0 5960.0 7020.0 6580.0 6160.0 4040.0 4040.0 2980.0 2760.0 4680.0 5320.0 640.0 2140.0 5740.0 5740.0 4680.0 4260.0 2760.0 4880.0 8080.0 4260.0 4260.0 4880.0 5100.0 5520.0 5740.0 2980.0 4260.0 640.0 6160.0 6800.0 5960.0 7860.0 5100.0 5740.0 5100.0 0.0 5320.0 4460.0 4040.0 3820.0 3620.0 640.0 4460.0 2140.0 2980.0 3400.0 5100.0 2560.0 3620.0 5740.0 5320.0 3820.0 4880.0 5320.0 5960.0 5960.0 5740.0 4260.0 7220.0 4260.0 7640.0 5740.0 5100.0 1920.0 3620.0 4880.0 2560.0
0.0 7860.0 4040.0 5320.0 2760.0 1920.0 6160.0 5740.0 6800.0 5740.0 5520.0 5520.0 4880.0 7440.0 9760.0 4260.0 1500.0 6800.0 2560.0 6380.0 3820.0 7860.0 8080.0 3200.0 4460.0 6160.0 3620.0 7220.0 4880.0 6580.0 3620.0 6380.0 8280.0 4040.0 5740.0 7220.0 4460.0 5960.0 5740.0 4460.0 5960.0 4460.0 4460.0 6800.0 5520.0 7020.0 4040.0 4460.0 5960.0 7020.0 0.0 1700.0 6380.0 4880.0 5320.0 7220.0 7640.0 4880.0 5320.0 1700.0 4460.0 5960.0 3620.0 4040.0 6580.0 7860.0 7020.0 6800.0 7860.0 7220.0 7440.0 6580.0 10820.0 8500.0 9760.0 6160.0 5320.0 3400.0 6580.0 4880.0 4880.0
0.0 8920.0 5100.0 7220.0 3820.0 6160.0 7860.0 4040.0 8280.0 6160.0 4880.0 4680.0 5520.0 6380.0 9560.0 6160.0 5960.0 9340.0 6800.0 6380.0 2340.0 10620.0 7860.0 7640.0 5100.0 5320.0 8280.0 7440.0 4040.0 6800.0 2140.0 7220.0 8700.0 5740.0 7440.0 7440.0 5520.0 6380.0 6160.0 5740.0 8280.0 4880.0 4460.0 5740.0 5520.0 9980.0 6380.0 5100.0 6800.0 8080.0 4680.0 0.0 8280.0 8080.0 8080.0 6380.0 7860.0 7860.0 6800.0 6160.0 8920.0 7020.0 5100.0 8500.0 8500.0 9340.0 8500.0 8500.0 6380.0 5520.0 7020.0 8280.0 11040.0 7020.0 10400.0 5520.0 8080.0 6160.0 5100.0 7440.0 6160.0
0.0 5960.0 2140.0 4260.0 4680.0 3620.0 5320.0 5520.0 4680.0 2980.0 5960.0 5740.0 2980.0 5320.0 4460.0 5960.0 3200.0 6160.0 4460.0 5320.0 3820.0 7640.0 8280.0 1280.0 2340.0 6160.0 5520.0 4680.0 4880.0 5960.0 3620.0 3820.0 8080.0 4680.0 3200.0 5520.0 2560.0 4260.0 5320.0 4460.0 3400.0 2560.0 6160.0 4880.0 6380.0 6800.0 2140.0 6380.0 4040.0 5100.0 1920.0 3620.0 0.0 3820.0 2560.0 5520.0 6160.0 5320.0 4680.0 3400.0 2560.0 2980.0 5520.0 5740.0 4260.0 4460.0 860.0 3820.0 4040.0 7020.0 7640.0 5960.0 7640.0 6160.0 3620.0 4680.0 1080.0 3620.0 5320.0 4460.0 6580.0
0.0 7440.0 3620.0 640.0 3620.0 3620.0 2560.0 4460.0 6160.0 4680.0 4680.0 5100.0 2140.0 6580.0 5960.0 5960.0 4880.0 2560.0 4460.0 1700.0 2560.0 7860.0 8080.0 2760.0 4040.0 5740.0 7020.0 6160.0 4260.0 6580.0 2340.0 5320.0 7020.0 4460.0 4680.0 3820.0 4040.0 5100.0 6380.0 3200.0 2140.0 4040.0 7220.0 4680.0 3400.0 7020.0 3620.0 5100.0 5520.0 6160.0 3400.0 2760.0 1700.0 0.0 4040.0 6580.0 4680.0 4260.0 6160.0 5100.0 1500.0 3400.0 3820.0 7220.0 5740.0 4680.0 2340.0 5320.0 5320.0 3820.0 7220.0 2980.0 6380.0 6380.0 5100.0 5320.0 2760.0 3400.0 4460.0 5960.0 5960.0
0.0 7020.0 4680.0 1700.0 3620.0 2340.0 3200.0 5320.0 6580.0 2980.0 4680.0 4040.0 3200.0 3620.0 6160.0 5960.0 3820.0 3620.0 3200.0 2760.0 2140.0 5320.0 7640.0 4040.0 4680.0 3820.0 7220.0 2140.0 3820.0 5520.0 3620.0 1280.0 5520.0 4460.0 640.0 5100.0 5320.0 1920.0 3400.0 2140.0 860.0 4680.0 6160.0 5520.0 4460.0 4260.0 3200.0 4880.0 4880.0 4880.0 4460.0 3620.0 2980.0 1280.0 0.0 4880.0 5740.0 5100.0 5960.0 4040.0 2560.0 4680.0 4260.0 4040.0 1700.0 5960.0 3620.0 5320.0 6580.0 5100.0 6800.0 3620.0 6160.0 6160.0 6380.0 2140.0 3820.0 4040.0 4880.0 7220.0 4880.0
0.0 5520.0 5520.0 2560.0 4040.0 4260.0 4040.0 2340.0 5960.0 5320.0 5100.0 1080.0 640.0 2980.0 5520.0 6380.0 6160.0 5740.0 5100.0 3620.0 2560.0 6800.0 4260.0 4680.0 220.0 1700.0 5320.0 5320.0 4260.0 3620.0 2340.0 4260.0 7640.0 3820.0 3820.0 4460.0 4680.0 4880.0 6380.0 3820.0 3620.0 220.0 5960.0 6380.0 5320.0 7440.0 5740.0 5320.0 5740.0 7640.0 4880.0 3820.0 3620.0 3400.0 3200.0 0.0 4040.0 6160.0 2340.0 2980.0 4680.0 1920.0 3200.0 5320.0 4680.0 3200.0 4260.0 4880.0 5520.0 5520.0 5320.0 3820.0 6800.0 3620.0 7020.0 5320.0 4680.0 1500.0 2980.0 5740.0 2140.0
0.0 7860.0 4260.0 5740.0 5960.0 5960.0 7640.0 6580.0 6380.0 1500.0 5960.0 5960.0 4460.0 6800.0 5320.0 7440.0 5520.0 7640.0 6580.0 6580.0 4680.0 3200.0 5100.0 3400.0 4680.0 5960.0 7640.0 6580.0 5100.0 3400.0 4460.0 5740.0 9980.0 5520.0 5100.0 7440.0 4680.0 6160.0 5960.0 6380.0 5320.0 3820.0 4680.0 7020.0 3620.0 7440.0 4460.0 5100.0 5960.0 4880.0 4040.0 5740.0 3820.0 5320.0 4460.0 5320.0 0.0 2980.0 6800.0 5320.0 4680.0 5100.0 7440.0 4680.0 5960.0 5520.0 2980.0 1080.0 6380.0 8080.0 7640.0 7020.0 9140.0 3400.0 5740.0 6580.0 3400.0 5740.0 6800.0 5100.0 5960.0
0.0 7020.0 6580.0 6380.0 6580.0 2980.0 7220.0 7020.0 7860.0 1080.0 6800.0 6580.0 5960.0 8500.0 4880.0 8080.0 7440.0 7020.0 3820.0 6160.0 5100.0 9140.0 8500.0 5740.0 5520.0 7220.0 7860.0 6160.0 5740.0 6580.0 4880.0 7440.0 8700.0 5100.0 7020.0 7020.0 3400.0 7440.0 3820.0 4680.0 7220.0 5520.0 4260.0 9340.0 5100.0 8280.0 3200.0 6800.0 5100.0 8280.0 6380.0 7640.0 7440.0 5960.0 6380.0 8280.0 6380.0 0.0 6580.0 3200.0 4680.0 7440.0 4880.0 5520.0 5520.0 5100.0 5320.0 3400.0 6580.0 8280.0 8500.0 6580.0 11040.0 5740.0 8080.0 6580.0 5520.0 4460.0 5320.0 2980.0 2980.0
0.0 7020.0 5960.0 4260.0 3200.0 4880.0 6380.0 6380.0 7440.0 5740.0 5100.0 5740.0 2340.0 4460.0 6380.0 6580.0 4680.0 6380.0 5520.0 5320.0 3200.0 8500.0 3620.0 6580.0 2980.0 5960.0 7860.0 5520.0 4880.0 1500.0 5100.0 4460.0 8280.0 5100.0 3820.0 5740.0 6580.0 5100.0 6580.0 4460.0 5960.0 2980.0 5740.0 5320.0 6580.0 7440.0 6380.0 4880.0 6800.0 8280.0 5520.0 5960.0 5520.0 3820.0 5520.0 7440.0 5520.0 6160.0 0.0 4880.0 4040.0 3620.0 5960.0 7220.0 4880.0 4040.0 6160.0 6380.0 7220.0 6580.0 7640.0 2340.0 8500.0 3400.0 8920.0 5100.0 4260.0 3820.0 1280.0 6160.0 7860.0
0.0 7440.0 7220.0 4260.0 6580.0 5740.0 5740.0 5320.0 8920.0 4260.0 4040.0 4040.0 5740.0 7020.0 8080.0 5520.0 5320.0 5100.0 6380.0 5320.0 6160.0 9760.0 9560.0 6380.0 7220.0 4680.0 6800.0 6800.0 3200.0 5960.0 5960.0 6380.0 8500.0 6800.0 5740.0 5740.0 6580.0 4460.0 4040.0 6800.0 5740.0 4260.0 5320.0 8080.0 5960.0 5320.0 5960.0 7640.0 7860.0 9340.0 3820.0 5520.0 5320.0 3620.0 5100.0 7640.0 8280.0 3400.0 5960.0 0.0 5100.0 7020.0 6160.0 2560.0 6800.0 8280.0 5960.0 5320.0 7020.0 7440.0 6800.0 5100.0 9340.0 7640.0 8500.0 4680.0 5520.0 5520.0 6800.0 3200.0 6160.0
0.0 8080.0 6800.0 6160.0 2760.0 5100.0 6800.0 3200.0 7440.0 3820.0 3820.0 3820.0 4680.0 5320.0 5740.0 5320.0 5100.0 8080.0 3400.0 5960.0 1280.0 6800.0 6800.0 6800.0 4040.0 4460.0 6800.0 5100.0 2980.0 5740.0 1080.0 6160.0 7640.0 4680.0 6580.0 8080.0 5960.0 5520.0 5100.0 4880.0 7440.0 3820.0 7020.0 5960.0 7020.0 8920.0 5740.0 4040.0 6160.0 8500.0 3620.0 5320.0 7220.0 5740.0 7020.0 5520.0 3620.0 2980.0 5740.0 5320.0 0.0 5960.0 4040.0 6800.0 7440.0 3400.0 6580.0 4680.0 5320.0 4680.0 5960.0 7220.0 10200.0 6160.0 9340.0 5740.0 6800.0 5320.0 4040.0 5740.0 5740.0
0.0 9140.0 7640.0 5320.0 5520.0 5740.0 4460.0 7640.0 9980.0 6380.0 6580.0 6380.0 6800.0 7220.0 9760.0 7860.0 5320.0 7220.0 6380.0 6380.0 4040.0 4880.0 7640.0 6800.0 7020.0 7020.0 5960.0 5740.0 5520.0 6160.0 6380.0 4680.0 5740.0 7220.0 4260.0 2560.0 8080.0 5320.0 6800.0 5520.0 4460.0 6580.0 6580.0 6800.0 7640.0 7860.0 6580.0 5960.0 8500.0 8500.0 6380.0 4880.0 6380.0 4680.0 3620.0 8280.0 5520.0 8500.0 8280.0 5520.0 6160.0 0.0 6580.0 7440.0 5100.0 8700.0 7020.0 6580.0 3620.0 5740.0 5740.0 4880.0 9760.0 8500.0 7220.0 5520.0 6160.0 1700.0 6580.0 8700.0 7220.0
0.0 8080.0 6580.0 3620.0 4880.0 5100.0 5100.0 4880.0 3620.0 3200.0 3620.0 3620.0 1700.0 4040.0 7220.0 5100.0 4680.0 5520.0 5960.0 4680.0 3620.0 7440.0 7020.0 5740.0 1080.0 4260.0 3400.0 4460.0 4260.0 4680.0 3400.0 5320.0 8080.0 640.0 4880.0 5520.0 1920.0 5960.0 4680.0 5740.0 4680.0 1280.0 4040.0 7440.0 5100.0 4880.0 5520.0 6380.0 6580.0 6800.0 3400.0 4880.0 4680.0 4260.0 4260.0 7020.0 5100.0 3400.0 3400.0 3820.0 5520.0 2980.0 0.0 6380.0 4040.0 7440.0 5320.0 5520.0 6580.0 6380.0 6380.0 4880.0 7860.0 6160.0 8080.0 6160.0 5520.0 2340.0 4040.0 3820.0 4040.0
0.0 9560.0 5740.0 4260.0 6160.0 5100.0 5960.0 7220.0 7440.0 5520.0 5740.0 6580.0 5960.0 6380.0 8080.0 7220.0 5520.0 3820.0 5740.0 5320.0 4680.0 7860.0 7640.0 5100.0 6160.0 6160.0 4260.0 4880.0 6160.0 5320.0 6160.0 3820.0 6160.0 7020.0 3400.0 3400.0 6380.0 4460.0 5960.0 4680.0 3620.0 6160.0 4880.0 7860.0 4680.0 2980.0 5740.0 6380.0 7440.0 6800.0 5740.0 4260.0 5520.0 3820.0 2760.0 7440.0 6800.0 7020.0 4040.0 5740.0 5320.0 7220.0 6800.0 0.0 4260.0 8080.0 4680.0 7860.0 7220.0 6800.0 4460.0 5100.0 8700.0 7220.0 7440.0 4680.0 4260.0 6580.0 5320.0 8280.0 7440.0
0.0 7020.0 5320.0 5320.0 2140.0 2560.0 5320.0 3620.0 6800.0 4260.0 3200.0 2560.0 3620.0 4680.0 8280.0 4460.0 2140.0 7440.0 3400.0 5100.0 640.0 3620.0 6160.0 4680.0 3400.0 2980.0 6580.0 640.0 2140.0 4880.0 4880.0 2560.0 6800.0 4040.0 2760.0 7440.0 5100.0 3820.0 4460.0 4040.0 6580.0 3200.0 6380.0 6380.0 5100.0 5520.0 4880.0 3400.0 6800.0 4460.0 2980.0 4460.0 6580.0 5520.0 5740.0 3200.0 7220.0 5520.0 4880.0 2340.0 5960.0 5100.0 3400.0 4880.0 0.0 6380.0 6380.0 4460.0 5320.0 3820.0 5100.0 5740.0 8700.0 5320.0 5320.0 4040.0 2340.0 4040.0 3400.0 5520.0 5320.0
0.0 4880.0 3400.0 4880.0 6800.0 7860.0 6580.0 6800.0 5320.0 4680.0 5520.0 5520.0 3400.0 5960.0 2340.0 6800.0 7440.0 5320.0 6160.0 4460.0 5320.0 8280.0 8700.0 6580.0 2980.0 5960.0 5320.0 5960.0 6380.0 6580.0 5100.0 3400.0 7640.0 2560.0 6580.0 6800.0 4040.0 7860.0 5320.0 7640.0 6580.0 2980.0 5960.0 6160.0 6380.0 6380.0 7220.0 7860.0 2980.0 6580.0 7220.0 7020.0 5960.0 6160.0 5960.0 7020.0 6800.0 7220.0 5320.0 4680.0 7440.0 4680.0 7440.0 3620.0 5520.0 0.0 6160.0 7020.0 8280.0 8280.0 7440.0 5100.0 9340.0 7860.0 8920.0 4040.0 6580.0 4260.0 5740.0 4460.0 8280.0
0.0 5320.0 1280.0 4040.0 4040.0 2980.0 4680.0 4880.0 6800.0 2340.0 5100.0 5100.0 2140.0 4680.0 3620.0 5320.0 2560.0 5520.0 3820.0 4880.0 2980.0 7020.0 7440.0 640.0 1700.0 5740.0 4880.0 6160.0 4260.0 5320.0 2760.0 4880.0 7860.0 3820.0 5320.0 5960.0 1920.0 6580.0 4460.0 5520.0 5320.0 1700.0 5520.0 4040.0 6380.0 7020.0 1500.0 5520.0 3200.0 4460.0 1280.0 2760.0 5100.0 4260.0 4680.0 4880.0 5320.0 4680.0 3820.0 2760.0 1920.0 3620.0 4680.0 5100.0 5520.0 3820.0 0.0 4680.0 3400.0 6380.0 6800.0 5100.0 7020.0 6580.0 2980.0 4460.0 440.0 2980.0 4680.0 3820.0 5960.0
0.0 7020.0 3400.0 5320.0 5320.0 4880.0 6800.0 5740.0 5320.0 440.0 6380.0 6380.0 4260.0 5740.0 4460.0 7220.0 4680.0 7640.0 5740.0 5740.0 3820.0 8080.0 9340.0 2560.0 3620.0 5100.0 6800.0 5520.0 5520.0 6160.0 3620.0 5960.0 9760.0 4680.0 5320.0 6580.0 3820.0 6580.0 5520.0 6800.0 6380.0 2980.0 3620.0 6160.0 2560.0 8920.0 3400.0 4260.0 4880.0 6380.0 3200.0 4880.0 6160.0 6160.0 6800.0 7020.0 4880.0 2140.0 5960.0 4680.0 3820.0 5520.0 6580.0 7220.0 5100.0 4680.0 2140.0 0.0 5520.0 7220.0 6800.0 6580.0 8920.0 2560.0 4880.0 6160.0 2340.0 4880.0 6580.0 4880.0 5100.0
0.0 8500.0 6160.0 5100.0 7020.0 5960.0 7020.0 5520.0 8280.0 3400.0 4460.0 4260.0 4040.0 6380.0 7440.0 5740.0 5520.0 8920.0 6800.0 6160.0 5960.0 5320.0 7020.0 5320.0 3400.0 4880.0 7860.0 8500.0 3400.0 5320.0 5740.0 7640.0 10200.0 7020.0 7020.0 7860.0 6800.0 8280.0 6800.0 8080.0 7020.0 3620.0 5100.0 7020.0 5520.0 9340.0 6160.0 7220.0 7860.0 6800.0 4260.0 5740.0 5740.0 6580.0 6380.0 7220.0 2140.0 5100.0 5740.0 5740.0 6800.0 5320.0 6380.0 6580.0 7860.0 6800.0 4880.0 2980.0 0.0 8700.0 8700.0 7220.0 10200.0 5320.0 7860.0 8500.0 5320.0 4680.0 6380.0 7220.0 7860.0
0.0 7020.0 6800.0 3820.0 5320.0 6800.0 5740.0 5520.0 7440.0 6800.0 6380.0 6160.0 5320.0 7860.0 4460.0 7640.0 7440.0 8920.0 4680.0 4880.0 3820.0 10400.0 9340.0 5960.0 5100.0 6800.0 7440.0 7440.0 5520.0 8280.0 3620.0 6580.0 9340.0 4680.0 5960.0 7020.0 7220.0 7220.0 4460.0 6380.0 6160.0 5100.0 8080.0 7860.0 9140.0 8920.0 6800.0 6580.0 4880.0 9760.0 6160.0 5960.0 4880.0 6580.0 5320.0 7860.0 7860.0 8280.0 7220.0 7640.0 7220.0 6580.0 6580.0 8080.0 7020.0 4680.0 5520.0 8500.0 7860.0 0.0 7440.0 6160.0 9560.0 5320.0 8280.0 5960.0 5960.0 3620.0 6580.0 8920.0 6800.0
0.0 7440.0 8280.0 6580.0 5520.0 6800.0 8080.0 2760.0 6380.0 6580.0 6580.0 5100.0 4460.0 7020.0 9140.0 7860.0 7640.0 9140.0 7640.0 6580.0 4040.0 6160.0 8080.0 8280.0 4260.0 5740.0 1920.0 7220.0 5520.0 7640.0 6380.0 6580.0 8500.0 4680.0 6160.0 5320.0 5520.0 7220.0 7860.0 6580.0 7640.0 4260.0 2560.0 7440.0 3620.0 8700.0 8280.0 5100.0 5320.0 3620.0 6380.0 4460.0 7020.0 6800.0 7220.0 4260.0 5740.0 5520.0 6380.0 4680.0 8080.0 5740.0 6800.0 6580.0 6800.0 6800.0 7860.0 6800.0 7220.0 5320.0 0.0 7860.0 10620.0 7020.0 9980.0 6580.0 6160.0 5520.0 6800.0 7440.0 6160.0
0.0 8080.0 5960.0 6160.0 4680.0 2760.0 4460.0 5520.0 7860.0 4040.0 4460.0 5320.0 5960.0 4880.0 7440.0 5740.0 2560.0 7640.0 3620.0 7220.0 3400.0 6380.0 8920.0 7440.0 5320.0 4880.0 7640.0 3400.0 4880.0 6380.0 3620.0 2560.0 6800.0 4880.0 1920.0 7020.0 6380.0 2980.0 4460.0 3200.0 7020.0 5520.0 7220.0 5320.0 7860.0 5520.0 4260.0 5520.0 6160.0 5960.0 5740.0 4680.0 7440.0 5740.0 6160.0 5960.0 9340.0 5960.0 6380.0 2760.0 7020.0 7220.0 4680.0 5100.0 2760.0 7640.0 8080.0 6380.0 7640.0 6580.0 7860.0 0.0 7860.0 7440.0 8080.0 3400.0 5100.0 4460.0 6160.0 5960.0 5960.0
0.0 4260.0 6160.0 4880.0 2760.0 3200.0 2560.0 4460.0 640.0 4880.0 3820.0 3200.0 3620.0 3200.0 8500.0 5100.0 2760.0 6160.0 4040.0 5740.0 1280.0 4260.0 6800.0 5320.0 2980.0 440.0 5320.0 1280.0 2980.0 5100.0 4680.0 3200.0 7440.0 2560.0 3400.0 6160.0 3820.0 4460.0 5100.0 4680.0 4040.0 3200.0 3400.0 4880.0 4460.0 6160.0 5520.0 4040.0 7020.0 5100.0 3620.0 2760.0 5960.0 4460.0 3200.0 4040.0 6800.0 4880.0 5320.0 1700.0 4040.0 4880.0 1920.0 4040.0 860.0 7220.0 6580.0 5100.0 6160.0 4460.0 5320.0 2980.0 0.0 3620.0 5740.0 4260.0 2980.0 1500.0 4040.0 4880.0 5960.0
0.0 6580.0 5960.0 2760.0 4260.0 4680.0 4880.0 4680.0 6380.0 3820.0 5320.0 5320.0 4460.0 3400.0 7020.0 6800.0 5520.0 6380.0 5520.0 3820.0 2980.0 7440.0 8280.0 5100.0 5100.0 2760.0 7440.0 4460.0 4460.0 5320.0 2760.0 3620.0 7860.0 4680.0 2980.0 6160.0 5960.0 4260.0 5520.0 4460.0 4040.0 640.0 7020.0 4680.0 5740.0 6580.0 5320.0 5740.0 6160.0 8080.0 4040.0 4880.0 4040.0 6580.0 5320.0 6380.0 5520.0 2980.0 7220.0 3820.0 6380.0 5740.0 4260.0 6160.0 4040.0 7220.0 4680.0 6160.0 6380.0 6160.0 7440.0 4040.0 7860.0 0.0 7440.0 4460.0 4880.0 3620.0 5740.0 5960.0 5960.0
0.0 8500.0 7640.0 4680.0 6380.0 5320.0 3820.0 7020.0 5520.0 5740.0 6160.0 5740.0 6160.0 6580.0 9140.0 7440.0 6580.0 6580.0 5960.0 5740.0 4880.0 7860.0 9340.0 6800.0 6580.0 6380.0 6800.0 5100.0 6580.0 7860.0 6160.0 4040.0 8280.0 6580.0 3620.0 5520.0 6800.0 4680.0 3820.0 4880.0 3820.0 6800.0 3820.0 6160.0 4680.0 5320.0 5960.0 5320.0 7860.0 7860.0 7220.0 4260.0 5740.0 4040.0 2980.0 7640.0 7020.0 7020.0 8700.0 6800.0 5520.0 2980.0 5960.0 6800.0 4460.0 8700.0 6380.0 8080.0 6580.0 5100.0 5100.0 4260.0 8700.0 6380.0 0.0 4880.0 6580.0 1080.0 7020.0 7640.0 7640.0
0.0 6800.0 6380.0 4880.0 4460.0 4460.0 4880.0 7640.0 7220.0 860.0 7020.0 7440.0 5320.0 6800.0 4260.0 8280.0 6380.0 6800.0 2340.0 5960.0 5520.0 5320.0 8500.0 5740.0 4880.0 5320.0 7220.0 2140.0 7220.0 6380.0 5740.0 4880.0 9140.0 4460.0 4260.0 7020.0 7020.0 5320.0 6800.0 4040.0 6380.0 4880.0 4040.0 7020.0 5100.0 7860.0 6580.0 6160.0 4680.0 5960.0 5520.0 5100.0 5960.0 4460.0 6580.0 6580.0 6380.0 5320.0 5100.0 6580.0 4680.0 6580.0 6160.0 7440.0 5320.0 4460.0 5320.0 3200.0 7020.0 8080.0 8700.0 5320.0 7220.0 5520.0 7020.0 0.0 3820.0 4680.0 3620.0 7640.0 4460.0
0.0 8500.0 6380.0 6160.0 5320.0 4260.0 4460.0 8080.0 7220.0 2140.0 6580.0 7020.0 7020.0 8280.0 5960.0 6380.0 3820.0 8080.0 5100.0 7220.0 4680.0 8280.0 9140.0 5520.0 6580.0 7020.0 6160.0 7220.0 6380.0 7640.0 6160.0 7220.0 9760.0 6160.0 6580.0 7860.0 5100.0 7860.0 7860.0 6800.0 7640.0 6580.0 5320.0 6580.0 6380.0 9340.0 6580.0 6800.0 6580.0 7220.0 2560.0 4040.0 7220.0 5740.0 7640.0 7860.0 5100.0 6380.0 7860.0 4040.0 5740.0 8080.0 6160.0 6580.0 6580.0 6160.0 6380.0 4460.0 3200.0 7860.0 9340.0 4880.0 6580.0 6580.0 5100.0 7640.0 0.0 5740.0 5100.0 7020.0 7220.0
0.0 7640.0 6580.0 3620.0 5320.0 4260.0 2760.0 6800.0 8280.0 4680.0 5100.0 5960.0 5100.0 5520.0 8080.0 6380.0 5520.0 5520.0 4880.0 4680.0 4040.0 7020.0 8280.0 5740.0 5520.0 5520.0 5740.0 4040.0 5520.0 7020.0 5100.0 2980.0 7440.0 5520.0 2560.0 6380.0 6800.0 3620.0 5100.0 3820.0 2760.0 5740.0 6380.0 5100.0 6380.0 6160.0 4880.0 4260.0 6800.0 6800.0 6380.0 3200.0 4680.0 3200.0 1920.0 6580.0 7640.0 7020.0 7640.0 5740.0 4460.0 6380.0 4880.0 5740.0 3400.0 7640.0 5320.0 7020.0 8280.0 4260.0 4040.0 3200.0 8080.0 8080.0 8080.0 4040.0 5740.0 0.0 6800.0 8700.0 6580.0
0.0 5960.0 4880.0 4880.0 6380.0 3620.0 6800.0 6800.0 6160.0 5740.0 7220.0 7220.0 6160.0 3200.0 9140.0 8700.0 7440.0 6160.0 4460.0 5960.0 4880.0 7440.0 9340.0 7020.0 6160.0 4680.0 8500.0 5960.0 6580.0 5100.0 4680.0 5520.0 9760.0 5740.0 4880.0 7020.0 5320.0 6160.0 7640.0 3200.0 5960.0 2560.0 8920.0 5960.0 7020.0 8500.0 7440.0 5960.0 7020.0 7860.0 6160.0 4680.0 5960.0 6580.0 7020.0 6160.0 4260.0 5100.0 7220.0 5960.0 7640.0 7440.0 5520.0 8280.0 5960.0 7860.0 6580.0 5320.0 8500.0 6800.0 9140.0 6160.0 9980.0 2140.0 9560.0 6380.0 7020.0 5100.0 0.0 7220.0 6580.0
0.0 7640.0 7220.0 4260.0 4460.0 5740.0 5960.0 5100.0 8920.0 4260.0 4260.0 3820.0 5740.0 7020.0 8280.0 5520.0 5320.0 5320.0 6580.0 5320.0 6380.0 8920.0 9760.0 6580.0 6580.0 4460.0 6800.0 6800.0 3400.0 6160.0 6160.0 5960.0 5960.0 6160.0 5520.0 5740.0 6580.0 4460.0 860.0 6580.0 5740.0 4260.0 5320.0 8080.0 6160.0 5520.0 5960.0 6160.0 7020.0 9340.0 4040.0 5520.0 5320.0 3820.0 5320.0 7440.0 5740.0 3400.0 6160.0 220.0 5100.0 6580.0 5960.0 2560.0 6380.0 8500.0 6160.0 5520.0 3820.0 7440.0 7020.0 3620.0 9340.0 7640.0 6800.0 4680.0 5740.0 5320.0 5740.0 0.0 6380.0
0.0 4460.0 8700.0 5740.0 5960.0 2140.0 6580.0 6380.0 7220.0 4680.0 5960.0 6160.0 3820.0 7640.0 8700.0 7220.0 6580.0 6580.0 2980.0 3400.0 4680.0 9560.0 9340.0 7860.0 4880.0 6800.0 7020.0 7640.0 5320.0 7020.0 4460.0 6800.0 8700.0 4260.0 6160.0 5520.0 2760.0 7440.0 5520.0 1920.0 6380.0 4880.0 7860.0 8700.0 7440.0 8500.0 5740.0 7440.0 7640.0 7860.0 5960.0 6800.0 6800.0 5100.0 5520.0 8280.0 6380.0 7020.0 5740.0 3620.0 6580.0 5100.0 4040.0 6160.0 7220.0 8700.0 7440.0 7020.0 8500.0 7860.0 7640.0 7020.0 8080.0 8080.0 10200.0 7640.0 7640.0 3820.0 6160.0 4680.0 0.0
