40 4
510 0 1099 6 2
180 1407 3013 8 4
55 2634 4912 7 10
1008 0 1347 1 7
72 0 1158 8 2
140 369 2557 4 5
115 0 1860 10 10
442 0 1139 10 5
350 4075 6335 7 10
665 479 2593 8 6
225 841 3191 6 8
592 1025 3147 9 7
630 857 3031 7 8
720 0 1985 1 1
294 2863 4473 5 2
1440 903 2737 7 2
425 0 853 7 7
561 0 1321 10 6
814 0 1073 9 7
609 1289 3469 4 6
549 495 2175 4 3
180 1330 3714 8 7
126 0 1006 3 7
348 375 2605 7 4
250 0 1866 10 7
418 3152 5012 1 4
396 799 2945 10 8
648 2837 5155 3 10
1245 0 1243 2 9
429 1765 4143 6 8
371 46 1934 9 6
1134 0 1091 3 3
900 3282 5610 1 6
414 950 3230 2 2
688 0 2112 8 8
266 325 2515 7 4
752 0 1080 8 9
915 2893 4763 8 7
480 0 977 2 6
372 2665 4447 4 1
SETUP
0 311 434 434 330 359 359 349 330 293 189 274 377 462 424 387 283 245 415 293 321 424 95 161 264 274 321 274 274 302 349 321 387 104 132 415 283 293 274 330 321
0 0 453 443 302 368 283 255 311 396 217 302 302 198 227 245 293 349 368 321 180 406 123 321 293 293 321 302 170 321 359 368 424 132 161 321 245 142 114 359 293
0 104 0 274 245 151 255 330 340 208 274 283 311 302 321 208 198 161 443 330 274 359 180 255 255 293 19 293 264 311 302 340 387 189 217 227 311 236 161 208 321
0 340 302 0 255 142 198 104 198 321 274 311 245 283 349 321 368 283 387 349 142 198 180 198 340 264 264 302 29 180 123 293 415 189 217 377 349 255 189 311 283
0 321 283 368 0 208 377 321 170 387 302 293 330 453 377 349 349 359 377 349 217 274 236 274 283 180 245 170 321 151 198 264 481 245 255 245 396 283 217 387 340
0 443 481 509 387 0 264 330 387 359 359 406 330 359 406 217 368 387 443 377 236 293 264 302 302 396 453 396 255 406 293 377 283 274 302 293 415 330 255 377 359
0 189 330 359 255 227 0 311 245 170 132 330 330 340 302 283 217 123 293 274 302 283 311 38 293 151 311 255 302 217 208 330 274 189 217 264 161 274 293 114 217
0 245 208 293 321 189 311 0 95 311 245 217 377 377 302 274 396 293 293 264 283 245 161 274 330 340 170 340 189 76 170 189 340 170 180 349 330 151 142 302 198
0 161 293 208 330 283 227 170 0 264 161 132 283 302 208 180 302 217 217 264 189 340 66 264 236 245 76 245 151 170 264 114 396 76 85 255 255 264 48 264 293
0 198 198 415 217 198 161 180 217 0 227 161 161 180 142 114 264 245 406 264 208 321 245 198 227 208 208 368 264 198 245 302 340 255 142 189 283 227 264 274 198
0 311 387 255 180 359 180 189 283 340 0 274 311 368 472 198 377 293 227 217 330 424 340 208 302 283 264 283 245 255 349 368 293 236 264 274 95 217 330 255 151
0 38 161 255 217 151 95 208 57 132 66 0 293 236 264 236 302 85 264 283 208 208 123 132 283 217 123 217 208 38 132 151 359 132 142 311 161 170 104 208 217
0 236 227 321 57 208 293 29 123 321 189 198 0 255 321 293 264 274 311 104 208 274 180 255 255 227 189 227 132 95 198 198 180 123 151 227 283 104 170 142 38
0 340 311 302 180 180 396 340 208 349 274 321 396 0 321 349 387 302 236 227 340 245 274 377 377 283 255 293 255 180 170 302 302 245 274 349 104 227 255 264 161
0 302 302 340 132 227 264 95 189 236 95 274 76 330 0 217 264 189 311 180 66 283 104 170 274 66 264 236 151 170 208 274 255 114 10 293 189 180 236 217 114
0 236 293 330 170 264 48 142 170 217 170 217 123 368 349 0 180 170 330 189 321 330 236 85 114 198 236 302 151 208 255 189 293 208 236 85 208 114 217 161 151
0 368 330 264 57 255 377 368 227 434 311 340 349 415 349 330 0 406 424 255 274 321 217 330 274 227 293 217 283 198 245 311 340 227 255 302 406 255 198 293 311
0 245 236 387 142 245 208 227 264 48 264 208 208 227 189 161 283 0 453 293 189 359 227 245 217 142 255 132 302 236 283 293 387 236 189 236 321 274 311 321 245
0 274 170 76 321 198 264 180 264 302 227 368 321 330 415 377 368 255 0 180 189 227 227 217 330 245 189 245 95 245 189 359 255 198 227 302 66 180 264 217 114
0 236 274 321 170 151 208 114 170 274 95 198 208 274 293 264 227 245 311 0 274 217 151 161 161 245 236 330 38 151 142 236 198 29 57 132 189 10 132 48 57
0 255 377 387 311 321 302 264 264 349 132 217 415 406 462 311 274 302 359 236 0 387 38 321 208 170 330 170 217 245 311 208 406 48 76 359 227 236 311 274 264
0 359 472 340 311 377 311 321 349 283 142 340 368 453 302 274 396 387 368 349 283 0 161 349 330 340 396 340 245 368 359 406 434 170 198 349 236 349 142 387 293
0 217 340 349 274 321 274 264 236 311 95 180 377 415 434 293 236 264 321 198 227 387 0 283 170 180 302 180 180 217 311 245 368 19 38 321 189 198 283 236 227
0 151 321 443 217 208 293 283 349 132 349 293 293 302 274 245 180 85 396 368 274 264 274 0 293 114 340 217 311 321 189 377 236 283 274 321 359 283 255 406 330
0 142 189 311 123 227 208 142 161 236 66 114 283 274 368 264 76 189 293 76 311 293 227 236 0 132 198 293 114 142 217 85 208 104 132 208 161 85 208 114 66
0 293 415 490 245 161 283 387 293 368 321 255 490 453 500 377 490 340 462 490 387 227 359 321 453 0 368 415 311 283 151 406 377 368 377 443 415 311 340 396 472
0 95 424 264 349 302 330 321 321 377 264 349 293 283 302 283 311 330 434 321 264 368 170 245 245 311 0 311 255 302 293 330 377 180 208 217 330 227 151 198 302
0 180 302 377 245 161 236 245 198 217 132 142 377 377 359 330 321 227 359 283 57 227 95 274 255 10 264 0 189 180 151 264 377 104 132 406 227 161 245 321 245
0 321 283 377 274 264 180 85 180 302 302 293 227 255 377 359 349 255 368 321 321 245 245 180 406 283 245 321 0 151 255 274 406 227 255 424 330 236 227 283 264
0 180 132 227 359 114 236 170 29 245 189 142 302 311 227 208 330 227 236 293 217 180 95 208 255 274 95 274 180 0 104 123 396 104 114 283 283 293 76 283 321
0 321 434 415 387 19 274 245 311 359 217 283 349 377 377 236 387 368 443 387 245 76 236 311 311 255 387 406 264 311 0 396 302 245 274 311 311 340 217 387 368
0 66 189 227 245 170 123 57 85 151 95 29 311 198 283 264 330 114 293 302 236 236 151 161 311 245 151 245 227 57 161 0 283 161 132 340 189 198 132 236 245
0 340 236 377 255 255 415 406 283 424 340 396 387 76 311 424 424 377 311 302 359 198 349 453 424 302 245 311 330 255 245 377 0 321 311 424 180 302 330 217 236
0 208 330 340 264 311 264 255 227 302 85 170 377 396 424 283 283 255 311 302 377 377 293 274 387 227 293 368 170 198 302 321 377 0 29 359 180 274 274 340 236
0 415 311 518 302 406 311 227 321 406 283 434 368 387 518 443 255 359 453 359 443 377 377 311 518 368 321 453 142 293 396 406 434 368 0 490 377 245 368 396 396
0 170 217 340 132 236 236 104 189 161 95 142 85 311 302 274 104 114 321 114 293 293 255 29 38 142 227 245 76 170 217 114 236 132 161 0 189 38 236 151 95
0 349 302 208 283 264 321 236 208 245 170 311 321 274 387 359 340 198 132 123 236 330 264 274 274 189 274 189 151 264 255 311 198 142 170 245 0 123 255 161 57
0 349 321 340 170 302 208 114 208 330 95 321 255 293 359 283 377 293 311 302 349 274 274 208 387 311 274 330 38 189 283 302 359 264 293 359 189 0 255 321 236
0 236 359 359 283 321 180 189 208 293 114 198 236 359 161 132 255 245 340 217 142 340 19 217 189 198 274 198 104 227 330 264 387 29 57 208 208 217 0 255 245
0 283 236 283 462 114 340 283 132 349 293 245 406 293 330 311 434 330 340 396 321 180 198 311 359 349 198 377 283 114 104 227 217 208 217 387 387 396 180 0 424
0 293 340 349 227 208 274 180 151 330 151 255 274 217 349 330 293 302 359 66 340 274 217 217 217 311 217 387 95 208 198 255 142 85 114 189 245 66 198 104 0
SETUP_COST
0.0 6220.0 8680.0 8680.0 6600.0 7180.0 7180.0 6980.0 6600.0 5860.0 3780.0 5480.0 7540.0 9240.0 8480.0 7740.0 5660.0 4900.0 8300.0 5860.0 6420.0 8480.0 1900.0 3220.0 5280.0 5480.0 6420.0 5480.0 5480.0 6040.0 6980.0 6420.0 7740.0 2080.0 2640.0 8300.0 5660.0 5860.0 5480.0 6600.0 6420.0
0.0 0.0 9060.0 8860.0 6040.0 7360.0 5660.0 5100.0 6220.0 7920.0 4340.0 6040.0 6040.0 3960.0 4540.0 4900.0 5860.0 6980.0 7360.0 6420.0 3600.0 8120.0 2460.0 6420.0 5860.0 5860.0 6420.0 6040.0 3400.0 6420.0 7180.0 7360.0 8480.0 2640.0 3220.0 6420.0 4900.0 2840.0 2280.0 7180.0 5860.0
0.0 2080.0 0.0 5480.0 4900.0 3020.0 5100.0 6600.0 6800.0 4160.0 5480.0 5660.0 6220.0 6040.0 6420.0 4160.0 3960.0 3220.0 8860.0 6600.0 5480.0 7180.0 3600.0 5100.0 5100.0 5860.0 380.0 5860.0 5280.0 6220.0 6040.0 6800.0 7740.0 3780.0 4340.0 4540.0 6220.0 4720.0 3220.0 4160.0 6420.0
0.0 6800.0 6040.0 0.0 5100.0 2840.0 3960.0 2080.0 3960.0 6420.0 5480.0 6220.0 4900.0 5660.0 6980.0 6420.0 7360.0 5660.0 7740.0 6980.0 2840.0 3960.0 3600.0 3960.0 6800.0 5280.0 5280.0 6040.0 580.0 3600.0 2460.0 5860.0 8300.0 3780.0 4340.0 7540.0 6980.0 5100.0 3780.0 6220.0 5660.0
0.0 6420.0 5660.0 7360.0 0.0 4160.0 7540.0 6420.0 3400.0 7740.0 6040.0 5860.0 6600.0 9060.0 7540.0 6980.0 6980.0 7180.0 7540.0 6980.0 4340.0 5480.0 4720.0 5480.0 5660.0 3600.0 4900.0 3400.0 6420.0 3020.0 3960.0 5280.0 9620.0 4900.0 5100.0 4900.0 7920.0 5660.0 4340.0 7740.0 6800.0
0.0 8860.0 9620.0 10180.0 7740.0 0.0 5280.0 6600.0 7740.0 7180.0 7180.0 8120.0 6600.0 7180.0 8120.0 4340.0 7360.0 7740.0 8860.0 7540.0 4720.0 5860.0 5280.0 6040.0 6040.0 7920.0 9060.0 7920.0 5100.0 8120.0 5860.0 7540.0 5660.0 5480.0 6040.0 5860.0 8300.0 6600.0 5100.0 7540.0 7180.0
0.0 3780.0 6600.0 7180.0 5100.0 4540.0 0.0 6220.0 4900.0 3400.0 2640.0 6600.0 6600.0 6800.0 6040.0 5660.0 4340.0 2460.0 5860.0 5480.0 6040.0 5660.0 6220.0 760.0 5860.0 3020.0 6220.0 5100.0 6040.0 4340.0 4160.0 6600.0 5480.0 3780.0 4340.0 5280.0 3220.0 5480.0 5860.0 2280.0 4340.0
0.0 4900.0 4160.0 5860.0 6420.0 3780.0 6220.0 0.0 1900.0 6220.0 4900.0 4340.0 7540.0 7540.0 6040.0 5480.0 7920.0 5860.0 5860.0 5280.0 5660.0 4900.0 3220.0 5480.0 6600.0 6800.0 3400.0 6800.0 3780.0 1520.0 3400.0 3780.0 6800.0 3400.0 3600.0 6980.0 6600.0 3020.0 2840.0 6040.0 3960.0
0.0 3220.0 5860.0 4160.0 6600.0 5660.0 4540.0 3400.0 0.0 5280.0 3220.0 2640.0 5660.0 6040.0 4160.0 3600.0 6040.0 4340.0 4340.0 5280.0 3780.0 6800.0 1320.0 5280.0 4720.0 4900.0 1520.0 4900.0 3020.0 3400.0 5280.0 2280.0 7920.0 1520.0 1700.0 5100.0 5100.0 5280.0 960.0 5280.0 5860.0
0.0 3960.0 3960.0 8300.0 4340.0 3960.0 3220.0 3600.0 4340.0 0.0 4540.0 3220.0 3220.0 3600.0 2840.0 2280.0 5280.0 4900.0 8120.0 5280.0 4160.0 6420.0 4900.0 3960.0 4540.0 4160.0 4160.0 7360.0 5280.0 3960.0 4900.0 6040.0 6800.0 5100.0 2840.0 3780.0 5660.0 4540.0 5280.0 5480.0 3960.0
0.0 6220.0 7740.0 5100.0 3600.0 7180.0 3600.0 3780.0 5660.0 6800.0 0.0 5480.0 6220.0 7360.0 9440.0 3960.0 7540.0 5860.0 4540.0 4340.0 6600.0 8480.0 6800.0 4160.0 6040.0 5660.0 5280.0 5660.0 4900.0 5100.0 6980.0 7360.0 5860.0 4720.0 5280.0 5480.0 1900.0 4340.0 6600.0 5100.0 3020.0
0.0 760.0 3220.0 5100.0 4340.0 3020.0 1900.0 4160.0 1140.0 2640.0 1320.0 0.0 5860.0 4720.0 5280.0 4720.0 6040.0 1700.0 5280.0 5660.0 4160.0 4160.0 2460.0 2640.0 5660.0 4340.0 2460.0 4340.0 4160.0 760.0 2640.0 3020.0 7180.0 2640.0 2840.0 6220.0 3220.0 3400.0 2080.0 4160.0 4340.0
0.0 4720.0 4540.0 6420.0 1140.0 4160.0 5860.0 580.0 2460.0 6420.0 3780.0 3960.0 0.0 5100.0 6420.0 5860.0 5280.0 5480.0 6220.0 2080.0 4160.0 5480.0 3600.0 5100.0 5100.0 4540.0 3780.0 4540.0 2640.0 1900.0 3960.0 3960.0 3600.0 2460.0 3020.0 4540.0 5660.0 2080.0 3400.0 2840.0 760.0
0.0 6800.0 6220.0 6040.0 3600.0 3600.0 7920.0 6800.0 4160.0 6980.0 5480.0 6420.0 7920.0 0.0 6420.0 6980.0 7740.0 6040.0 4720.0 4540.0 6800.0 4900.0 5480.0 7540.0 7540.0 5660.0 5100.0 5860.0 5100.0 3600.0 3400.0 6040.0 6040.0 4900.0 5480.0 6980.0 2080.0 4540.0 5100.0 5280.0 3220.0
0.0 6040.0 6040.0 6800.0 2640.0 4540.0 5280.0 1900.0 3780.0 4720.0 1900.0 5480.0 1520.0 6600.0 0.0 4340.0 5280.0 3780.0 6220.0 3600.0 1320.0 5660.0 2080.0 3400.0 5480.0 1320.0 5280.0 4720.0 3020.0 3400.0 4160.0 5480.0 5100.0 2280.0 200.0 5860.0 3780.0 3600.0 4720.0 4340.0 2280.0
0.0 4720.0 5860.0 6600.0 3400.0 5280.0 960.0 2840.0 3400.0 4340.0 3400.0 4340.0 2460.0 7360.0 6980.0 0.0 3600.0 3400.0 6600.0 3780.0 6420.0 6600.0 4720.0 1700.0 2280.0 3960.0 4720.0 6040.0 3020.0 4160.0 5100.0 3780.0 5860.0 4160.0 4720.0 1700.0 4160.0 2280.0 4340.0 3220.0 3020.0
0.0 7360.0 6600.0 5280.0 1140.0 5100.0 7540.0 7360.0 4540.0 8680.0 6220.0 6800.0 6980.0 8300.0 6980.0 6600.0 0.0 8120.0 8480.0 5100.0 5480.0 6420.0 4340.0 6600.0 5480.0 4540.0 5860.0 4340.0 5660.0 3960.0 4900.0 6220.0 6800.0 4540.0 5100.0 6040.0 8120.0 5100.0 3960.0 5860.0 6220.0
0.0 4900.0 4720.0 7740.0 2840.0 4900.0 4160.0 4540.0 5280.0 960.0 5280.0 4160.0 4160.0 4540.0 3780.0 3220.0 5660.0 0.0 9060.0 5860.0 3780.0 7180.0 4540.0 4900.0 4340.0 2840.0 5100.0 2640.0 6040.0 4720.0 5660.0 5860.0 7740.0 4720.0 3780.0 4720.0 6420.0 5480.0 6220.0 6420.0 4900.0
0.0 5480.0 3400.0 1520.0 6420.0 3960.0 5280.0 3600.0 5280.0 6040.0 4540.0 7360.0 6420.0 6600.0 8300.0 7540.0 7360.0 5100.0 0.0 3600.0 3780.0 4540.0 4540.0 4340.0 6600.0 4900.0 3780.0 4900.0 1900.0 4900.0 3780.0 7180.0 5100.0 3960.0 4540.0 6040.0 1320.0 3600.0 5280.0 4340.0 2280.0
0.0 4720.0 5480.0 6420.0 3400.0 3020.0 4160.0 2280.0 3400.0 5480.0 1900.0 3960.0 4160.0 5480.0 5860.0 5280.0 4540.0 4900.0 6220.0 0.0 5480.0 4340.0 3020.0 3220.0 3220.0 4900.0 4720.0 6600.0 760.0 3020.0 2840.0 4720.0 3960.0 580.0 1140.0 2640.0 3780.0 200.0 2640.0 960.0 1140.0
0.0 5100.0 7540.0 7740.0 6220.0 6420.0 6040.0 5280.0 5280.0 6980.0 2640.0 4340.0 8300.0 8120.0 9240.0 6220.0 5480.0 6040.0 7180.0 4720.0 0.0 7740.0 760.0 6420.0 4160.0 3400.0 6600.0 3400.0 4340.0 4900.0 6220.0 4160.0 8120.0 960.0 1520.0 7180.0 4540.0 4720.0 6220.0 5480.0 5280.0
0.0 7180.0 9440.0 6800.0 6220.0 7540.0 6220.0 6420.0 6980.0 5660.0 2840.0 6800.0 7360.0 9060.0 6040.0 5480.0 7920.0 7740.0 7360.0 6980.0 5660.0 0.0 3220.0 6980.0 6600.0 6800.0 7920.0 6800.0 4900.0 7360.0 7180.0 8120.0 8680.0 3400.0 3960.0 6980.0 4720.0 6980.0 2840.0 7740.0 5860.0
0.0 4340.0 6800.0 6980.0 5480.0 6420.0 5480.0 5280.0 4720.0 6220.0 1900.0 3600.0 7540.0 8300.0 8680.0 5860.0 4720.0 5280.0 6420.0 3960.0 4540.0 7740.0 0.0 5660.0 3400.0 3600.0 6040.0 3600.0 3600.0 4340.0 6220.0 4900.0 7360.0 380.0 760.0 6420.0 3780.0 3960.0 5660.0 4720.0 4540.0
0.0 3020.0 6420.0 8860.0 4340.0 4160.0 5860.0 5660.0 6980.0 2640.0 6980.0 5860.0 5860.0 6040.0 5480.0 4900.0 3600.0 1700.0 7920.0 7360.0 5480.0 5280.0 5480.0 0.0 5860.0 2280.0 6800.0 4340.0 6220.0 6420.0 3780.0 7540.0 4720.0 5660.0 5480.0 6420.0 7180.0 5660.0 5100.0 8120.0 6600.0
0.0 2840.0 3780.0 6220.0 2460.0 4540.0 4160.0 2840.0 3220.0 4720.0 1320.0 2280.0 5660.0 5480.0 7360.0 5280.0 1520.0 3780.0 5860.0 1520.0 6220.0 5860.0 4540.0 4720.0 0.0 2640.0 3960.0 5860.0 2280.0 2840.0 4340.0 1700.0 4160.0 2080.0 2640.0 4160.0 3220.0 1700.0 4160.0 2280.0 1320.0
0.0 5860.0 8300.0 9800.0 4900.0 3220.0 5660.0 7740.0 5860.0 7360.0 6420.0 5100.0 9800.0 9060.0 10000.0 7540.0 9800.0 6800.0 9240.0 9800.0 7740.0 4540.0 7180.0 6420.0 9060.0 0.0 7360.0 8300.0 6220.0 5660.0 3020.0 8120.0 7540.0 7360.0 7540.0 8860.0 8300.0 6220.0 6800.0 7920.0 9440.0
0.0 1900.0 8480.0 5280.0 6980.0 6040.0 6600.0 6420.0 6420.0 7540.0 5280.0 6980.0 5860.0 5660.0 6040.0 5660.0 6220.0 6600.0 8680.0 6420.0 5280.0 7360.0 3400.0 4900.0 4900.0 6220.0 0.0 6220.0 5100.0 6040.0 5860.0 6600.0 7540.0 3600.0 4160.0 4340.0 6600.0 4540.0 3020.0 3960.0 6040.0
0.0 3600.0 6040.0 7540.0 4900.0 3220.0 4720.0 4900.0 3960.0 4340.0 2640.0 2840.0 7540.0 7540.0 7180.0 6600.0 6420.0 4540.0 7180.0 5660.0 1140.0 4540.0 1900.0 5480.0 5100.0 200.0 5280.0 0.0 3780.0 3600.0 3020.0 5280.0 7540.0 2080.0 2640.0 8120.0 4540.0 3220.0 4900.0 6420.0 4900.0
0.0 6420.0 5660.0 7540.0 5480.0 5280.0 3600.0 1700.0 3600.0 6040.0 6040.0 5860.0 4540.0 5100.0 7540.0 7180.0 6980.0 5100.0 7360.0 6420.0 6420.0 4900.0 4900.0 3600.0 8120.0 5660.0 4900.0 6420.0 0.0 3020.0 5100.0 5480.0 8120.0 4540.0 5100.0 8480.0 6600.0 4720.0 4540.0 5660.0 5280.0
0.0 3600.0 2640.0 4540.0 7180.0 2280.0 4720.0 3400.0 580.0 4900.0 3780.0 2840.0 6040.0 6220.0 4540.0 4160.0 6600.0 4540.0 4720.0 5860.0 4340.0 3600.0 1900.0 4160.0 5100.0 5480.0 1900.0 5480.0 3600.0 0.0 2080.0 2460.0 7920.0 2080.0 2280.0 5660.0 5660.0 5860.0 1520.0 5660.0 6420.0
0.0 6420.0 8680.0 8300.0 7740.0 380.0 5480.0 4900.0 6220.0 7180.0 4340.0 5660.0 6980.0 7540.0 7540.0 4720.0 7740.0 7360.0 8860.0 7740.0 4900.0 1520.0 4720.0 6220.0 6220.0 5100.0 7740.0 8120.0 5280.0 6220.0 0.0 7920.0 6040.0 4900.0 5480.0 6220.0 6220.0 6800.0 4340.0 7740.0 7360.0
0.0 1320.0 3780.0 4540.0 4900.0 3400.0 2460.0 1140.0 1700.0 3020.0 1900.0 580.0 6220.0 3960.0 5660.0 5280.0 6600.0 2280.0 5860.0 6040.0 4720.0 4720.0 3020.0 3220.0 6220.0 4900.0 3020.0 4900.0 4540.0 1140.0 3220.0 0.0 5660.0 3220.0 2640.0 6800.0 3780.0 3960.0 2640.0 4720.0 4900.0
0.0 6800.0 4720.0 7540.0 5100.0 5100.0 8300.0 8120.0 5660.0 8480.0 6800.0 7920.0 7740.0 1520.0 6220.0 8480.0 8480.0 7540.0 6220.0 6040.0 7180.0 3960.0 6980.0 9060.0 8480.0 6040.0 4900.0 6220.0 6600.0 5100.0 4900.0 7540.0 0.0 6420.0 6220.0 8480.0 3600.0 6040.0 6600.0 4340.0 4720.0
0.0 4160.0 6600.0 6800.0 5280.0 6220.0 5280.0 5100.0 4540.0 6040.0 1700.0 3400.0 7540.0 7920.0 8480.0 5660.0 5660.0 5100.0 6220.0 6040.0 7540.0 7540.0 5860.0 5480.0 7740.0 4540.0 5860.0 7360.0 3400.0 3960.0 6040.0 6420.0 7540.0 0.0 580.0 7180.0 3600.0 5480.0 5480.0 6800.0 4720.0
0.0 8300.0 6220.0 10360.0 6040.0 8120.0 6220.0 4540.0 6420.0 8120.0 5660.0 8680.0 7360.0 7740.0 10360.0 8860.0 5100.0 7180.0 9060.0 7180.0 8860.0 7540.0 7540.0 6220.0 10360.0 7360.0 6420.0 9060.0 2840.0 5860.0 7920.0 8120.0 8680.0 7360.0 0.0 9800.0 7540.0 4900.0 7360.0 7920.0 7920.0
0.0 3400.0 4340.0 6800.0 2640.0 4720.0 4720.0 2080.0 3780.0 3220.0 1900.0 2840.0 1700.0 6220.0 6040.0 5480.0 2080.0 2280.0 6420.0 2280.0 5860.0 5860.0 5100.0 580.0 760.0 2840.0 4540.0 4900.0 1520.0 3400.0 4340.0 2280.0 4720.0 2640.0 3220.0 0.0 3780.0 760.0 4720.0 3020.0 1900.0
0.0 6980.0 6040.0 4160.0 5660.0 5280.0 6420.0 4720.0 4160.0 4900.0 3400.0 6220.0 6420.0 5480.0 7740.0 7180.0 6800.0 3960.0 2640.0 2460.0 4720.0 6600.0 5280.0 5480.0 5480.0 3780.0 5480.0 3780.0 3020.0 5280.0 5100.0 6220.0 3960.0 2840.0 3400.0 4900.0 0.0 2460.0 5100.0 3220.0 1140.0
0.0 6980.0 6420.0 6800.0 3400.0 6040.0 4160.0 2280.0 4160.0 6600.0 1900.0 6420.0 5100.0 5860.0 7180.0 5660.0 7540.0 5860.0 6220.0 6040.0 6980.0 5480.0 5480.0 4160.0 7740.0 6220.0 5480.0 6600.0 760.0 3780.0 5660.0 6040.0 7180.0 5280.0 5860.0 7180.0 3780.0 0.0 5100.0 6420.0 4720.0
0.0 4720.0 7180.0 7180.0 5660.0 6420.0 3600.0 3780.0 4160.0 5860.0 2280.0 3960.0 4720.0 7180.0 3220.0 2640.0 5100.0 4900.0 6800.0 4340.0 2840.0 6800.0 380.0 4340.0 3780.0 3960.0 5480.0 3960.0 2080.0 4540.0 6600.0 5280.0 7740.0 580.0 1140.0 4160.0 4160.0 4340.0 0.0 5100.0 4900.0
0.0 5660.0 4720.0 5660.0 9240.0 2280.0 6800.0 5660.0 2640.0 6980.0 5860.0 4900.0 8120.0 5860.0 6600.0 6220.0 8680.0 6600.0 6800.0 7920.0 6420.0 3600.0 3960.0 6220.0 7180.0 6980.0 3960.0 7540.0 5660.0 2280.0 2080.0 4540.0 4340.0 4160.0 4340.0 7740.0 7740.0 7920.0 3600.0 0.0 8480.0
0.0 5860.0 6800.0 6980.0 4540.0 4160.0 5480.0 3600.0 3020.0 6600.0 3020.0 5100.0 5480.0 4340.0 6980.0 6600.0 5860.0 6040.0 7180.0 1320.0 6800.0 5480.0 4340.0 4340.0 4340.0 6220.0 4340.0 7740.0 1900.0 4160.0 3960.0 5100.0 2840.0 1700.0 2280.0 3780.0 4900.0 1320.0 3960.0 2080.0 0.0
