80 5
984 143 2251 8 6
1066 3568 5648 10 9
350 0 1889 1 8
784 0 961 4 6
72 2745 4615 2 2
531 2259 4341 5 3
297 0 1852 1 8
1092 5000 6976 9 9
24 0 1388 5 2
105 0 921 3 9
169 0 876 7 4
28 3290 5458 8 8
553 0 932 7 1
370 3279 4993 6 1
390 0 963 9 6
670 1210 3020 3 3
108 0 967 3 5
840 0 1188 5 6
988 5106 7154 2 3
355 2472 4854 10 10
14 2386 4634 6 5
572 0 1125 1 6
63 3188 5072 10 8
105 0 1099 10 1
340 5511 7249 8 5
728 605 2675 6 10
120 0 1167 2 1
539 946 2974 10 3
585 2259 4413 1 5
536 845 2455 3 8
170 5410 7304 8 3
1290 0 1869 1 7
247 3475 5681 8 6
1152 257 2163 8 9
531 0 1173 2 7
864 0 832 5 1
672 0 1012 7 9
280 2864 4486 8 7
228 0 1973 2 4
870 1316 3294 7 10
567 1866 3846 2 6
376 1840 3512 8 1
518 0 1332 9 5
1035 298 2438 4 10
696 5708 7756 4 9
390 1369 3311 9 2
920 0 2212 5 5
644 1687 4063 9 6
392 46 2114 9 6
648 0 1024 4 4
300 2953 5153 7 9
198 633 2983 6 9
792 0 2247 10 2
440 0 1024 3 7
175 979 3281 8 6
1380 5732 7512 1 7
767 0 904 5 5
988 1755 3357 10 4
846 0 1809 10 4
385 2578 4190 3 1
612 3598 5682 3 9
885 1279 3221 8 2
644 0 1011 2 8
48 4869 6831 5 4
988 0 1908 7 1
230 2772 4422 8 1
209 5107 7393 3 2
960 5803 7485 3 5
40 2660 4864 7 2
42 0 1537 3 4
120 0 809 2 3
534 4422 6292 9 4
77 929 3119 4 5
414 0 1101 5 2
357 2137 3973 2 8
12 1452 3378 7 8
728 1495 3289 1 3
150 2166 4074 4 2
325 86 2420 9 4
910 0 1312 3 6
SETUP
0 212 126 347 251 222 299 251 280 212 318 241 337 20 126 231 77 174 260 183 289 241 299 212 231 280 212 299 328 318 231 241 289 366 376 289 154 270 289 260 116 174 289 49 145 299 193 318 212 308 68 241 145 337 289 145 260 308 376 212 251 174 395 270 366 174 299 174 241 251 260 318 260 270 308 270 212 145 241 260 308
0 0 126 308 280 222 164 203 260 251 289 251 328 183 135 231 280 193 270 183 299 193 260 231 260 280 106 203 260 203 106 241 87 260 414 164 308 347 116 260 183 164 241 203 308 251 164 164 183 106 164 280 116 289 164 203 308 222 222 270 251 203 203 231 366 289 299 183 318 39 58 212 385 174 126 68 328 270 241 222 193
0 116 0 270 231 193 251 231 183 299 289 260 318 116 241 203 251 289 376 58 241 116 270 106 328 280 203 260 260 308 212 212 193 328 366 280 241 231 193 135 68 49 251 135 251 251 164 270 289 212 154 289 222 395 270 241 366 251 299 241 241 289 308 183 318 260 308 193 241 154 164 193 318 280 231 174 299 241 116 212 270
0 106 193 0 231 183 231 58 280 308 222 203 328 241 203 154 241 260 328 241 260 251 212 126 280 270 203 222 241 260 183 164 145 328 251 241 193 222 174 164 49 231 97 270 376 270 106 222 193 203 231 154 174 366 260 58 299 231 77 231 135 260 58 241 289 347 251 126 231 106 126 231 241 231 183 126 385 203 174 231 116
0 280 289 347 0 289 231 260 164 347 328 203 270 241 308 97 347 299 280 260 299 183 299 222 212 260 270 154 328 260 308 97 87 376 145 366 357 328 260 231 318 222 299 260 154 241 203 241 318 251 241 212 328 385 270 154 357 251 347 260 299 376 395 289 347 376 260 222 222 318 337 260 376 280 308 251 414 270 318 203 164
0 231 116 270 87 0 135 193 203 299 251 164 203 154 318 20 68 154 308 154 280 116 231 145 145 289 222 77 251 289 222 29 116 260 231 203 164 251 193 193 183 106 222 174 241 289 126 164 251 183 174 135 280 318 174 77 174 280 260 58 164 174 308 270 328 308 212 97 251 231 251 193 251 164 308 251 251 58 212 251 241
0 241 135 222 145 58 0 241 251 241 203 164 260 77 241 68 116 77 183 29 193 29 183 77 193 241 174 135 174 212 154 77 164 241 280 212 212 289 106 106 174 164 222 97 222 212 77 222 299 145 126 193 260 299 39 135 231 318 126 106 174 222 280 154 357 231 212 97 260 260 154 106 270 193 241 193 270 106 87 174 174
0 260 299 260 174 337 328 0 241 251 164 251 289 231 347 106 270 231 299 183 260 193 222 231 222 318 203 164 251 357 135 106 241 299 308 193 212 164 270 135 280 203 39 251 328 280 212 174 328 222 251 97 366 308 366 164 251 337 328 347 260 231 308 183 231 328 231 183 299 299 308 174 183 203 280 270 366 145 116 260 58
0 212 154 318 49 241 183 308 0 347 231 212 318 251 260 135 299 231 328 193 337 212 203 241 241 106 308 193 308 299 289 145 126 308 183 251 318 203 289 222 222 164 299 270 203 174 193 135 318 299 280 231 289 366 222 193 231 289 260 106 222 231 366 241 357 318 270 145 58 251 270 289 385 212 308 97 357 116 260 126 203
0 174 280 308 299 270 222 222 270 0 260 251 424 280 299 289 337 260 385 231 357 241 241 183 280 135 174 347 299 289 280 251 251 299 405 289 347 231 251 251 280 193 241 308 318 203 164 174 183 270 328 260 116 405 260 116 270 299 347 145 251 260 366 231 385 357 299 183 97 212 231 318 385 203 289 231 395 145 289 164 251
0 270 270 174 174 347 308 222 126 366 0 289 405 260 280 222 241 241 280 203 318 231 193 251 308 222 280 280 289 347 174 203 212 270 280 231 347 183 260 289 212 289 154 270 174 289 270 203 328 193 289 68 260 357 308 222 135 376 251 231 299 241 222 97 212 376 337 222 183 183 203 251 154 174 270 212 414 231 270 251 174
0 299 193 289 260 174 183 318 308 299 308 0 260 260 328 183 145 251 357 203 251 212 328 251 270 299 241 212 231 366 299 193 222 299 337 318 251 347 280 280 212 126 280 280 395 289 222 299 260 328 251 260 318 357 222 212 203 376 308 193 183 251 347 212 472 203 58 116 366 251 241 164 328 251 328 135 241 77 260 270 289
0 193 174 145 145 58 154 203 203 193 251 222 0 212 174 77 126 203 299 174 328 174 289 203 193 270 145 135 308 328 222 77 174 270 280 260 212 260 106 251 183 164 135 231 299 337 183 222 260 231 222 183 193 308 193 135 231 328 222 106 222 231 193 68 318 106 270 145 260 231 251 241 280 222 251 260 145 116 231 299 135
0 251 299 376 231 203 280 241 260 193 299 270 405 0 222 222 260 183 347 299 308 299 280 193 212 260 193 280 318 328 260 222 318 395 376 318 135 251 357 270 97 231 270 29 376 328 174 299 308 347 49 222 241 328 318 126 318 289 395 203 270 280 424 299 347 154 318 193 222 280 299 376 395 308 318 308 193 203 251 289 289
0 87 212 231 328 270 222 222 347 193 337 251 231 174 0 260 251 68 135 203 251 241 337 164 347 231 183 289 328 203 193 270 174 251 385 231 299 328 164 154 270 203 212 193 231 183 241 251 97 193 222 231 29 366 251 280 270 212 299 241 260 68 280 154 366 328 308 183 193 126 145 299 328 251 203 154 366 154 135 135 231
0 241 203 260 77 241 231 174 231 308 241 203 193 154 328 0 308 299 347 251 260 97 212 135 126 270 203 68 241 328 222 10 154 308 212 280 280 241 174 183 231 164 212 174 222 280 116 154 231 164 154 126 270 299 260 68 366 318 337 280 212 299 308 251 318 289 251 135 231 280 299 174 337 270 347 270 328 280 289 241 222
0 164 58 318 212 203 299 289 241 280 347 308 366 164 270 212 0 337 385 116 299 174 318 164 193 328 260 280 308 337 154 222 251 299 308 212 116 280 251 193 126 97 251 193 308 299 222 328 299 270 212 308 270 299 328 280 376 308 357 251 289 337 357 241 328 318 357 231 299 203 222 251 183 203 280 231 193 251 174 260 270
0 251 289 212 337 337 299 270 395 357 318 308 308 308 174 260 376 0 299 251 222 308 289 299 385 376 154 328 270 145 280 270 289 337 318 318 347 280 299 87 260 212 203 328 395 251 318 328 260 280 241 164 193 395 337 270 347 376 231 222 308 231 270 135 395 405 337 241 357 289 308 289 299 289 366 222 376 231 68 212 212
0 241 203 308 222 135 87 270 270 174 251 193 337 164 212 154 203 154 0 106 270 106 222 154 270 299 241 212 203 270 231 164 154 231 366 106 289 347 39 183 212 241 222 183 299 193 164 231 251 231 203 251 183 328 126 212 308 251 212 183 183 222 270 231 376 203 241 126 260 116 135 183 308 212 193 135 241 193 164 260 231
0 270 164 212 231 241 193 270 308 251 241 203 299 58 270 260 308 241 366 0 193 68 212 49 270 241 154 222 212 376 183 222 154 280 318 241 183 260 135 87 154 203 193 77 203 193 116 231 357 183 106 241 289 337 231 183 366 289 289 251 203 328 260 135 376 212 251 135 241 260 135 135 270 231 337 203 251 260 68 154 212
0 183 68 231 260 193 193 193 231 280 231 193 376 183 164 183 164 231 299 126 0 183 203 154 299 231 222 251 260 231 212 193 116 193 395 203 260 241 145 183 135 49 126 203 318 164 106 193 212 280 20 183 145 337 231 87 328 222 231 241 203 231 231 231 318 318 241 126 193 68 87 183 87 97 154 10 174 241 164 126 145
0 212 106 280 241 183 135 270 280 222 183 145 289 203 251 203 241 203 308 154 164 0 154 203 222 222 289 164 154 337 126 164 135 222 376 183 241 289 77 193 174 145 270 231 347 203 58 260 337 126 183 174 270 280 174 164 308 299 260 231 145 270 260 203 385 251 193 77 308 231 251 77 241 174 318 174 289 212 212 251 280
0 241 212 193 193 280 231 251 154 318 29 231 337 154 308 241 241 203 299 174 270 106 0 222 260 251 308 212 251 328 135 20 174 289 299 193 289 145 183 193 241 174 183 183 193 145 154 154 318 154 203 29 280 318 270 212 164 337 270 251 231 203 241 116 241 308 183 164 212 212 231 183 183 193 251 241 347 126 231 106 193
0 318 241 308 183 289 231 318 347 347 357 299 443 231 231 270 337 280 328 174 174 241 376 0 376 395 328 337 385 405 308 280 231 366 328 366 299 222 308 203 308 222 289 251 337 154 280 299 328 357 193 347 260 482 270 260 443 251 357 337 366 280 357 222 337 376 347 299 366 241 260 308 260 270 328 183 347 318 241 106 308
0 231 308 241 20 299 251 154 183 366 231 222 289 260 270 106 347 318 299 222 318 203 318 241 0 260 280 174 347 222 289 116 106 366 164 280 347 318 280 241 270 241 193 203 174 193 222 260 116 270 251 231 299 405 289 174 318 231 308 280 308 337 299 164 357 328 251 241 231 270 203 280 337 299 328 270 366 289 270 154 183
0 126 251 222 164 212 154 280 318 318 280 299 366 154 231 222 270 222 251 97 289 164 308 145 145 0 222 289 308 299 231 231 212 318 308 289 222 337 231 126 183 289 203 174 289 77 212 39 260 231 193 260 231 270 193 280 385 347 280 260 154 222 270 145 260 222 328 231 337 164 183 231 357 289 241 193 260 260 164 29 212
0 414 434 482 308 376 328 405 318 251 434 434 424 385 434 241 434 395 434 347 443 328 443 366 357 376 0 299 357 405 453 241 174 472 337 501 501 472 357 328 231 318 357 405 453 366 347 385 424 164 385 357 357 491 357 299 318 337 443 385 270 501 491 405 376 501 395 366 337 376 395 405 501 385 453 395 405 376 405 395 212
0 280 299 270 77 183 280 116 241 318 183 145 126 299 260 174 241 241 357 241 241 251 154 77 68 212 270 0 193 280 241 164 164 270 222 299 241 241 222 135 174 270 145 260 231 222 58 251 174 308 97 174 222 318 318 10 308 289 299 222 145 241 318 193 347 231 193 77 174 308 260 289 299 212 337 251 270 212 222 174 164
0 231 241 183 222 193 145 241 183 328 308 145 366 135 241 212 251 203 241 87 270 145 289 135 289 280 231 270 0 193 270 212 241 126 308 328 203 251 222 164 174 270 270 164 280 58 193 318 337 260 183 318 270 135 183 241 251 357 260 241 154 203 231 212 241 280 193 77 241 270 212 222 347 29 347 183 318 222 145 231 280
0 145 260 126 260 203 270 183 385 241 280 308 280 231 58 183 260 126 193 260 299 280 260 212 289 280 145 251 270 0 241 193 212 308 347 174 212 347 222 203 164 251 212 251 280 231 231 299 145 241 270 270 77 328 299 183 328 270 97 251 251 126 174 203 318 318 318 241 241 183 193 357 366 299 260 203 318 203 183 193 145
0 280 337 231 347 289 231 289 299 289 212 299 453 231 395 299 347 299 328 174 357 231 183 222 376 347 241 357 154 337 0 193 222 280 357 68 299 318 308 251 270 357 289 251 366 154 280 299 385 337 270 203 385 183 270 231 337 212 308 337 308 299 280 299 337 203 347 231 357 318 203 270 357 183 376 280 241 308 241 280 308
0 231 193 251 270 270 222 308 366 308 270 231 337 145 337 289 318 289 366 241 260 97 241 289 251 308 328 251 241 424 222 0 231 308 405 280 270 376 164 231 241 231 308 164 424 289 145 145 357 212 193 270 337 308 260 251 395 385 328 299 241 357 299 251 308 299 280 164 289 270 289 164 337 260 347 260 337 299 299 280 328
0 366 280 376 289 203 154 328 270 260 347 318 405 231 385 222 260 222 328 174 337 174 328 222 328 366 318 280 318 357 299 222 0 385 424 357 357 434 251 251 270 145 366 251 366 357 222 366 347 299 270 337 366 453 193 280 376 164 280 251 241 376 424 299 443 376 270 241 318 395 299 251 414 347 385 347 414 260 231 328 318
0 289 347 193 106 241 260 241 193 366 203 164 376 260 366 193 299 289 357 203 395 260 183 251 308 289 328 251 126 308 241 193 183 0 241 212 270 280 337 241 193 289 154 280 251 183 77 280 376 328 299 203 357 251 299 241 337 337 154 289 174 289 241 116 347 357 212 97 251 289 308 328 299 145 366 289 395 241 270 280 164
0 251 251 241 289 241 193 289 405 308 308 203 395 183 174 260 299 231 145 135 318 193 337 183 270 126 251 318 328 116 318 183 212 376 0 241 251 241 174 154 222 289 251 212 328 106 241 164 260 308 231 299 193 395 231 289 395 376 212 289 203 231 289 183 289 337 251 126 357 251 260 270 395 347 328 193 376 270 193 68 251
0 231 280 280 289 231 174 280 241 231 154 241 395 174 337 241 289 241 270 116 308 174 126 164 318 308 183 299 97 289 260 135 270 212 318 0 241 260 251 193 270 299 231 193 308 97 222 280 328 280 212 145 337 231 212 174 280 154 299 280 251 241 328 241 270 145 289 174 299 270 251 241 299 126 347 222 183 251 174 222 241
0 212 337 251 106 385 337 241 260 174 318 289 376 337 164 193 366 231 280 308 395 289 405 260 87 308 308 251 289 231 318 203 183 280 241 357 0 405 308 308 289 241 280 280 251 280 299 337 193 318 328 308 193 193 366 251 308 308 318 308 299 231 299 251 222 414 337 222 270 251 270 357 424 251 270 280 443 193 299 241 260
0 174 289 260 212 280 318 308 289 193 299 318 231 174 231 260 347 68 251 260 280 289 270 270 193 231 222 328 251 193 97 193 241 366 347 154 299 0 280 154 174 270 203 97 357 241 251 87 299 270 222 231 260 270 328 203 357 289 280 231 308 68 318 183 183 222 366 251 193 212 212 347 347 270 116 231 260 241 135 222 212
0 270 183 280 193 106 58 299 241 145 260 164 308 135 289 126 174 126 231 77 241 77 231 126 241 270 212 183 231 270 203 135 212 289 337 260 260 328 0 154 183 212 270 154 270 260 135 270 318 203 174 241 251 357 97 183 280 366 183 154 154 193 328 203 405 174 212 97 231 308 203 154 280 251 289 251 212 164 135 231 231
0 414 385 366 357 318 270 424 318 357 414 222 482 318 405 337 366 299 376 270 385 299 434 251 434 357 414 395 193 347 376 299 328 308 231 434 385 385 222 0 251 347 289 347 462 241 337 395 482 414 366 347 424 318 308 395 414 328 376 318 231 385 414 395 424 385 270 154 376 453 308 366 434 212 501 328 299 299 328 299 308
0 385 280 443 357 270 405 405 443 482 337 308 472 318 376 289 337 424 501 337 222 385 318 366 414 443 424 347 289 443 424 299 328 405 501 414 405 453 357 395 0 260 337 337 501 337 212 405 366 453 231 337 357 414 434 299 443 193 443 318 308 424 443 424 501 385 357 231 405 289 299 357 299 308 366 222 385 328 376 337 357
0 376 260 376 231 154 280 193 347 405 299 308 347 299 462 164 212 299 453 299 414 260 376 241 289 337 347 222 231 414 318 174 260 347 376 347 308 357 337 318 222 0 231 308 385 289 280 308 395 328 318 280 347 357 318 222 318 405 260 203 203 318 424 299 424 318 357 241 318 376 395 337 376 251 453 395 337 203 308 347 241
0 222 270 299 135 308 289 241 212 222 126 270 251 203 347 68 231 193 260 145 328 164 183 193 193 308 270 126 251 318 97 77 203 260 280 154 328 135 241 222 289 231 0 222 289 241 174 135 299 193 222 58 328 270 328 126 212 299 289 308 270 193 280 212 203 289 203 193 260 260 270 241 154 164 241 289 328 280 203 270 20
0 222 280 357 280 308 260 212 241 174 280 241 453 318 357 318 318 299 385 280 289 280 260 174 395 251 174 376 289 376 241 270 308 366 414 299 347 289 337 328 77 231 251 0 357 318 154 289 289 328 308 231 222 337 299 106 299 270 376 174 251 299 395 280 405 135 299 174 260 260 280 357 366 289 299 289 174 183 328 280 270
0 260 212 357 231 328 299 183 193 357 212 164 405 289 183 280 308 174 308 241 145 299 337 289 318 289 116 337 308 241 308 289 222 337 366 212 347 347 241 260 280 193 222 318 0 212 251 318 270 212 164 270 203 443 145 231 337 337 231 289 337 241 366 289 395 357 212 270 241 212 231 289 222 241 164 154 308 231 241 174 231
0 299 193 241 222 145 87 289 337 270 260 231 308 87 299 154 203 154 183 29 222 87 241 77 231 270 183 212 231 289 212 164 183 299 337 270 154 289 164 106 183 231 222 106 222 0 145 260 347 212 126 260 318 347 126 212 318 318 212 193 231 154 289 164 183 231 280 164 270 289 154 164 299 260 328 135 270 193 87 183 241
0 347 280 299 251 164 270 347 251 289 126 97 347 260 357 174 222 222 405 270 337 203 106 308 280 347 328 241 231 357 241 116 270 280 385 299 193 241 270 289 126 222 280 280 299 241 0 260 347 260 260 126 347 357 308 241 260 308 251 212 97 212 347 212 337 299 145 29 308 280 299 251 280 193 357 222 337 164 280 203 289
0 97 212 183 126 308 251 241 289 337 270 328 328 260 222 212 366 280 357 212 366 270 299 251 116 366 193 280 347 289 193 222 174 308 270 251 328 299 203 231 164 251 174 280 280 183 251 0 222 193 251 222 203 231 251 241 347 308 260 318 308 289 231 106 366 318 357 270 347 126 145 280 318 260 212 154 357 318 270 145 183
0 241 280 135 260 222 174 126 328 337 251 308 366 174 164 183 289 231 270 116 299 174 289 164 308 347 251 251 260 116 183 193 126 260 357 174 241 251 251 135 183 260 126 193 308 87 222 193 0 289 212 174 193 357 212 193 299 126 203 251 260 231 193 58 270 308 318 241 347 231 97 251 270 203 318 212 347 260 174 49 135
0 366 299 385 203 222 164 347 164 280 328 328 424 241 280 231 280 241 347 193 357 193 337 231 347 260 251 299 337 376 299 241 20 405 337 357 357 337 203 270 280 164 203 260 357 203 241 289 366 0 289 260 308 434 203 299 347 183 289 260 260 347 443 318 385 366 289 260 212 395 318 270 357 357 405 251 270 222 251 280 222
0 260 366 357 347 357 308 385 299 357 347 337 395 251 174 299 414 241 308 318 366 328 318 328 328 222 203 357 385 376 308 308 337 424 395 376 241 222 337 231 347 280 347 270 395 289 376 251 260 357 0 347 193 434 337 357 347 385 424 222 337 241 414 280 405 395 385 260 174 299 308 405 443 337 299 318 405 231 212 251 366
0 280 270 318 318 347 299 376 280 308 154 308 347 251 347 347 366 183 357 280 328 164 135 308 308 347 337 318 270 308 116 145 154 318 424 174 376 116 241 260 289 289 308 212 318 251 222 193 299 135 299 0 376 289 337 318 289 308 357 347 308 183 376 241 299 308 308 241 299 318 308 241 308 222 231 337 347 251 251 231 299
0 68 193 203 308 280 231 193 318 308 318 308 385 241 203 241 337 260 328 183 308 241 318 145 318 299 164 260 328 183 174 241 145 328 405 231 308 318 174 174 251 231 193 260 212 154 222 222 77 164 231 241 0 347 222 260 318 193 270 318 308 260 260 126 337 347 357 241 376 106 126 280 337 231 183 126 385 203 241 116 203
0 97 222 58 203 231 251 106 164 347 270 174 376 251 231 212 289 289 318 193 241 251 260 174 328 260 203 270 270 289 203 212 183 154 174 260 241 270 212 212 97 260 145 231 357 174 154 260 241 203 260 203 212 0 260 106 357 280 135 260 183 299 106 241 337 299 222 106 222 135 154 280 289 58 222 164 337 251 222 126 164
0 289 308 251 251 193 260 299 385 366 347 241 337 251 203 183 251 39 337 203 251 260 328 241 289 405 183 241 299 174 308 193 212 357 347 347 212 308 328 116 289 241 231 270 395 174 289 328 289 308 270 193 222 395 0 241 328 366 97 241 347 241 299 164 318 405 289 270 366 318 328 318 328 260 395 260 366 251 97 241 135
0 318 308 347 251 212 299 116 299 337 174 145 395 299 299 212 270 270 395 241 241 251 154 77 328 212 308 270 193 376 241 164 299 270 395 299 241 241 318 241 174 270 145 318 347 222 58 251 395 308 260 174 328 318 337 0 308 318 299 222 145 270 337 270 347 347 193 77 174 308 328 289 299 212 357 251 385 212 222 174 164
0 183 145 280 203 231 183 222 154 270 116 231 376 203 154 251 289 212 280 193 270 203 280 241 280 251 289 260 251 212 289 251 97 280 145 270 328 289 126 270 203 174 251 222 280 241 174 174 193 289 154 183 126 376 222 222 0 260 241 126 231 212 212 203 328 299 280 164 212 58 77 174 270 183 135 77 337 126 260 203 270
0 203 328 318 270 270 212 308 347 376 222 241 414 289 289 280 328 251 395 241 376 241 385 280 385 366 260 347 337 289 308 289 280 337 395 280 357 328 308 280 270 193 299 308 385 270 289 318 183 299 337 280 308 414 251 280 260 0 337 135 251 251 366 241 434 424 289 174 376 241 260 318 376 241 318 260 462 135 299 231 318
0 328 222 347 164 106 231 270 299 289 328 260 280 241 280 97 164 251 289 260 357 193 308 222 203 366 183 154 299 347 299 106 116 357 308 299 116 308 270 116 280 212 299 260 318 347 203 241 308 260 251 193 308 308 270 154 241 280 0 154 270 280 395 347 231 376 231 193 328 289 308 270 347 260 318 231 357 164 318 308 49
0 308 212 308 222 135 87 251 280 241 241 116 280 164 280 154 193 126 260 106 270 106 260 154 251 289 251 212 203 260 231 154 222 203 270 154 289 280 183 154 145 58 280 183 299 241 154 299 222 231 203 270 251 337 126 212 126 299 212 0 116 126 337 231 376 289 164 49 241 183 203 183 347 116 260 203 328 10 164 193 251
0 299 260 385 299 270 231 260 357 270 241 203 376 308 366 260 270 299 405 251 241 251 212 299 347 337 347 289 270 443 347 222 347 337 443 405 299 347 183 280 29 289 289 328 347 231 116 366 385 366 260 231 376 405 270 289 366 212 280 318 0 328 251 308 414 328 174 135 357 308 328 203 318 299 385 251 366 280 308 193 308
0 260 289 212 308 222 251 270 366 126 289 280 164 116 174 231 280 10 299 251 222 280 270 241 308 164 154 299 270 145 251 241 289 337 318 308 241 260 260 87 203 212 203 135 395 231 280 203 260 280 154 164 193 395 289 231 299 376 231 174 251 0 270 135 395 260 328 212 126 289 308 289 299 241 366 222 299 174 68 193 212
0 58 174 270 174 135 212 10 251 260 164 260 280 231 183 106 193 241 299 183 270 203 222 231 231 318 154 164 251 251 135 116 135 299 318 193 145 174 164 116 68 203 49 251 328 222 212 174 135 154 212 97 164 308 212 164 251 251 29 183 260 231 0 193 241 328 212 193 308 87 106 183 193 203 174 116 366 154 116 183 58
0 183 270 87 203 260 299 135 270 289 193 251 318 174 280 135 299 260 328 116 289 183 251 164 251 347 270 193 318 328 164 135 222 203 328 222 270 193 251 203 126 270 68 193 308 308 183 203 270 251 222 126 251 299 337 135 241 308 154 222 212 260 135 0 260 318 260 183 308 183 203 251 212 231 260 203 357 222 183 270 87
0 270 260 251 289 203 154 308 260 231 308 212 405 212 193 212 260 222 68 154 337 174 289 203 337 357 299 280 77 260 299 222 77 193 376 164 280 318 97 231 212 212 280 231 299 126 222 299 280 289 251 308 212 203 183 280 318 241 270 251 183 251 308 260 0 270 260 145 308 174 193 251 376 97 260 203 308 251 212 308 299
0 97 222 231 154 231 260 280 106 97 251 164 357 280 231 231 193 251 357 270 366 270 231 270 318 174 39 289 357 289 203 222 174 357 289 260 299 222 203 231 270 212 308 299 222 241 251 212 270 193 260 106 203 212 222 203 280 308 270 212 308 280 270 280 366 0 212 251 164 135 154 308 376 260 212 154 39 212 212 203 183
0 251 154 241 212 126 135 270 260 251 328 251 212 212 280 135 97 203 308 154 203 154 308 203 222 251 193 164 183 347 251 145 174 251 347 289 203 357 231 231 212 193 231 231 347 231 212 251 328 280 212 260 299 308 174 164 270 337 260 145 260 260 289 164 414 154 0 183 318 270 193 116 280 203 347 203 193 145 212 280 241
0 366 260 357 328 241 251 328 376 270 308 77 328 328 395 260 222 299 424 270 318 280 289 318 347 366 308 280 212 357 328 212 251 328 405 385 328 241 251 337 106 203 347 328 424 260 183 318 328 395 241 289 376 337 289 280 270 289 231 260 77 299 328 280 385 280 126 0 357 318 318 231 395 231 347 203 308 145 337 270 270
0 154 193 260 203 183 135 299 299 289 174 164 328 193 203 203 241 174 299 145 318 154 145 183 193 49 251 260 251 308 231 164 241 251 318 203 260 145 231 164 193 106 251 212 337 116 203 77 260 260 241 174 231 308 164 260 174 347 260 49 164 174 308 183 299 270 212 87 0 193 212 231 328 164 251 222 299 58 203 77 260
0 135 87 280 251 183 126 164 270 212 251 212 328 145 97 193 241 164 231 145 270 154 222 193 231 251 231 260 251 164 241 203 49 231 385 222 280 308 77 222 145 126 203 174 280 231 126 126 145 241 135 251 77 357 164 260 270 212 183 231 212 164 164 193 395 251 260 145 289 0 20 183 347 135 87 29 289 231 203 183 212
0 193 308 289 231 193 183 145 289 289 308 231 385 126 328 203 251 251 357 203 347 203 357 251 212 385 289 270 328 376 270 212 29 212 366 328 260 308 270 251 135 174 183 154 385 280 251 106 280 289 174 241 299 337 212 251 366 193 164 241 241 357 145 212 376 280 280 164 347 231 0 280 328 116 308 251 318 241 260 241 203
0 231 164 251 164 260 212 193 260 357 260 212 212 212 174 251 251 231 299 154 97 212 241 164 154 145 289 87 77 260 299 251 203 145 308 289 280 318 231 193 222 135 212 231 318 126 145 183 260 328 106 260 193 203 251 87 318 308 212 308 222 231 183 251 308 318 270 145 260 164 174 0 174 97 241 97 260 289 212 174 222
0 241 135 289 212 280 280 347 308 337 193 135 385 241 347 299 87 318 376 193 299 251 289 241 270 366 231 347 231 424 231 280 280 116 347 289 193 299 318 164 164 174 260 193 366 193 183 357 318 347 289 260 357 366 318 299 328 357 222 328 145 318 347 212 376 241 183 68 328 280 260 299 0 20 366 260 270 212 145 289 260
0 385 308 280 193 289 299 337 289 318 299 126 376 357 328 280 270 357 453 299 366 328 270 347 395 347 347 328 222 405 337 260 280 97 337 308 366 289 299 328 154 251 241 183 347 270 174 366 376 405 289 299 357 347 337 280 318 337 251 308 126 347 337 203 434 308 174 58 308 366 366 280 395 0 395 251 289 193 357 318 260
0 222 337 203 299 270 280 241 385 318 308 203 357 222 135 260 337 203 270 289 318 299 337 289 280 251 222 318 308 77 318 270 126 308 424 251 203 347 299 280 231 270 280 251 357 260 308 203 222 318 270 337 154 385 308 260 385 183 174 260 212 203 241 280 395 376 260 135 212 251 97 231 395 212 0 280 395 260 260 270 212
0 174 68 260 289 251 308 289 251 366 222 183 376 174 308 260 308 308 434 126 299 183 203 164 366 222 270 328 289 366 280 212 251 376 424 193 289 289 251 203 126 106 308 193 318 270 97 260 347 280 222 222 280 414 337 299 357 318 337 299 193 308 318 251 376 328 231 116 299 212 231 251 376 280 289 0 366 260 183 251 328
0 203 203 193 116 193 251 241 68 366 289 126 376 280 328 203 154 222 385 231 328 280 270 280 280 135 260 260 357 318 308 203 193 318 251 318 260 260 308 193 231 174 270 308 260 203 251 174 366 299 328 289 308 174 183 251 299 357 231 174 289 289 231 241 385 270 174 212 126 241 222 280 337 231 251 164 0 174 174 164 270
0 308 260 347 270 203 280 241 280 299 241 106 337 280 270 212 251 174 405 260 347 299 318 299 251 337 328 280 203 318 366 222 222 318 260 376 357 270 251 260 135 58 280 241 405 231 222 299 212 376 280 299 251 328 318 280 126 328 260 241 116 174 328 270 414 308 154 39 299 174 193 270 385 222 260 203 347 0 241 193 299
0 251 222 154 270 289 270 203 337 289 260 241 241 241 318 203 308 318 366 183 154 251 318 231 318 376 97 260 212 366 231 203 231 270 251 289 337 260 231 20 193 145 135 260 385 193 251 270 337 212 174 193 289 337 308 203 308 347 231 289 251 328 203 77 328 337 289 174 347 222 241 318 231 231 308 164 318 289 0 145 154
0 299 231 203 270 183 135 260 347 318 251 270 347 126 337 193 241 193 231 77 260 135 280 116 280 308 222 260 280 328 260 203 231 318 328 318 193 318 203 97 222 270 183 145 270 49 183 299 385 251 174 241 366 385 164 251 357 357 251 231 280 193 251 126 231 280 318 203 308 299 203 203 337 299 366 174 318 231 135 0 203
0 289 251 308 126 289 270 222 280 357 289 251 241 203 328 49 280 347 251 299 308 145 260 183 174 318 251 116 251 347 270 58 203 357 260 328 328 289 222 231 280 212 260 222 270 308 164 203 280 212 203 174 318 347 308 116 193 366 376 318 251 347 357 299 183 337 183 183 280 251 270 222 385 280 270 270 376 260 337 289 0
SETUP_COST
0.0 4240.0 2520.0 6940.0 5020.0 4440.0 5980.0 5020.0 5600.0 4240.0 6360.0 4820.0 6740.0 400.0 2520.0 4620.0 1540.0 3480.0 5200.0 3660.0 5780.0 4820.0 5980.0 4240.0 4620.0 5600.0 4240.0 5980.0 6560.0 6360.0 4620.0 4820.0 5780.0 7320.0 7520.0 5780.0 3080.0 5400.0 5780.0 5200.0 2320.0 3480.0 5780.0 980.0 2900.0 5980.0 3860.0 6360.0 4240.0 6160.0 1360.0 4820.0 2900.0 6740.0 5780.0 2900.0 5200.0 6160.0 7520.0 4240.0 5020.0 3480.0 7900.0 5400.0 7320.0 3480.0 5980.0 3480.0 4820.0 5020.0 5200.0 6360.0 5200.0 5400.0 6160.0 5400.0 4240.0 2900.0 4820.0 5200.0 6160.0
0.0 0.0 2520.0 6160.0 5600.0 4440.0 3280.0 4060.0 5200.0 5020.0 5780.0 5020.0 6560.0 3660.0 2700.0 4620.0 5600.0 3860.0 5400.0 3660.0 5980.0 3860.0 5200.0 4620.0 5200.0 5600.0 2120.0 4060.0 5200.0 4060.0 2120.0 4820.0 1740.0 5200.0 8280.0 3280.0 6160.0 6940.0 2320.0 5200.0 3660.0 3280.0 4820.0 4060.0 6160.0 5020.0 3280.0 3280.0 3660.0 2120.0 3280.0 5600.0 2320.0 5780.0 3280.0 4060.0 6160.0 4440.0 4440.0 5400.0 5020.0 4060.0 4060.0 4620.0 7320.0 5780.0 5980.0 3660.0 6360.0 780.0 1160.0 4240.0 7700.0 3480.0 2520.0 1360.0 6560.0 5400.0 4820.0 4440.0 3860.0
0.0 2320.0 0.0 5400.0 4620.0 3860.0 5020.0 4620.0 3660.0 5980.0 5780.0 5200.0 6360.0 2320.0 4820.0 4060.0 5020.0 5780.0 7520.0 1160.0 4820.0 2320.0 5400.0 2120.0 6560.0 5600.0 4060.0 5200.0 5200.0 6160.0 4240.0 4240.0 3860.0 6560.0 7320.0 5600.0 4820.0 4620.0 3860.0 2700.0 1360.0 980.0 5020.0 2700.0 5020.0 5020.0 3280.0 5400.0 5780.0 4240.0 3080.0 5780.0 4440.0 7900.0 5400.0 4820.0 7320.0 5020.0 5980.0 4820.0 4820.0 5780.0 6160.0 3660.0 6360.0 5200.0 6160.0 3860.0 4820.0 3080.0 3280.0 3860.0 6360.0 5600.0 4620.0 3480.0 5980.0 4820.0 2320.0 4240.0 5400.0
0.0 2120.0 3860.0 0.0 4620.0 3660.0 4620.0 1160.0 5600.0 6160.0 4440.0 4060.0 6560.0 4820.0 4060.0 3080.0 4820.0 5200.0 6560.0 4820.0 5200.0 5020.0 4240.0 2520.0 5600.0 5400.0 4060.0 4440.0 4820.0 5200.0 3660.0 3280.0 2900.0 6560.0 5020.0 4820.0 3860.0 4440.0 3480.0 3280.0 980.0 4620.0 1940.0 5400.0 7520.0 5400.0 2120.0 4440.0 3860.0 4060.0 4620.0 3080.0 3480.0 7320.0 5200.0 1160.0 5980.0 4620.0 1540.0 4620.0 2700.0 5200.0 1160.0 4820.0 5780.0 6940.0 5020.0 2520.0 4620.0 2120.0 2520.0 4620.0 4820.0 4620.0 3660.0 2520.0 7700.0 4060.0 3480.0 4620.0 2320.0
0.0 5600.0 5780.0 6940.0 0.0 5780.0 4620.0 5200.0 3280.0 6940.0 6560.0 4060.0 5400.0 4820.0 6160.0 1940.0 6940.0 5980.0 5600.0 5200.0 5980.0 3660.0 5980.0 4440.0 4240.0 5200.0 5400.0 3080.0 6560.0 5200.0 6160.0 1940.0 1740.0 7520.0 2900.0 7320.0 7140.0 6560.0 5200.0 4620.0 6360.0 4440.0 5980.0 5200.0 3080.0 4820.0 4060.0 4820.0 6360.0 5020.0 4820.0 4240.0 6560.0 7700.0 5400.0 3080.0 7140.0 5020.0 6940.0 5200.0 5980.0 7520.0 7900.0 5780.0 6940.0 7520.0 5200.0 4440.0 4440.0 6360.0 6740.0 5200.0 7520.0 5600.0 6160.0 5020.0 8280.0 5400.0 6360.0 4060.0 3280.0
0.0 4620.0 2320.0 5400.0 1740.0 0.0 2700.0 3860.0 4060.0 5980.0 5020.0 3280.0 4060.0 3080.0 6360.0 400.0 1360.0 3080.0 6160.0 3080.0 5600.0 2320.0 4620.0 2900.0 2900.0 5780.0 4440.0 1540.0 5020.0 5780.0 4440.0 580.0 2320.0 5200.0 4620.0 4060.0 3280.0 5020.0 3860.0 3860.0 3660.0 2120.0 4440.0 3480.0 4820.0 5780.0 2520.0 3280.0 5020.0 3660.0 3480.0 2700.0 5600.0 6360.0 3480.0 1540.0 3480.0 5600.0 5200.0 1160.0 3280.0 3480.0 6160.0 5400.0 6560.0 6160.0 4240.0 1940.0 5020.0 4620.0 5020.0 3860.0 5020.0 3280.0 6160.0 5020.0 5020.0 1160.0 4240.0 5020.0 4820.0
0.0 4820.0 2700.0 4440.0 2900.0 1160.0 0.0 4820.0 5020.0 4820.0 4060.0 3280.0 5200.0 1540.0 4820.0 1360.0 2320.0 1540.0 3660.0 580.0 3860.0 580.0 3660.0 1540.0 3860.0 4820.0 3480.0 2700.0 3480.0 4240.0 3080.0 1540.0 3280.0 4820.0 5600.0 4240.0 4240.0 5780.0 2120.0 2120.0 3480.0 3280.0 4440.0 1940.0 4440.0 4240.0 1540.0 4440.0 5980.0 2900.0 2520.0 3860.0 5200.0 5980.0 780.0 2700.0 4620.0 6360.0 2520.0 2120.0 3480.0 4440.0 5600.0 3080.0 7140.0 4620.0 4240.0 1940.0 5200.0 5200.0 3080.0 2120.0 5400.0 3860.0 4820.0 3860.0 5400.0 2120.0 1740.0 3480.0 3480.0
0.0 5200.0 5980.0 5200.0 3480.0 6740.0 6560.0 0.0 4820.0 5020.0 3280.0 5020.0 5780.0 4620.0 6940.0 2120.0 5400.0 4620.0 5980.0 3660.0 5200.0 3860.0 4440.0 4620.0 4440.0 6360.0 4060.0 3280.0 5020.0 7140.0 2700.0 2120.0 4820.0 5980.0 6160.0 3860.0 4240.0 3280.0 5400.0 2700.0 5600.0 4060.0 780.0 5020.0 6560.0 5600.0 4240.0 3480.0 6560.0 4440.0 5020.0 1940.0 7320.0 6160.0 7320.0 3280.0 5020.0 6740.0 6560.0 6940.0 5200.0 4620.0 6160.0 3660.0 4620.0 6560.0 4620.0 3660.0 5980.0 5980.0 6160.0 3480.0 3660.0 4060.0 5600.0 5400.0 7320.0 2900.0 2320.0 5200.0 1160.0
0.0 4240.0 3080.0 6360.0 980.0 4820.0 3660.0 6160.0 0.0 6940.0 4620.0 4240.0 6360.0 5020.0 5200.0 2700.0 5980.0 4620.0 6560.0 3860.0 6740.0 4240.0 4060.0 4820.0 4820.0 2120.0 6160.0 3860.0 6160.0 5980.0 5780.0 2900.0 2520.0 6160.0 3660.0 5020.0 6360.0 4060.0 5780.0 4440.0 4440.0 3280.0 5980.0 5400.0 4060.0 3480.0 3860.0 2700.0 6360.0 5980.0 5600.0 4620.0 5780.0 7320.0 4440.0 3860.0 4620.0 5780.0 5200.0 2120.0 4440.0 4620.0 7320.0 4820.0 7140.0 6360.0 5400.0 2900.0 1160.0 5020.0 5400.0 5780.0 7700.0 4240.0 6160.0 1940.0 7140.0 2320.0 5200.0 2520.0 4060.0
0.0 3480.0 5600.0 6160.0 5980.0 5400.0 4440.0 4440.0 5400.0 0.0 5200.0 5020.0 8480.0 5600.0 5980.0 5780.0 6740.0 5200.0 7700.0 4620.0 7140.0 4820.0 4820.0 3660.0 5600.0 2700.0 3480.0 6940.0 5980.0 5780.0 5600.0 5020.0 5020.0 5980.0 8100.0 5780.0 6940.0 4620.0 5020.0 5020.0 5600.0 3860.0 4820.0 6160.0 6360.0 4060.0 3280.0 3480.0 3660.0 5400.0 6560.0 5200.0 2320.0 8100.0 5200.0 2320.0 5400.0 5980.0 6940.0 2900.0 5020.0 5200.0 7320.0 4620.0 7700.0 7140.0 5980.0 3660.0 1940.0 4240.0 4620.0 6360.0 7700.0 4060.0 5780.0 4620.0 7900.0 2900.0 5780.0 3280.0 5020.0
0.0 5400.0 5400.0 3480.0 3480.0 6940.0 6160.0 4440.0 2520.0 7320.0 0.0 5780.0 8100.0 5200.0 5600.0 4440.0 4820.0 4820.0 5600.0 4060.0 6360.0 4620.0 3860.0 5020.0 6160.0 4440.0 5600.0 5600.0 5780.0 6940.0 3480.0 4060.0 4240.0 5400.0 5600.0 4620.0 6940.0 3660.0 5200.0 5780.0 4240.0 5780.0 3080.0 5400.0 3480.0 5780.0 5400.0 4060.0 6560.0 3860.0 5780.0 1360.0 5200.0 7140.0 6160.0 4440.0 2700.0 7520.0 5020.0 4620.0 5980.0 4820.0 4440.0 1940.0 4240.0 7520.0 6740.0 4440.0 3660.0 3660.0 4060.0 5020.0 3080.0 3480.0 5400.0 4240.0 8280.0 4620.0 5400.0 5020.0 3480.0
0.0 5980.0 3860.0 5780.0 5200.0 3480.0 3660.0 6360.0 6160.0 5980.0 6160.0 0.0 5200.0 5200.0 6560.0 3660.0 2900.0 5020.0 7140.0 4060.0 5020.0 4240.0 6560.0 5020.0 5400.0 5980.0 4820.0 4240.0 4620.0 7320.0 5980.0 3860.0 4440.0 5980.0 6740.0 6360.0 5020.0 6940.0 5600.0 5600.0 4240.0 2520.0 5600.0 5600.0 7900.0 5780.0 4440.0 5980.0 5200.0 6560.0 5020.0 5200.0 6360.0 7140.0 4440.0 4240.0 4060.0 7520.0 6160.0 3860.0 3660.0 5020.0 6940.0 4240.0 9440.0 4060.0 1160.0 2320.0 7320.0 5020.0 4820.0 3280.0 6560.0 5020.0 6560.0 2700.0 4820.0 1540.0 5200.0 5400.0 5780.0
0.0 3860.0 3480.0 2900.0 2900.0 1160.0 3080.0 4060.0 4060.0 3860.0 5020.0 4440.0 0.0 4240.0 3480.0 1540.0 2520.0 4060.0 5980.0 3480.0 6560.0 3480.0 5780.0 4060.0 3860.0 5400.0 2900.0 2700.0 6160.0 6560.0 4440.0 1540.0 3480.0 5400.0 5600.0 5200.0 4240.0 5200.0 2120.0 5020.0 3660.0 3280.0 2700.0 4620.0 5980.0 6740.0 3660.0 4440.0 5200.0 4620.0 4440.0 3660.0 3860.0 6160.0 3860.0 2700.0 4620.0 6560.0 4440.0 2120.0 4440.0 4620.0 3860.0 1360.0 6360.0 2120.0 5400.0 2900.0 5200.0 4620.0 5020.0 4820.0 5600.0 4440.0 5020.0 5200.0 2900.0 2320.0 4620.0 5980.0 2700.0
0.0 5020.0 5980.0 7520.0 4620.0 4060.0 5600.0 4820.0 5200.0 3860.0 5980.0 5400.0 8100.0 0.0 4440.0 4440.0 5200.0 3660.0 6940.0 5980.0 6160.0 5980.0 5600.0 3860.0 4240.0 5200.0 3860.0 5600.0 6360.0 6560.0 5200.0 4440.0 6360.0 7900.0 7520.0 6360.0 2700.0 5020.0 7140.0 5400.0 1940.0 4620.0 5400.0 580.0 7520.0 6560.0 3480.0 5980.0 6160.0 6940.0 980.0 4440.0 4820.0 6560.0 6360.0 2520.0 6360.0 5780.0 7900.0 4060.0 5400.0 5600.0 8480.0 5980.0 6940.0 3080.0 6360.0 3860.0 4440.0 5600.0 5980.0 7520.0 7900.0 6160.0 6360.0 6160.0 3860.0 4060.0 5020.0 5780.0 5780.0
0.0 1740.0 4240.0 4620.0 6560.0 5400.0 4440.0 4440.0 6940.0 3860.0 6740.0 5020.0 4620.0 3480.0 0.0 5200.0 5020.0 1360.0 2700.0 4060.0 5020.0 4820.0 6740.0 3280.0 6940.0 4620.0 3660.0 5780.0 6560.0 4060.0 3860.0 5400.0 3480.0 5020.0 7700.0 4620.0 5980.0 6560.0 3280.0 3080.0 5400.0 4060.0 4240.0 3860.0 4620.0 3660.0 4820.0 5020.0 1940.0 3860.0 4440.0 4620.0 580.0 7320.0 5020.0 5600.0 5400.0 4240.0 5980.0 4820.0 5200.0 1360.0 5600.0 3080.0 7320.0 6560.0 6160.0 3660.0 3860.0 2520.0 2900.0 5980.0 6560.0 5020.0 4060.0 3080.0 7320.0 3080.0 2700.0 2700.0 4620.0
0.0 4820.0 4060.0 5200.0 1540.0 4820.0 4620.0 3480.0 4620.0 6160.0 4820.0 4060.0 3860.0 3080.0 6560.0 0.0 6160.0 5980.0 6940.0 5020.0 5200.0 1940.0 4240.0 2700.0 2520.0 5400.0 4060.0 1360.0 4820.0 6560.0 4440.0 200.0 3080.0 6160.0 4240.0 5600.0 5600.0 4820.0 3480.0 3660.0 4620.0 3280.0 4240.0 3480.0 4440.0 5600.0 2320.0 3080.0 4620.0 3280.0 3080.0 2520.0 5400.0 5980.0 5200.0 1360.0 7320.0 6360.0 6740.0 5600.0 4240.0 5980.0 6160.0 5020.0 6360.0 5780.0 5020.0 2700.0 4620.0 5600.0 5980.0 3480.0 6740.0 5400.0 6940.0 5400.0 6560.0 5600.0 5780.0 4820.0 4440.0
0.0 3280.0 1160.0 6360.0 4240.0 4060.0 5980.0 5780.0 4820.0 5600.0 6940.0 6160.0 7320.0 3280.0 5400.0 4240.0 0.0 6740.0 7700.0 2320.0 5980.0 3480.0 6360.0 3280.0 3860.0 6560.0 5200.0 5600.0 6160.0 6740.0 3080.0 4440.0 5020.0 5980.0 6160.0 4240.0 2320.0 5600.0 5020.0 3860.0 2520.0 1940.0 5020.0 3860.0 6160.0 5980.0 4440.0 6560.0 5980.0 5400.0 4240.0 6160.0 5400.0 5980.0 6560.0 5600.0 7520.0 6160.0 7140.0 5020.0 5780.0 6740.0 7140.0 4820.0 6560.0 6360.0 7140.0 4620.0 5980.0 4060.0 4440.0 5020.0 3660.0 4060.0 5600.0 4620.0 3860.0 5020.0 3480.0 5200.0 5400.0
0.0 5020.0 5780.0 4240.0 6740.0 6740.0 5980.0 5400.0 7900.0 7140.0 6360.0 6160.0 6160.0 6160.0 3480.0 5200.0 7520.0 0.0 5980.0 5020.0 4440.0 6160.0 5780.0 5980.0 7700.0 7520.0 3080.0 6560.0 5400.0 2900.0 5600.0 5400.0 5780.0 6740.0 6360.0 6360.0 6940.0 5600.0 5980.0 1740.0 5200.0 4240.0 4060.0 6560.0 7900.0 5020.0 6360.0 6560.0 5200.0 5600.0 4820.0 3280.0 3860.0 7900.0 6740.0 5400.0 6940.0 7520.0 4620.0 4440.0 6160.0 4620.0 5400.0 2700.0 7900.0 8100.0 6740.0 4820.0 7140.0 5780.0 6160.0 5780.0 5980.0 5780.0 7320.0 4440.0 7520.0 4620.0 1360.0 4240.0 4240.0
0.0 4820.0 4060.0 6160.0 4440.0 2700.0 1740.0 5400.0 5400.0 3480.0 5020.0 3860.0 6740.0 3280.0 4240.0 3080.0 4060.0 3080.0 0.0 2120.0 5400.0 2120.0 4440.0 3080.0 5400.0 5980.0 4820.0 4240.0 4060.0 5400.0 4620.0 3280.0 3080.0 4620.0 7320.0 2120.0 5780.0 6940.0 780.0 3660.0 4240.0 4820.0 4440.0 3660.0 5980.0 3860.0 3280.0 4620.0 5020.0 4620.0 4060.0 5020.0 3660.0 6560.0 2520.0 4240.0 6160.0 5020.0 4240.0 3660.0 3660.0 4440.0 5400.0 4620.0 7520.0 4060.0 4820.0 2520.0 5200.0 2320.0 2700.0 3660.0 6160.0 4240.0 3860.0 2700.0 4820.0 3860.0 3280.0 5200.0 4620.0
0.0 5400.0 3280.0 4240.0 4620.0 4820.0 3860.0 5400.0 6160.0 5020.0 4820.0 4060.0 5980.0 1160.0 5400.0 5200.0 6160.0 4820.0 7320.0 0.0 3860.0 1360.0 4240.0 980.0 5400.0 4820.0 3080.0 4440.0 4240.0 7520.0 3660.0 4440.0 3080.0 5600.0 6360.0 4820.0 3660.0 5200.0 2700.0 1740.0 3080.0 4060.0 3860.0 1540.0 4060.0 3860.0 2320.0 4620.0 7140.0 3660.0 2120.0 4820.0 5780.0 6740.0 4620.0 3660.0 7320.0 5780.0 5780.0 5020.0 4060.0 6560.0 5200.0 2700.0 7520.0 4240.0 5020.0 2700.0 4820.0 5200.0 2700.0 2700.0 5400.0 4620.0 6740.0 4060.0 5020.0 5200.0 1360.0 3080.0 4240.0
0.0 3660.0 1360.0 4620.0 5200.0 3860.0 3860.0 3860.0 4620.0 5600.0 4620.0 3860.0 7520.0 3660.0 3280.0 3660.0 3280.0 4620.0 5980.0 2520.0 0.0 3660.0 4060.0 3080.0 5980.0 4620.0 4440.0 5020.0 5200.0 4620.0 4240.0 3860.0 2320.0 3860.0 7900.0 4060.0 5200.0 4820.0 2900.0 3660.0 2700.0 980.0 2520.0 4060.0 6360.0 3280.0 2120.0 3860.0 4240.0 5600.0 400.0 3660.0 2900.0 6740.0 4620.0 1740.0 6560.0 4440.0 4620.0 4820.0 4060.0 4620.0 4620.0 4620.0 6360.0 6360.0 4820.0 2520.0 3860.0 1360.0 1740.0 3660.0 1740.0 1940.0 3080.0 200.0 3480.0 4820.0 3280.0 2520.0 2900.0
0.0 4240.0 2120.0 5600.0 4820.0 3660.0 2700.0 5400.0 5600.0 4440.0 3660.0 2900.0 5780.0 4060.0 5020.0 4060.0 4820.0 4060.0 6160.0 3080.0 3280.0 0.0 3080.0 4060.0 4440.0 4440.0 5780.0 3280.0 3080.0 6740.0 2520.0 3280.0 2700.0 4440.0 7520.0 3660.0 4820.0 5780.0 1540.0 3860.0 3480.0 2900.0 5400.0 4620.0 6940.0 4060.0 1160.0 5200.0 6740.0 2520.0 3660.0 3480.0 5400.0 5600.0 3480.0 3280.0 6160.0 5980.0 5200.0 4620.0 2900.0 5400.0 5200.0 4060.0 7700.0 5020.0 3860.0 1540.0 6160.0 4620.0 5020.0 1540.0 4820.0 3480.0 6360.0 3480.0 5780.0 4240.0 4240.0 5020.0 5600.0
0.0 4820.0 4240.0 3860.0 3860.0 5600.0 4620.0 5020.0 3080.0 6360.0 580.0 4620.0 6740.0 3080.0 6160.0 4820.0 4820.0 4060.0 5980.0 3480.0 5400.0 2120.0 0.0 4440.0 5200.0 5020.0 6160.0 4240.0 5020.0 6560.0 2700.0 400.0 3480.0 5780.0 5980.0 3860.0 5780.0 2900.0 3660.0 3860.0 4820.0 3480.0 3660.0 3660.0 3860.0 2900.0 3080.0 3080.0 6360.0 3080.0 4060.0 580.0 5600.0 6360.0 5400.0 4240.0 3280.0 6740.0 5400.0 5020.0 4620.0 4060.0 4820.0 2320.0 4820.0 6160.0 3660.0 3280.0 4240.0 4240.0 4620.0 3660.0 3660.0 3860.0 5020.0 4820.0 6940.0 2520.0 4620.0 2120.0 3860.0
0.0 6360.0 4820.0 6160.0 3660.0 5780.0 4620.0 6360.0 6940.0 6940.0 7140.0 5980.0 8860.0 4620.0 4620.0 5400.0 6740.0 5600.0 6560.0 3480.0 3480.0 4820.0 7520.0 0.0 7520.0 7900.0 6560.0 6740.0 7700.0 8100.0 6160.0 5600.0 4620.0 7320.0 6560.0 7320.0 5980.0 4440.0 6160.0 4060.0 6160.0 4440.0 5780.0 5020.0 6740.0 3080.0 5600.0 5980.0 6560.0 7140.0 3860.0 6940.0 5200.0 9640.0 5400.0 5200.0 8860.0 5020.0 7140.0 6740.0 7320.0 5600.0 7140.0 4440.0 6740.0 7520.0 6940.0 5980.0 7320.0 4820.0 5200.0 6160.0 5200.0 5400.0 6560.0 3660.0 6940.0 6360.0 4820.0 2120.0 6160.0
0.0 4620.0 6160.0 4820.0 400.0 5980.0 5020.0 3080.0 3660.0 7320.0 4620.0 4440.0 5780.0 5200.0 5400.0 2120.0 6940.0 6360.0 5980.0 4440.0 6360.0 4060.0 6360.0 4820.0 0.0 5200.0 5600.0 3480.0 6940.0 4440.0 5780.0 2320.0 2120.0 7320.0 3280.0 5600.0 6940.0 6360.0 5600.0 4820.0 5400.0 4820.0 3860.0 4060.0 3480.0 3860.0 4440.0 5200.0 2320.0 5400.0 5020.0 4620.0 5980.0 8100.0 5780.0 3480.0 6360.0 4620.0 6160.0 5600.0 6160.0 6740.0 5980.0 3280.0 7140.0 6560.0 5020.0 4820.0 4620.0 5400.0 4060.0 5600.0 6740.0 5980.0 6560.0 5400.0 7320.0 5780.0 5400.0 3080.0 3660.0
0.0 2520.0 5020.0 4440.0 3280.0 4240.0 3080.0 5600.0 6360.0 6360.0 5600.0 5980.0 7320.0 3080.0 4620.0 4440.0 5400.0 4440.0 5020.0 1940.0 5780.0 3280.0 6160.0 2900.0 2900.0 0.0 4440.0 5780.0 6160.0 5980.0 4620.0 4620.0 4240.0 6360.0 6160.0 5780.0 4440.0 6740.0 4620.0 2520.0 3660.0 5780.0 4060.0 3480.0 5780.0 1540.0 4240.0 780.0 5200.0 4620.0 3860.0 5200.0 4620.0 5400.0 3860.0 5600.0 7700.0 6940.0 5600.0 5200.0 3080.0 4440.0 5400.0 2900.0 5200.0 4440.0 6560.0 4620.0 6740.0 3280.0 3660.0 4620.0 7140.0 5780.0 4820.0 3860.0 5200.0 5200.0 3280.0 580.0 4240.0
0.0 8280.0 8680.0 9640.0 6160.0 7520.0 6560.0 8100.0 6360.0 5020.0 8680.0 8680.0 8480.0 7700.0 8680.0 4820.0 8680.0 7900.0 8680.0 6940.0 8860.0 6560.0 8860.0 7320.0 7140.0 7520.0 0.0 5980.0 7140.0 8100.0 9060.0 4820.0 3480.0 9440.0 6740.0 10020.0 10020.0 9440.0 7140.0 6560.0 4620.0 6360.0 7140.0 8100.0 9060.0 7320.0 6940.0 7700.0 8480.0 3280.0 7700.0 7140.0 7140.0 9820.0 7140.0 5980.0 6360.0 6740.0 8860.0 7700.0 5400.0 10020.0 9820.0 8100.0 7520.0 10020.0 7900.0 7320.0 6740.0 7520.0 7900.0 8100.0 10020.0 7700.0 9060.0 7900.0 8100.0 7520.0 8100.0 7900.0 4240.0
0.0 5600.0 5980.0 5400.0 1540.0 3660.0 5600.0 2320.0 4820.0 6360.0 3660.0 2900.0 2520.0 5980.0 5200.0 3480.0 4820.0 4820.0 7140.0 4820.0 4820.0 5020.0 3080.0 1540.0 1360.0 4240.0 5400.0 0.0 3860.0 5600.0 4820.0 3280.0 3280.0 5400.0 4440.0 5980.0 4820.0 4820.0 4440.0 2700.0 3480.0 5400.0 2900.0 5200.0 4620.0 4440.0 1160.0 5020.0 3480.0 6160.0 1940.0 3480.0 4440.0 6360.0 6360.0 200.0 6160.0 5780.0 5980.0 4440.0 2900.0 4820.0 6360.0 3860.0 6940.0 4620.0 3860.0 1540.0 3480.0 6160.0 5200.0 5780.0 5980.0 4240.0 6740.0 5020.0 5400.0 4240.0 4440.0 3480.0 3280.0
0.0 4620.0 4820.0 3660.0 4440.0 3860.0 2900.0 4820.0 3660.0 6560.0 6160.0 2900.0 7320.0 2700.0 4820.0 4240.0 5020.0 4060.0 4820.0 1740.0 5400.0 2900.0 5780.0 2700.0 5780.0 5600.0 4620.0 5400.0 0.0 3860.0 5400.0 4240.0 4820.0 2520.0 6160.0 6560.0 4060.0 5020.0 4440.0 3280.0 3480.0 5400.0 5400.0 3280.0 5600.0 1160.0 3860.0 6360.0 6740.0 5200.0 3660.0 6360.0 5400.0 2700.0 3660.0 4820.0 5020.0 7140.0 5200.0 4820.0 3080.0 4060.0 4620.0 4240.0 4820.0 5600.0 3860.0 1540.0 4820.0 5400.0 4240.0 4440.0 6940.0 580.0 6940.0 3660.0 6360.0 4440.0 2900.0 4620.0 5600.0
0.0 2900.0 5200.0 2520.0 5200.0 4060.0 5400.0 3660.0 7700.0 4820.0 5600.0 6160.0 5600.0 4620.0 1160.0 3660.0 5200.0 2520.0 3860.0 5200.0 5980.0 5600.0 5200.0 4240.0 5780.0 5600.0 2900.0 5020.0 5400.0 0.0 4820.0 3860.0 4240.0 6160.0 6940.0 3480.0 4240.0 6940.0 4440.0 4060.0 3280.0 5020.0 4240.0 5020.0 5600.0 4620.0 4620.0 5980.0 2900.0 4820.0 5400.0 5400.0 1540.0 6560.0 5980.0 3660.0 6560.0 5400.0 1940.0 5020.0 5020.0 2520.0 3480.0 4060.0 6360.0 6360.0 6360.0 4820.0 4820.0 3660.0 3860.0 7140.0 7320.0 5980.0 5200.0 4060.0 6360.0 4060.0 3660.0 3860.0 2900.0
0.0 5600.0 6740.0 4620.0 6940.0 5780.0 4620.0 5780.0 5980.0 5780.0 4240.0 5980.0 9060.0 4620.0 7900.0 5980.0 6940.0 5980.0 6560.0 3480.0 7140.0 4620.0 3660.0 4440.0 7520.0 6940.0 4820.0 7140.0 3080.0 6740.0 0.0 3860.0 4440.0 5600.0 7140.0 1360.0 5980.0 6360.0 6160.0 5020.0 5400.0 7140.0 5780.0 5020.0 7320.0 3080.0 5600.0 5980.0 7700.0 6740.0 5400.0 4060.0 7700.0 3660.0 5400.0 4620.0 6740.0 4240.0 6160.0 6740.0 6160.0 5980.0 5600.0 5980.0 6740.0 4060.0 6940.0 4620.0 7140.0 6360.0 4060.0 5400.0 7140.0 3660.0 7520.0 5600.0 4820.0 6160.0 4820.0 5600.0 6160.0
0.0 4620.0 3860.0 5020.0 5400.0 5400.0 4440.0 6160.0 7320.0 6160.0 5400.0 4620.0 6740.0 2900.0 6740.0 5780.0 6360.0 5780.0 7320.0 4820.0 5200.0 1940.0 4820.0 5780.0 5020.0 6160.0 6560.0 5020.0 4820.0 8480.0 4440.0 0.0 4620.0 6160.0 8100.0 5600.0 5400.0 7520.0 3280.0 4620.0 4820.0 4620.0 6160.0 3280.0 8480.0 5780.0 2900.0 2900.0 7140.0 4240.0 3860.0 5400.0 6740.0 6160.0 5200.0 5020.0 7900.0 7700.0 6560.0 5980.0 4820.0 7140.0 5980.0 5020.0 6160.0 5980.0 5600.0 3280.0 5780.0 5400.0 5780.0 3280.0 6740.0 5200.0 6940.0 5200.0 6740.0 5980.0 5980.0 5600.0 6560.0
0.0 7320.0 5600.0 7520.0 5780.0 4060.0 3080.0 6560.0 5400.0 5200.0 6940.0 6360.0 8100.0 4620.0 7700.0 4440.0 5200.0 4440.0 6560.0 3480.0 6740.0 3480.0 6560.0 4440.0 6560.0 7320.0 6360.0 5600.0 6360.0 7140.0 5980.0 4440.0 0.0 7700.0 8480.0 7140.0 7140.0 8680.0 5020.0 5020.0 5400.0 2900.0 7320.0 5020.0 7320.0 7140.0 4440.0 7320.0 6940.0 5980.0 5400.0 6740.0 7320.0 9060.0 3860.0 5600.0 7520.0 3280.0 5600.0 5020.0 4820.0 7520.0 8480.0 5980.0 8860.0 7520.0 5400.0 4820.0 6360.0 7900.0 5980.0 5020.0 8280.0 6940.0 7700.0 6940.0 8280.0 5200.0 4620.0 6560.0 6360.0
0.0 5780.0 6940.0 3860.0 2120.0 4820.0 5200.0 4820.0 3860.0 7320.0 4060.0 3280.0 7520.0 5200.0 7320.0 3860.0 5980.0 5780.0 7140.0 4060.0 7900.0 5200.0 3660.0 5020.0 6160.0 5780.0 6560.0 5020.0 2520.0 6160.0 4820.0 3860.0 3660.0 0.0 4820.0 4240.0 5400.0 5600.0 6740.0 4820.0 3860.0 5780.0 3080.0 5600.0 5020.0 3660.0 1540.0 5600.0 7520.0 6560.0 5980.0 4060.0 7140.0 5020.0 5980.0 4820.0 6740.0 6740.0 3080.0 5780.0 3480.0 5780.0 4820.0 2320.0 6940.0 7140.0 4240.0 1940.0 5020.0 5780.0 6160.0 6560.0 5980.0 2900.0 7320.0 5780.0 7900.0 4820.0 5400.0 5600.0 3280.0
0.0 5020.0 5020.0 4820.0 5780.0 4820.0 3860.0 5780.0 8100.0 6160.0 6160.0 4060.0 7900.0 3660.0 3480.0 5200.0 5980.0 4620.0 2900.0 2700.0 6360.0 3860.0 6740.0 3660.0 5400.0 2520.0 5020.0 6360.0 6560.0 2320.0 6360.0 3660.0 4240.0 7520.0 0.0 4820.0 5020.0 4820.0 3480.0 3080.0 4440.0 5780.0 5020.0 4240.0 6560.0 2120.0 4820.0 3280.0 5200.0 6160.0 4620.0 5980.0 3860.0 7900.0 4620.0 5780.0 7900.0 7520.0 4240.0 5780.0 4060.0 4620.0 5780.0 3660.0 5780.0 6740.0 5020.0 2520.0 7140.0 5020.0 5200.0 5400.0 7900.0 6940.0 6560.0 3860.0 7520.0 5400.0 3860.0 1360.0 5020.0
0.0 4620.0 5600.0 5600.0 5780.0 4620.0 3480.0 5600.0 4820.0 4620.0 3080.0 4820.0 7900.0 3480.0 6740.0 4820.0 5780.0 4820.0 5400.0 2320.0 6160.0 3480.0 2520.0 3280.0 6360.0 6160.0 3660.0 5980.0 1940.0 5780.0 5200.0 2700.0 5400.0 4240.0 6360.0 0.0 4820.0 5200.0 5020.0 3860.0 5400.0 5980.0 4620.0 3860.0 6160.0 1940.0 4440.0 5600.0 6560.0 5600.0 4240.0 2900.0 6740.0 4620.0 4240.0 3480.0 5600.0 3080.0 5980.0 5600.0 5020.0 4820.0 6560.0 4820.0 5400.0 2900.0 5780.0 3480.0 5980.0 5400.0 5020.0 4820.0 5980.0 2520.0 6940.0 4440.0 3660.0 5020.0 3480.0 4440.0 4820.0
0.0 4240.0 6740.0 5020.0 2120.0 7700.0 6740.0 4820.0 5200.0 3480.0 6360.0 5780.0 7520.0 6740.0 3280.0 3860.0 7320.0 4620.0 5600.0 6160.0 7900.0 5780.0 8100.0 5200.0 1740.0 6160.0 6160.0 5020.0 5780.0 4620.0 6360.0 4060.0 3660.0 5600.0 4820.0 7140.0 0.0 8100.0 6160.0 6160.0 5780.0 4820.0 5600.0 5600.0 5020.0 5600.0 5980.0 6740.0 3860.0 6360.0 6560.0 6160.0 3860.0 3860.0 7320.0 5020.0 6160.0 6160.0 6360.0 6160.0 5980.0 4620.0 5980.0 5020.0 4440.0 8280.0 6740.0 4440.0 5400.0 5020.0 5400.0 7140.0 8480.0 5020.0 5400.0 5600.0 8860.0 3860.0 5980.0 4820.0 5200.0
0.0 3480.0 5780.0 5200.0 4240.0 5600.0 6360.0 6160.0 5780.0 3860.0 5980.0 6360.0 4620.0 3480.0 4620.0 5200.0 6940.0 1360.0 5020.0 5200.0 5600.0 5780.0 5400.0 5400.0 3860.0 4620.0 4440.0 6560.0 5020.0 3860.0 1940.0 3860.0 4820.0 7320.0 6940.0 3080.0 5980.0 0.0 5600.0 3080.0 3480.0 5400.0 4060.0 1940.0 7140.0 4820.0 5020.0 1740.0 5980.0 5400.0 4440.0 4620.0 5200.0 5400.0 6560.0 4060.0 7140.0 5780.0 5600.0 4620.0 6160.0 1360.0 6360.0 3660.0 3660.0 4440.0 7320.0 5020.0 3860.0 4240.0 4240.0 6940.0 6940.0 5400.0 2320.0 4620.0 5200.0 4820.0 2700.0 4440.0 4240.0
0.0 5400.0 3660.0 5600.0 3860.0 2120.0 1160.0 5980.0 4820.0 2900.0 5200.0 3280.0 6160.0 2700.0 5780.0 2520.0 3480.0 2520.0 4620.0 1540.0 4820.0 1540.0 4620.0 2520.0 4820.0 5400.0 4240.0 3660.0 4620.0 5400.0 4060.0 2700.0 4240.0 5780.0 6740.0 5200.0 5200.0 6560.0 0.0 3080.0 3660.0 4240.0 5400.0 3080.0 5400.0 5200.0 2700.0 5400.0 6360.0 4060.0 3480.0 4820.0 5020.0 7140.0 1940.0 3660.0 5600.0 7320.0 3660.0 3080.0 3080.0 3860.0 6560.0 4060.0 8100.0 3480.0 4240.0 1940.0 4620.0 6160.0 4060.0 3080.0 5600.0 5020.0 5780.0 5020.0 4240.0 3280.0 2700.0 4620.0 4620.0
0.0 8280.0 7700.0 7320.0 7140.0 6360.0 5400.0 8480.0 6360.0 7140.0 8280.0 4440.0 9640.0 6360.0 8100.0 6740.0 7320.0 5980.0 7520.0 5400.0 7700.0 5980.0 8680.0 5020.0 8680.0 7140.0 8280.0 7900.0 3860.0 6940.0 7520.0 5980.0 6560.0 6160.0 4620.0 8680.0 7700.0 7700.0 4440.0 0.0 5020.0 6940.0 5780.0 6940.0 9240.0 4820.0 6740.0 7900.0 9640.0 8280.0 7320.0 6940.0 8480.0 6360.0 6160.0 7900.0 8280.0 6560.0 7520.0 6360.0 4620.0 7700.0 8280.0 7900.0 8480.0 7700.0 5400.0 3080.0 7520.0 9060.0 6160.0 7320.0 8680.0 4240.0 10020.0 6560.0 5980.0 5980.0 6560.0 5980.0 6160.0
0.0 7700.0 5600.0 8860.0 7140.0 5400.0 8100.0 8100.0 8860.0 9640.0 6740.0 6160.0 9440.0 6360.0 7520.0 5780.0 6740.0 8480.0 10020.0 6740.0 4440.0 7700.0 6360.0 7320.0 8280.0 8860.0 8480.0 6940.0 5780.0 8860.0 8480.0 5980.0 6560.0 8100.0 10020.0 8280.0 8100.0 9060.0 7140.0 7900.0 0.0 5200.0 6740.0 6740.0 10020.0 6740.0 4240.0 8100.0 7320.0 9060.0 4620.0 6740.0 7140.0 8280.0 8680.0 5980.0 8860.0 3860.0 8860.0 6360.0 6160.0 8480.0 8860.0 8480.0 10020.0 7700.0 7140.0 4620.0 8100.0 5780.0 5980.0 7140.0 5980.0 6160.0 7320.0 4440.0 7700.0 6560.0 7520.0 6740.0 7140.0
0.0 7520.0 5200.0 7520.0 4620.0 3080.0 5600.0 3860.0 6940.0 8100.0 5980.0 6160.0 6940.0 5980.0 9240.0 3280.0 4240.0 5980.0 9060.0 5980.0 8280.0 5200.0 7520.0 4820.0 5780.0 6740.0 6940.0 4440.0 4620.0 8280.0 6360.0 3480.0 5200.0 6940.0 7520.0 6940.0 6160.0 7140.0 6740.0 6360.0 4440.0 0.0 4620.0 6160.0 7700.0 5780.0 5600.0 6160.0 7900.0 6560.0 6360.0 5600.0 6940.0 7140.0 6360.0 4440.0 6360.0 8100.0 5200.0 4060.0 4060.0 6360.0 8480.0 5980.0 8480.0 6360.0 7140.0 4820.0 6360.0 7520.0 7900.0 6740.0 7520.0 5020.0 9060.0 7900.0 6740.0 4060.0 6160.0 6940.0 4820.0
0.0 4440.0 5400.0 5980.0 2700.0 6160.0 5780.0 4820.0 4240.0 4440.0 2520.0 5400.0 5020.0 4060.0 6940.0 1360.0 4620.0 3860.0 5200.0 2900.0 6560.0 3280.0 3660.0 3860.0 3860.0 6160.0 5400.0 2520.0 5020.0 6360.0 1940.0 1540.0 4060.0 5200.0 5600.0 3080.0 6560.0 2700.0 4820.0 4440.0 5780.0 4620.0 0.0 4440.0 5780.0 4820.0 3480.0 2700.0 5980.0 3860.0 4440.0 1160.0 6560.0 5400.0 6560.0 2520.0 4240.0 5980.0 5780.0 6160.0 5400.0 3860.0 5600.0 4240.0 4060.0 5780.0 4060.0 3860.0 5200.0 5200.0 5400.0 4820.0 3080.0 3280.0 4820.0 5780.0 6560.0 5600.0 4060.0 5400.0 400.0
0.0 4440.0 5600.0 7140.0 5600.0 6160.0 5200.0 4240.0 4820.0 3480.0 5600.0 4820.0 9060.0 6360.0 7140.0 6360.0 6360.0 5980.0 7700.0 5600.0 5780.0 5600.0 5200.0 3480.0 7900.0 5020.0 3480.0 7520.0 5780.0 7520.0 4820.0 5400.0 6160.0 7320.0 8280.0 5980.0 6940.0 5780.0 6740.0 6560.0 1540.0 4620.0 5020.0 0.0 7140.0 6360.0 3080.0 5780.0 5780.0 6560.0 6160.0 4620.0 4440.0 6740.0 5980.0 2120.0 5980.0 5400.0 7520.0 3480.0 5020.0 5980.0 7900.0 5600.0 8100.0 2700.0 5980.0 3480.0 5200.0 5200.0 5600.0 7140.0 7320.0 5780.0 5980.0 5780.0 3480.0 3660.0 6560.0 5600.0 5400.0
0.0 5200.0 4240.0 7140.0 4620.0 6560.0 5980.0 3660.0 3860.0 7140.0 4240.0 3280.0 8100.0 5780.0 3660.0 5600.0 6160.0 3480.0 6160.0 4820.0 2900.0 5980.0 6740.0 5780.0 6360.0 5780.0 2320.0 6740.0 6160.0 4820.0 6160.0 5780.0 4440.0 6740.0 7320.0 4240.0 6940.0 6940.0 4820.0 5200.0 5600.0 3860.0 4440.0 6360.0 0.0 4240.0 5020.0 6360.0 5400.0 4240.0 3280.0 5400.0 4060.0 8860.0 2900.0 4620.0 6740.0 6740.0 4620.0 5780.0 6740.0 4820.0 7320.0 5780.0 7900.0 7140.0 4240.0 5400.0 4820.0 4240.0 4620.0 5780.0 4440.0 4820.0 3280.0 3080.0 6160.0 4620.0 4820.0 3480.0 4620.0
0.0 5980.0 3860.0 4820.0 4440.0 2900.0 1740.0 5780.0 6740.0 5400.0 5200.0 4620.0 6160.0 1740.0 5980.0 3080.0 4060.0 3080.0 3660.0 580.0 4440.0 1740.0 4820.0 1540.0 4620.0 5400.0 3660.0 4240.0 4620.0 5780.0 4240.0 3280.0 3660.0 5980.0 6740.0 5400.0 3080.0 5780.0 3280.0 2120.0 3660.0 4620.0 4440.0 2120.0 4440.0 0.0 2900.0 5200.0 6940.0 4240.0 2520.0 5200.0 6360.0 6940.0 2520.0 4240.0 6360.0 6360.0 4240.0 3860.0 4620.0 3080.0 5780.0 3280.0 3660.0 4620.0 5600.0 3280.0 5400.0 5780.0 3080.0 3280.0 5980.0 5200.0 6560.0 2700.0 5400.0 3860.0 1740.0 3660.0 4820.0
0.0 6940.0 5600.0 5980.0 5020.0 3280.0 5400.0 6940.0 5020.0 5780.0 2520.0 1940.0 6940.0 5200.0 7140.0 3480.0 4440.0 4440.0 8100.0 5400.0 6740.0 4060.0 2120.0 6160.0 5600.0 6940.0 6560.0 4820.0 4620.0 7140.0 4820.0 2320.0 5400.0 5600.0 7700.0 5980.0 3860.0 4820.0 5400.0 5780.0 2520.0 4440.0 5600.0 5600.0 5980.0 4820.0 0.0 5200.0 6940.0 5200.0 5200.0 2520.0 6940.0 7140.0 6160.0 4820.0 5200.0 6160.0 5020.0 4240.0 1940.0 4240.0 6940.0 4240.0 6740.0 5980.0 2900.0 580.0 6160.0 5600.0 5980.0 5020.0 5600.0 3860.0 7140.0 4440.0 6740.0 3280.0 5600.0 4060.0 5780.0
0.0 1940.0 4240.0 3660.0 2520.0 6160.0 5020.0 4820.0 5780.0 6740.0 5400.0 6560.0 6560.0 5200.0 4440.0 4240.0 7320.0 5600.0 7140.0 4240.0 7320.0 5400.0 5980.0 5020.0 2320.0 7320.0 3860.0 5600.0 6940.0 5780.0 3860.0 4440.0 3480.0 6160.0 5400.0 5020.0 6560.0 5980.0 4060.0 4620.0 3280.0 5020.0 3480.0 5600.0 5600.0 3660.0 5020.0 0.0 4440.0 3860.0 5020.0 4440.0 4060.0 4620.0 5020.0 4820.0 6940.0 6160.0 5200.0 6360.0 6160.0 5780.0 4620.0 2120.0 7320.0 6360.0 7140.0 5400.0 6940.0 2520.0 2900.0 5600.0 6360.0 5200.0 4240.0 3080.0 7140.0 6360.0 5400.0 2900.0 3660.0
0.0 4820.0 5600.0 2700.0 5200.0 4440.0 3480.0 2520.0 6560.0 6740.0 5020.0 6160.0 7320.0 3480.0 3280.0 3660.0 5780.0 4620.0 5400.0 2320.0 5980.0 3480.0 5780.0 3280.0 6160.0 6940.0 5020.0 5020.0 5200.0 2320.0 3660.0 3860.0 2520.0 5200.0 7140.0 3480.0 4820.0 5020.0 5020.0 2700.0 3660.0 5200.0 2520.0 3860.0 6160.0 1740.0 4440.0 3860.0 0.0 5780.0 4240.0 3480.0 3860.0 7140.0 4240.0 3860.0 5980.0 2520.0 4060.0 5020.0 5200.0 4620.0 3860.0 1160.0 5400.0 6160.0 6360.0 4820.0 6940.0 4620.0 1940.0 5020.0 5400.0 4060.0 6360.0 4240.0 6940.0 5200.0 3480.0 980.0 2700.0
0.0 7320.0 5980.0 7700.0 4060.0 4440.0 3280.0 6940.0 3280.0 5600.0 6560.0 6560.0 8480.0 4820.0 5600.0 4620.0 5600.0 4820.0 6940.0 3860.0 7140.0 3860.0 6740.0 4620.0 6940.0 5200.0 5020.0 5980.0 6740.0 7520.0 5980.0 4820.0 400.0 8100.0 6740.0 7140.0 7140.0 6740.0 4060.0 5400.0 5600.0 3280.0 4060.0 5200.0 7140.0 4060.0 4820.0 5780.0 7320.0 0.0 5780.0 5200.0 6160.0 8680.0 4060.0 5980.0 6940.0 3660.0 5780.0 5200.0 5200.0 6940.0 8860.0 6360.0 7700.0 7320.0 5780.0 5200.0 4240.0 7900.0 6360.0 5400.0 7140.0 7140.0 8100.0 5020.0 5400.0 4440.0 5020.0 5600.0 4440.0
0.0 5200.0 7320.0 7140.0 6940.0 7140.0 6160.0 7700.0 5980.0 7140.0 6940.0 6740.0 7900.0 5020.0 3480.0 5980.0 8280.0 4820.0 6160.0 6360.0 7320.0 6560.0 6360.0 6560.0 6560.0 4440.0 4060.0 7140.0 7700.0 7520.0 6160.0 6160.0 6740.0 8480.0 7900.0 7520.0 4820.0 4440.0 6740.0 4620.0 6940.0 5600.0 6940.0 5400.0 7900.0 5780.0 7520.0 5020.0 5200.0 7140.0 0.0 6940.0 3860.0 8680.0 6740.0 7140.0 6940.0 7700.0 8480.0 4440.0 6740.0 4820.0 8280.0 5600.0 8100.0 7900.0 7700.0 5200.0 3480.0 5980.0 6160.0 8100.0 8860.0 6740.0 5980.0 6360.0 8100.0 4620.0 4240.0 5020.0 7320.0
0.0 5600.0 5400.0 6360.0 6360.0 6940.0 5980.0 7520.0 5600.0 6160.0 3080.0 6160.0 6940.0 5020.0 6940.0 6940.0 7320.0 3660.0 7140.0 5600.0 6560.0 3280.0 2700.0 6160.0 6160.0 6940.0 6740.0 6360.0 5400.0 6160.0 2320.0 2900.0 3080.0 6360.0 8480.0 3480.0 7520.0 2320.0 4820.0 5200.0 5780.0 5780.0 6160.0 4240.0 6360.0 5020.0 4440.0 3860.0 5980.0 2700.0 5980.0 0.0 7520.0 5780.0 6740.0 6360.0 5780.0 6160.0 7140.0 6940.0 6160.0 3660.0 7520.0 4820.0 5980.0 6160.0 6160.0 4820.0 5980.0 6360.0 6160.0 4820.0 6160.0 4440.0 4620.0 6740.0 6940.0 5020.0 5020.0 4620.0 5980.0
0.0 1360.0 3860.0 4060.0 6160.0 5600.0 4620.0 3860.0 6360.0 6160.0 6360.0 6160.0 7700.0 4820.0 4060.0 4820.0 6740.0 5200.0 6560.0 3660.0 6160.0 4820.0 6360.0 2900.0 6360.0 5980.0 3280.0 5200.0 6560.0 3660.0 3480.0 4820.0 2900.0 6560.0 8100.0 4620.0 6160.0 6360.0 3480.0 3480.0 5020.0 4620.0 3860.0 5200.0 4240.0 3080.0 4440.0 4440.0 1540.0 3280.0 4620.0 4820.0 0.0 6940.0 4440.0 5200.0 6360.0 3860.0 5400.0 6360.0 6160.0 5200.0 5200.0 2520.0 6740.0 6940.0 7140.0 4820.0 7520.0 2120.0 2520.0 5600.0 6740.0 4620.0 3660.0 2520.0 7700.0 4060.0 4820.0 2320.0 4060.0
0.0 1940.0 4440.0 1160.0 4060.0 4620.0 5020.0 2120.0 3280.0 6940.0 5400.0 3480.0 7520.0 5020.0 4620.0 4240.0 5780.0 5780.0 6360.0 3860.0 4820.0 5020.0 5200.0 3480.0 6560.0 5200.0 4060.0 5400.0 5400.0 5780.0 4060.0 4240.0 3660.0 3080.0 3480.0 5200.0 4820.0 5400.0 4240.0 4240.0 1940.0 5200.0 2900.0 4620.0 7140.0 3480.0 3080.0 5200.0 4820.0 4060.0 5200.0 4060.0 4240.0 0.0 5200.0 2120.0 7140.0 5600.0 2700.0 5200.0 3660.0 5980.0 2120.0 4820.0 6740.0 5980.0 4440.0 2120.0 4440.0 2700.0 3080.0 5600.0 5780.0 1160.0 4440.0 3280.0 6740.0 5020.0 4440.0 2520.0 3280.0
0.0 5780.0 6160.0 5020.0 5020.0 3860.0 5200.0 5980.0 7700.0 7320.0 6940.0 4820.0 6740.0 5020.0 4060.0 3660.0 5020.0 780.0 6740.0 4060.0 5020.0 5200.0 6560.0 4820.0 5780.0 8100.0 3660.0 4820.0 5980.0 3480.0 6160.0 3860.0 4240.0 7140.0 6940.0 6940.0 4240.0 6160.0 6560.0 2320.0 5780.0 4820.0 4620.0 5400.0 7900.0 3480.0 5780.0 6560.0 5780.0 6160.0 5400.0 3860.0 4440.0 7900.0 0.0 4820.0 6560.0 7320.0 1940.0 4820.0 6940.0 4820.0 5980.0 3280.0 6360.0 8100.0 5780.0 5400.0 7320.0 6360.0 6560.0 6360.0 6560.0 5200.0 7900.0 5200.0 7320.0 5020.0 1940.0 4820.0 2700.0
0.0 6360.0 6160.0 6940.0 5020.0 4240.0 5980.0 2320.0 5980.0 6740.0 3480.0 2900.0 7900.0 5980.0 5980.0 4240.0 5400.0 5400.0 7900.0 4820.0 4820.0 5020.0 3080.0 1540.0 6560.0 4240.0 6160.0 5400.0 3860.0 7520.0 4820.0 3280.0 5980.0 5400.0 7900.0 5980.0 4820.0 4820.0 6360.0 4820.0 3480.0 5400.0 2900.0 6360.0 6940.0 4440.0 1160.0 5020.0 7900.0 6160.0 5200.0 3480.0 6560.0 6360.0 6740.0 0.0 6160.0 6360.0 5980.0 4440.0 2900.0 5400.0 6740.0 5400.0 6940.0 6940.0 3860.0 1540.0 3480.0 6160.0 6560.0 5780.0 5980.0 4240.0 7140.0 5020.0 7700.0 4240.0 4440.0 3480.0 3280.0
0.0 3660.0 2900.0 5600.0 4060.0 4620.0 3660.0 4440.0 3080.0 5400.0 2320.0 4620.0 7520.0 4060.0 3080.0 5020.0 5780.0 4240.0 5600.0 3860.0 5400.0 4060.0 5600.0 4820.0 5600.0 5020.0 5780.0 5200.0 5020.0 4240.0 5780.0 5020.0 1940.0 5600.0 2900.0 5400.0 6560.0 5780.0 2520.0 5400.0 4060.0 3480.0 5020.0 4440.0 5600.0 4820.0 3480.0 3480.0 3860.0 5780.0 3080.0 3660.0 2520.0 7520.0 4440.0 4440.0 0.0 5200.0 4820.0 2520.0 4620.0 4240.0 4240.0 4060.0 6560.0 5980.0 5600.0 3280.0 4240.0 1160.0 1540.0 3480.0 5400.0 3660.0 2700.0 1540.0 6740.0 2520.0 5200.0 4060.0 5400.0
0.0 4060.0 6560.0 6360.0 5400.0 5400.0 4240.0 6160.0 6940.0 7520.0 4440.0 4820.0 8280.0 5780.0 5780.0 5600.0 6560.0 5020.0 7900.0 4820.0 7520.0 4820.0 7700.0 5600.0 7700.0 7320.0 5200.0 6940.0 6740.0 5780.0 6160.0 5780.0 5600.0 6740.0 7900.0 5600.0 7140.0 6560.0 6160.0 5600.0 5400.0 3860.0 5980.0 6160.0 7700.0 5400.0 5780.0 6360.0 3660.0 5980.0 6740.0 5600.0 6160.0 8280.0 5020.0 5600.0 5200.0 0.0 6740.0 2700.0 5020.0 5020.0 7320.0 4820.0 8680.0 8480.0 5780.0 3480.0 7520.0 4820.0 5200.0 6360.0 7520.0 4820.0 6360.0 5200.0 9240.0 2700.0 5980.0 4620.0 6360.0
0.0 6560.0 4440.0 6940.0 3280.0 2120.0 4620.0 5400.0 5980.0 5780.0 6560.0 5200.0 5600.0 4820.0 5600.0 1940.0 3280.0 5020.0 5780.0 5200.0 7140.0 3860.0 6160.0 4440.0 4060.0 7320.0 3660.0 3080.0 5980.0 6940.0 5980.0 2120.0 2320.0 7140.0 6160.0 5980.0 2320.0 6160.0 5400.0 2320.0 5600.0 4240.0 5980.0 5200.0 6360.0 6940.0 4060.0 4820.0 6160.0 5200.0 5020.0 3860.0 6160.0 6160.0 5400.0 3080.0 4820.0 5600.0 0.0 3080.0 5400.0 5600.0 7900.0 6940.0 4620.0 7520.0 4620.0 3860.0 6560.0 5780.0 6160.0 5400.0 6940.0 5200.0 6360.0 4620.0 7140.0 3280.0 6360.0 6160.0 980.0
0.0 6160.0 4240.0 6160.0 4440.0 2700.0 1740.0 5020.0 5600.0 4820.0 4820.0 2320.0 5600.0 3280.0 5600.0 3080.0 3860.0 2520.0 5200.0 2120.0 5400.0 2120.0 5200.0 3080.0 5020.0 5780.0 5020.0 4240.0 4060.0 5200.0 4620.0 3080.0 4440.0 4060.0 5400.0 3080.0 5780.0 5600.0 3660.0 3080.0 2900.0 1160.0 5600.0 3660.0 5980.0 4820.0 3080.0 5980.0 4440.0 4620.0 4060.0 5400.0 5020.0 6740.0 2520.0 4240.0 2520.0 5980.0 4240.0 0.0 2320.0 2520.0 6740.0 4620.0 7520.0 5780.0 3280.0 980.0 4820.0 3660.0 4060.0 3660.0 6940.0 2320.0 5200.0 4060.0 6560.0 200.0 3280.0 3860.0 5020.0
0.0 5980.0 5200.0 7700.0 5980.0 5400.0 4620.0 5200.0 7140.0 5400.0 4820.0 4060.0 7520.0 6160.0 7320.0 5200.0 5400.0 5980.0 8100.0 5020.0 4820.0 5020.0 4240.0 5980.0 6940.0 6740.0 6940.0 5780.0 5400.0 8860.0 6940.0 4440.0 6940.0 6740.0 8860.0 8100.0 5980.0 6940.0 3660.0 5600.0 580.0 5780.0 5780.0 6560.0 6940.0 4620.0 2320.0 7320.0 7700.0 7320.0 5200.0 4620.0 7520.0 8100.0 5400.0 5780.0 7320.0 4240.0 5600.0 6360.0 0.0 6560.0 5020.0 6160.0 8280.0 6560.0 3480.0 2700.0 7140.0 6160.0 6560.0 4060.0 6360.0 5980.0 7700.0 5020.0 7320.0 5600.0 6160.0 3860.0 6160.0
0.0 5200.0 5780.0 4240.0 6160.0 4440.0 5020.0 5400.0 7320.0 2520.0 5780.0 5600.0 3280.0 2320.0 3480.0 4620.0 5600.0 200.0 5980.0 5020.0 4440.0 5600.0 5400.0 4820.0 6160.0 3280.0 3080.0 5980.0 5400.0 2900.0 5020.0 4820.0 5780.0 6740.0 6360.0 6160.0 4820.0 5200.0 5200.0 1740.0 4060.0 4240.0 4060.0 2700.0 7900.0 4620.0 5600.0 4060.0 5200.0 5600.0 3080.0 3280.0 3860.0 7900.0 5780.0 4620.0 5980.0 7520.0 4620.0 3480.0 5020.0 0.0 5400.0 2700.0 7900.0 5200.0 6560.0 4240.0 2520.0 5780.0 6160.0 5780.0 5980.0 4820.0 7320.0 4440.0 5980.0 3480.0 1360.0 3860.0 4240.0
0.0 1160.0 3480.0 5400.0 3480.0 2700.0 4240.0 200.0 5020.0 5200.0 3280.0 5200.0 5600.0 4620.0 3660.0 2120.0 3860.0 4820.0 5980.0 3660.0 5400.0 4060.0 4440.0 4620.0 4620.0 6360.0 3080.0 3280.0 5020.0 5020.0 2700.0 2320.0 2700.0 5980.0 6360.0 3860.0 2900.0 3480.0 3280.0 2320.0 1360.0 4060.0 980.0 5020.0 6560.0 4440.0 4240.0 3480.0 2700.0 3080.0 4240.0 1940.0 3280.0 6160.0 4240.0 3280.0 5020.0 5020.0 580.0 3660.0 5200.0 4620.0 0.0 3860.0 4820.0 6560.0 4240.0 3860.0 6160.0 1740.0 2120.0 3660.0 3860.0 4060.0 3480.0 2320.0 7320.0 3080.0 2320.0 3660.0 1160.0
0.0 3660.0 5400.0 1740.0 4060.0 5200.0 5980.0 2700.0 5400.0 5780.0 3860.0 5020.0 6360.0 3480.0 5600.0 2700.0 5980.0 5200.0 6560.0 2320.0 5780.0 3660.0 5020.0 3280.0 5020.0 6940.0 5400.0 3860.0 6360.0 6560.0 3280.0 2700.0 4440.0 4060.0 6560.0 4440.0 5400.0 3860.0 5020.0 4060.0 2520.0 5400.0 1360.0 3860.0 6160.0 6160.0 3660.0 4060.0 5400.0 5020.0 4440.0 2520.0 5020.0 5980.0 6740.0 2700.0 4820.0 6160.0 3080.0 4440.0 4240.0 5200.0 2700.0 0.0 5200.0 6360.0 5200.0 3660.0 6160.0 3660.0 4060.0 5020.0 4240.0 4620.0 5200.0 4060.0 7140.0 4440.0 3660.0 5400.0 1740.0
0.0 5400.0 5200.0 5020.0 5780.0 4060.0 3080.0 6160.0 5200.0 4620.0 6160.0 4240.0 8100.0 4240.0 3860.0 4240.0 5200.0 4440.0 1360.0 3080.0 6740.0 3480.0 5780.0 4060.0 6740.0 7140.0 5980.0 5600.0 1540.0 5200.0 5980.0 4440.0 1540.0 3860.0 7520.0 3280.0 5600.0 6360.0 1940.0 4620.0 4240.0 4240.0 5600.0 4620.0 5980.0 2520.0 4440.0 5980.0 5600.0 5780.0 5020.0 6160.0 4240.0 4060.0 3660.0 5600.0 6360.0 4820.0 5400.0 5020.0 3660.0 5020.0 6160.0 5200.0 0.0 5400.0 5200.0 2900.0 6160.0 3480.0 3860.0 5020.0 7520.0 1940.0 5200.0 4060.0 6160.0 5020.0 4240.0 6160.0 5980.0
0.0 1940.0 4440.0 4620.0 3080.0 4620.0 5200.0 5600.0 2120.0 1940.0 5020.0 3280.0 7140.0 5600.0 4620.0 4620.0 3860.0 5020.0 7140.0 5400.0 7320.0 5400.0 4620.0 5400.0 6360.0 3480.0 780.0 5780.0 7140.0 5780.0 4060.0 4440.0 3480.0 7140.0 5780.0 5200.0 5980.0 4440.0 4060.0 4620.0 5400.0 4240.0 6160.0 5980.0 4440.0 4820.0 5020.0 4240.0 5400.0 3860.0 5200.0 2120.0 4060.0 4240.0 4440.0 4060.0 5600.0 6160.0 5400.0 4240.0 6160.0 5600.0 5400.0 5600.0 7320.0 0.0 4240.0 5020.0 3280.0 2700.0 3080.0 6160.0 7520.0 5200.0 4240.0 3080.0 780.0 4240.0 4240.0 4060.0 3660.0
0.0 5020.0 3080.0 4820.0 4240.0 2520.0 2700.0 5400.0 5200.0 5020.0 6560.0 5020.0 4240.0 4240.0 5600.0 2700.0 1940.0 4060.0 6160.0 3080.0 4060.0 3080.0 6160.0 4060.0 4440.0 5020.0 3860.0 3280.0 3660.0 6940.0 5020.0 2900.0 3480.0 5020.0 6940.0 5780.0 4060.0 7140.0 4620.0 4620.0 4240.0 3860.0 4620.0 4620.0 6940.0 4620.0 4240.0 5020.0 6560.0 5600.0 4240.0 5200.0 5980.0 6160.0 3480.0 3280.0 5400.0 6740.0 5200.0 2900.0 5200.0 5200.0 5780.0 3280.0 8280.0 3080.0 0.0 3660.0 6360.0 5400.0 3860.0 2320.0 5600.0 4060.0 6940.0 4060.0 3860.0 2900.0 4240.0 5600.0 4820.0
0.0 7320.0 5200.0 7140.0 6560.0 4820.0 5020.0 6560.0 7520.0 5400.0 6160.0 1540.0 6560.0 6560.0 7900.0 5200.0 4440.0 5980.0 8480.0 5400.0 6360.0 5600.0 5780.0 6360.0 6940.0 7320.0 6160.0 5600.0 4240.0 7140.0 6560.0 4240.0 5020.0 6560.0 8100.0 7700.0 6560.0 4820.0 5020.0 6740.0 2120.0 4060.0 6940.0 6560.0 8480.0 5200.0 3660.0 6360.0 6560.0 7900.0 4820.0 5780.0 7520.0 6740.0 5780.0 5600.0 5400.0 5780.0 4620.0 5200.0 1540.0 5980.0 6560.0 5600.0 7700.0 5600.0 2520.0 0.0 7140.0 6360.0 6360.0 4620.0 7900.0 4620.0 6940.0 4060.0 6160.0 2900.0 6740.0 5400.0 5400.0
0.0 3080.0 3860.0 5200.0 4060.0 3660.0 2700.0 5980.0 5980.0 5780.0 3480.0 3280.0 6560.0 3860.0 4060.0 4060.0 4820.0 3480.0 5980.0 2900.0 6360.0 3080.0 2900.0 3660.0 3860.0 980.0 5020.0 5200.0 5020.0 6160.0 4620.0 3280.0 4820.0 5020.0 6360.0 4060.0 5200.0 2900.0 4620.0 3280.0 3860.0 2120.0 5020.0 4240.0 6740.0 2320.0 4060.0 1540.0 5200.0 5200.0 4820.0 3480.0 4620.0 6160.0 3280.0 5200.0 3480.0 6940.0 5200.0 980.0 3280.0 3480.0 6160.0 3660.0 5980.0 5400.0 4240.0 1740.0 0.0 3860.0 4240.0 4620.0 6560.0 3280.0 5020.0 4440.0 5980.0 1160.0 4060.0 1540.0 5200.0
0.0 2700.0 1740.0 5600.0 5020.0 3660.0 2520.0 3280.0 5400.0 4240.0 5020.0 4240.0 6560.0 2900.0 1940.0 3860.0 4820.0 3280.0 4620.0 2900.0 5400.0 3080.0 4440.0 3860.0 4620.0 5020.0 4620.0 5200.0 5020.0 3280.0 4820.0 4060.0 980.0 4620.0 7700.0 4440.0 5600.0 6160.0 1540.0 4440.0 2900.0 2520.0 4060.0 3480.0 5600.0 4620.0 2520.0 2520.0 2900.0 4820.0 2700.0 5020.0 1540.0 7140.0 3280.0 5200.0 5400.0 4240.0 3660.0 4620.0 4240.0 3280.0 3280.0 3860.0 7900.0 5020.0 5200.0 2900.0 5780.0 0.0 400.0 3660.0 6940.0 2700.0 1740.0 580.0 5780.0 4620.0 4060.0 3660.0 4240.0
0.0 3860.0 6160.0 5780.0 4620.0 3860.0 3660.0 2900.0 5780.0 5780.0 6160.0 4620.0 7700.0 2520.0 6560.0 4060.0 5020.0 5020.0 7140.0 4060.0 6940.0 4060.0 7140.0 5020.0 4240.0 7700.0 5780.0 5400.0 6560.0 7520.0 5400.0 4240.0 580.0 4240.0 7320.0 6560.0 5200.0 6160.0 5400.0 5020.0 2700.0 3480.0 3660.0 3080.0 7700.0 5600.0 5020.0 2120.0 5600.0 5780.0 3480.0 4820.0 5980.0 6740.0 4240.0 5020.0 7320.0 3860.0 3280.0 4820.0 4820.0 7140.0 2900.0 4240.0 7520.0 5600.0 5600.0 3280.0 6940.0 4620.0 0.0 5600.0 6560.0 2320.0 6160.0 5020.0 6360.0 4820.0 5200.0 4820.0 4060.0
0.0 4620.0 3280.0 5020.0 3280.0 5200.0 4240.0 3860.0 5200.0 7140.0 5200.0 4240.0 4240.0 4240.0 3480.0 5020.0 5020.0 4620.0 5980.0 3080.0 1940.0 4240.0 4820.0 3280.0 3080.0 2900.0 5780.0 1740.0 1540.0 5200.0 5980.0 5020.0 4060.0 2900.0 6160.0 5780.0 5600.0 6360.0 4620.0 3860.0 4440.0 2700.0 4240.0 4620.0 6360.0 2520.0 2900.0 3660.0 5200.0 6560.0 2120.0 5200.0 3860.0 4060.0 5020.0 1740.0 6360.0 6160.0 4240.0 6160.0 4440.0 4620.0 3660.0 5020.0 6160.0 6360.0 5400.0 2900.0 5200.0 3280.0 3480.0 0.0 3480.0 1940.0 4820.0 1940.0 5200.0 5780.0 4240.0 3480.0 4440.0
0.0 4820.0 2700.0 5780.0 4240.0 5600.0 5600.0 6940.0 6160.0 6740.0 3860.0 2700.0 7700.0 4820.0 6940.0 5980.0 1740.0 6360.0 7520.0 3860.0 5980.0 5020.0 5780.0 4820.0 5400.0 7320.0 4620.0 6940.0 4620.0 8480.0 4620.0 5600.0 5600.0 2320.0 6940.0 5780.0 3860.0 5980.0 6360.0 3280.0 3280.0 3480.0 5200.0 3860.0 7320.0 3860.0 3660.0 7140.0 6360.0 6940.0 5780.0 5200.0 7140.0 7320.0 6360.0 5980.0 6560.0 7140.0 4440.0 6560.0 2900.0 6360.0 6940.0 4240.0 7520.0 4820.0 3660.0 1360.0 6560.0 5600.0 5200.0 5980.0 0.0 400.0 7320.0 5200.0 5400.0 4240.0 2900.0 5780.0 5200.0
0.0 7700.0 6160.0 5600.0 3860.0 5780.0 5980.0 6740.0 5780.0 6360.0 5980.0 2520.0 7520.0 7140.0 6560.0 5600.0 5400.0 7140.0 9060.0 5980.0 7320.0 6560.0 5400.0 6940.0 7900.0 6940.0 6940.0 6560.0 4440.0 8100.0 6740.0 5200.0 5600.0 1940.0 6740.0 6160.0 7320.0 5780.0 5980.0 6560.0 3080.0 5020.0 4820.0 3660.0 6940.0 5400.0 3480.0 7320.0 7520.0 8100.0 5780.0 5980.0 7140.0 6940.0 6740.0 5600.0 6360.0 6740.0 5020.0 6160.0 2520.0 6940.0 6740.0 4060.0 8680.0 6160.0 3480.0 1160.0 6160.0 7320.0 7320.0 5600.0 7900.0 0.0 7900.0 5020.0 5780.0 3860.0 7140.0 6360.0 5200.0
0.0 4440.0 6740.0 4060.0 5980.0 5400.0 5600.0 4820.0 7700.0 6360.0 6160.0 4060.0 7140.0 4440.0 2700.0 5200.0 6740.0 4060.0 5400.0 5780.0 6360.0 5980.0 6740.0 5780.0 5600.0 5020.0 4440.0 6360.0 6160.0 1540.0 6360.0 5400.0 2520.0 6160.0 8480.0 5020.0 4060.0 6940.0 5980.0 5600.0 4620.0 5400.0 5600.0 5020.0 7140.0 5200.0 6160.0 4060.0 4440.0 6360.0 5400.0 6740.0 3080.0 7700.0 6160.0 5200.0 7700.0 3660.0 3480.0 5200.0 4240.0 4060.0 4820.0 5600.0 7900.0 7520.0 5200.0 2700.0 4240.0 5020.0 1940.0 4620.0 7900.0 4240.0 0.0 5600.0 7900.0 5200.0 5200.0 5400.0 4240.0
0.0 3480.0 1360.0 5200.0 5780.0 5020.0 6160.0 5780.0 5020.0 7320.0 4440.0 3660.0 7520.0 3480.0 6160.0 5200.0 6160.0 6160.0 8680.0 2520.0 5980.0 3660.0 4060.0 3280.0 7320.0 4440.0 5400.0 6560.0 5780.0 7320.0 5600.0 4240.0 5020.0 7520.0 8480.0 3860.0 5780.0 5780.0 5020.0 4060.0 2520.0 2120.0 6160.0 3860.0 6360.0 5400.0 1940.0 5200.0 6940.0 5600.0 4440.0 4440.0 5600.0 8280.0 6740.0 5980.0 7140.0 6360.0 6740.0 5980.0 3860.0 6160.0 6360.0 5020.0 7520.0 6560.0 4620.0 2320.0 5980.0 4240.0 4620.0 5020.0 7520.0 5600.0 5780.0 0.0 7320.0 5200.0 3660.0 5020.0 6560.0
0.0 4060.0 4060.0 3860.0 2320.0 3860.0 5020.0 4820.0 1360.0 7320.0 5780.0 2520.0 7520.0 5600.0 6560.0 4060.0 3080.0 4440.0 7700.0 4620.0 6560.0 5600.0 5400.0 5600.0 5600.0 2700.0 5200.0 5200.0 7140.0 6360.0 6160.0 4060.0 3860.0 6360.0 5020.0 6360.0 5200.0 5200.0 6160.0 3860.0 4620.0 3480.0 5400.0 6160.0 5200.0 4060.0 5020.0 3480.0 7320.0 5980.0 6560.0 5780.0 6160.0 3480.0 3660.0 5020.0 5980.0 7140.0 4620.0 3480.0 5780.0 5780.0 4620.0 4820.0 7700.0 5400.0 3480.0 4240.0 2520.0 4820.0 4440.0 5600.0 6740.0 4620.0 5020.0 3280.0 0.0 3480.0 3480.0 3280.0 5400.0
0.0 6160.0 5200.0 6940.0 5400.0 4060.0 5600.0 4820.0 5600.0 5980.0 4820.0 2120.0 6740.0 5600.0 5400.0 4240.0 5020.0 3480.0 8100.0 5200.0 6940.0 5980.0 6360.0 5980.0 5020.0 6740.0 6560.0 5600.0 4060.0 6360.0 7320.0 4440.0 4440.0 6360.0 5200.0 7520.0 7140.0 5400.0 5020.0 5200.0 2700.0 1160.0 5600.0 4820.0 8100.0 4620.0 4440.0 5980.0 4240.0 7520.0 5600.0 5980.0 5020.0 6560.0 6360.0 5600.0 2520.0 6560.0 5200.0 4820.0 2320.0 3480.0 6560.0 5400.0 8280.0 6160.0 3080.0 780.0 5980.0 3480.0 3860.0 5400.0 7700.0 4440.0 5200.0 4060.0 6940.0 0.0 4820.0 3860.0 5980.0
0.0 5020.0 4440.0 3080.0 5400.0 5780.0 5400.0 4060.0 6740.0 5780.0 5200.0 4820.0 4820.0 4820.0 6360.0 4060.0 6160.0 6360.0 7320.0 3660.0 3080.0 5020.0 6360.0 4620.0 6360.0 7520.0 1940.0 5200.0 4240.0 7320.0 4620.0 4060.0 4620.0 5400.0 5020.0 5780.0 6740.0 5200.0 4620.0 400.0 3860.0 2900.0 2700.0 5200.0 7700.0 3860.0 5020.0 5400.0 6740.0 4240.0 3480.0 3860.0 5780.0 6740.0 6160.0 4060.0 6160.0 6940.0 4620.0 5780.0 5020.0 6560.0 4060.0 1540.0 6560.0 6740.0 5780.0 3480.0 6940.0 4440.0 4820.0 6360.0 4620.0 4620.0 6160.0 3280.0 6360.0 5780.0 0.0 2900.0 3080.0
0.0 5980.0 4620.0 4060.0 5400.0 3660.0 2700.0 5200.0 6940.0 6360.0 5020.0 5400.0 6940.0 2520.0 6740.0 3860.0 4820.0 3860.0 4620.0 1540.0 5200.0 2700.0 5600.0 2320.0 5600.0 6160.0 4440.0 5200.0 5600.0 6560.0 5200.0 4060.0 4620.0 6360.0 6560.0 6360.0 3860.0 6360.0 4060.0 1940.0 4440.0 5400.0 3660.0 2900.0 5400.0 980.0 3660.0 5980.0 7700.0 5020.0 3480.0 4820.0 7320.0 7700.0 3280.0 5020.0 7140.0 7140.0 5020.0 4620.0 5600.0 3860.0 5020.0 2520.0 4620.0 5600.0 6360.0 4060.0 6160.0 5980.0 4060.0 4060.0 6740.0 5980.0 7320.0 3480.0 6360.0 4620.0 2700.0 0.0 4060.0
0.0 5780.0 5020.0 6160.0 2520.0 5780.0 5400.0 4440.0 5600.0 7140.0 5780.0 5020.0 4820.0 4060.0 6560.0 980.0 5600.0 6940.0 5020.0 5980.0 6160.0 2900.0 5200.0 3660.0 3480.0 6360.0 5020.0 2320.0 5020.0 6940.0 5400.0 1160.0 4060.0 7140.0 5200.0 6560.0 6560.0 5780.0 4440.0 4620.0 5600.0 4240.0 5200.0 4440.0 5400.0 6160.0 3280.0 4060.0 5600.0 4240.0 4060.0 3480.0 6360.0 6940.0 6160.0 2320.0 3860.0 7320.0 7520.0 6360.0 5020.0 6940.0 7140.0 5980.0 3660.0 6740.0 3660.0 3660.0 5600.0 5020.0 5400.0 4440.0 7700.0 5600.0 5400.0 5400.0 7520.0 5200.0 6740.0 5780.0 0.0
