50 4
405 2420 10 7
305 2585 2 3
415 2810 8 4
5 2410 3 5
455 2295 1 1
340 2415 10 10
350 2790 2 5
180 2645 6 7
335 2805 9 9
475 2525 8 9
210 2760 4 10
20 2555 6 1
200 2375 9 4
460 2660 2 2
120 2645 7 10
60 2350 2 8
265 2600 6 1
230 2360 1 5
35 2655 4 5
285 2505 4 4
335 2865 3 2
445 2495 2 4
225 2635 10 3
130 2530 9 4
295 2525 4 3
450 2535 10 8
305 2450 1 6
490 2665 6 10
90 2675 3 4
305 2750 7 10
195 2605 7 2
205 2615 5 9
265 2445 8 1
260 2805 4 3
175 2695 7 10
75 2610 1 9
430 2760 5 4
290 2615 10 2
320 2670 6 8
350 2810 4 3
280 2630 9 6
45 2915 2 5
55 2575 1 4
235 2385 8 10
80 2885 3 9
400 2875 9 4
130 2550 9 8
385 2830 9 8
185 2490 10 5
425 2595 2 9
SETUP
0 65 80 45 75 45 40 45 55 80 75 75 70 75 70 65 85 65 85 65 75 55 70 30 70 55 40 45 85 90 75 35 40 55 70 45 40 60 80 55 40 45 55 85 50 45 65 55 70 65 55
0 0 75 40 55 25 40 45 35 15 35 75 40 75 70 25 85 5 55 65 70 35 50 30 45 45 40 45 25 70 45 35 40 55 5 45 40 55 60 55 40 45 55 85 50 25 35 55 65 65 30
0 65 0 45 75 45 40 45 55 70 75 75 70 75 70 65 85 65 85 50 75 55 70 30 70 55 40 45 85 90 75 35 40 55 60 45 40 60 80 55 40 45 55 35 50 45 65 55 70 65 55
0 65 80 0 75 45 40 45 55 80 75 75 70 55 70 65 70 65 40 25 70 55 70 30 65 55 40 45 85 90 75 35 40 55 70 45 40 60 80 55 40 45 55 85 50 45 65 55 70 65 55
0 65 80 45 0 45 40 45 55 80 75 75 70 75 70 65 85 65 85 65 75 55 70 30 70 55 40 45 85 90 75 35 40 55 70 45 40 60 80 55 40 45 55 85 50 45 65 55 70 65 55
0 35 60 45 30 0 20 45 45 50 45 55 25 75 45 45 75 40 65 55 65 10 25 30 60 20 30 35 60 80 65 35 35 35 40 45 20 30 35 50 40 35 55 65 40 0 45 45 65 45 35
0 55 40 45 35 45 0 45 40 45 75 75 70 75 70 65 80 60 85 60 75 55 70 30 45 55 35 40 80 75 70 35 40 55 35 45 40 60 50 55 40 40 55 75 45 45 65 50 70 25 55
0 65 80 45 75 45 40 0 55 55 40 60 70 75 70 30 85 65 70 65 30 55 70 30 55 55 40 45 60 90 70 35 40 55 45 45 40 60 80 55 40 45 55 85 50 45 45 55 70 35 55
0 65 80 45 75 45 40 35 0 50 45 60 70 75 70 35 70 65 65 65 65 55 60 30 70 55 40 45 65 35 70 35 35 55 70 45 40 60 40 55 40 45 55 70 50 45 60 55 50 65 55
0 65 80 45 75 45 40 45 55 0 75 60 70 75 70 65 85 65 45 65 75 55 70 30 30 55 40 45 85 90 70 35 40 55 70 45 40 60 80 50 40 45 55 85 50 45 65 55 70 65 55
0 65 80 45 65 45 40 45 55 65 0 75 60 75 35 65 85 65 60 55 55 45 70 30 70 55 40 45 20 90 75 35 40 55 70 45 40 60 70 55 40 45 55 85 50 35 65 55 70 65 55
0 55 65 25 55 40 35 45 55 50 60 0 50 60 60 50 50 30 10 30 75 40 65 25 35 35 5 10 50 90 10 30 35 45 40 40 40 45 65 25 40 10 55 60 15 40 60 20 40 40 55
0 60 50 25 45 40 10 45 50 55 50 65 0 60 40 50 50 30 60 30 70 0 30 25 35 45 5 10 50 80 40 30 25 45 45 35 40 20 25 45 40 10 55 60 15 40 50 20 40 35 50
0 60 40 45 75 45 40 45 55 75 40 75 70 0 70 30 85 65 85 65 75 55 70 30 70 50 40 45 30 90 75 35 40 55 65 40 40 60 65 50 40 45 55 75 50 45 65 55 70 65 20
0 65 60 20 30 45 20 45 25 65 45 55 25 75 0 45 75 55 25 20 65 10 40 30 60 55 30 35 65 60 65 35 35 35 55 45 20 30 35 55 40 35 25 60 40 0 45 45 60 45 35
0 65 80 45 75 45 40 45 55 75 10 75 70 75 45 0 85 65 70 65 45 55 70 30 70 55 40 45 30 90 75 35 40 55 70 45 40 60 80 55 40 45 55 85 35 45 65 55 65 65 55
0 65 75 35 45 45 35 45 55 50 70 70 40 65 60 60 0 40 15 15 60 25 55 30 55 55 25 20 60 65 60 35 40 50 60 45 35 45 50 55 40 30 55 70 35 15 60 30 50 50 50
0 65 80 45 75 45 40 45 55 45 30 75 35 75 65 20 85 0 50 65 65 35 65 30 70 55 40 45 20 90 75 35 40 55 70 45 40 55 60 55 40 45 55 80 50 45 65 55 60 65 55
0 65 70 30 60 45 40 45 55 60 60 70 50 50 65 55 55 35 0 35 75 50 60 30 40 40 10 15 55 90 45 35 40 50 55 30 40 50 70 40 40 15 55 55 20 45 65 25 35 45 55
0 65 75 45 70 45 40 45 55 80 75 75 65 75 70 65 85 65 75 0 45 50 70 30 70 55 40 45 85 90 75 35 40 55 70 45 40 60 75 55 40 45 55 85 40 40 65 55 70 65 55
0 65 80 45 75 45 40 45 55 80 45 65 70 75 70 65 85 65 75 65 0 55 70 30 70 55 40 45 65 85 50 35 40 55 70 45 40 55 80 55 40 45 55 85 50 45 65 55 65 65 55
0 65 50 40 45 45 10 45 50 55 50 75 15 75 40 60 65 45 65 45 70 0 30 30 50 45 20 25 65 85 55 35 25 55 45 35 40 20 25 45 40 25 55 75 30 40 50 35 55 35 50
0 65 45 25 75 45 40 45 45 80 65 65 70 75 70 55 85 35 65 50 75 55 0 30 35 55 40 45 55 80 75 35 40 55 70 45 40 60 80 25 40 10 55 80 50 45 40 55 70 65 55
0 35 50 30 45 15 10 45 50 50 50 70 40 65 60 40 55 35 65 35 75 25 40 0 40 35 10 15 55 85 45 5 10 50 40 40 35 45 50 50 40 15 55 65 20 15 35 25 45 35 30
0 60 60 45 55 25 40 45 55 65 70 30 50 75 70 65 80 55 40 60 45 35 50 30 0 45 35 40 75 90 40 35 40 55 65 45 40 55 60 20 40 40 55 60 45 25 65 50 40 65 55
0 65 80 35 50 45 40 45 55 80 75 75 70 75 70 65 55 65 45 60 75 55 70 30 55 0 40 45 85 90 75 35 40 45 70 45 40 60 80 55 40 30 55 45 50 45 65 55 70 65 55
0 55 70 20 50 35 30 45 55 55 55 60 45 55 55 45 45 25 55 25 70 45 60 20 30 55 0 5 45 90 35 25 30 40 45 45 40 40 70 50 40 5 55 55 10 35 55 15 35 35 50
0 60 70 15 75 45 40 45 55 50 50 75 55 50 55 40 40 20 50 40 75 55 70 30 50 55 40 0 40 90 75 35 40 50 40 45 40 35 80 50 40 45 55 50 50 45 65 10 30 30 55
0 65 80 45 75 45 40 45 55 45 75 75 70 75 70 65 85 65 85 65 75 55 70 30 70 55 40 45 0 90 75 35 40 55 70 45 40 60 80 55 40 45 55 85 50 45 65 55 70 65 55
0 65 80 45 75 45 40 45 55 80 50 75 70 75 55 40 35 65 30 50 50 55 50 30 70 50 40 45 70 0 75 35 40 55 70 40 40 60 5 50 40 45 55 75 50 45 65 55 65 65 55
0 50 80 45 75 45 40 45 55 40 75 75 70 75 70 65 80 55 35 65 75 55 70 30 70 25 40 45 75 90 0 35 40 55 30 45 40 60 80 55 40 45 55 70 50 45 65 55 70 65 55
0 30 45 25 40 10 5 45 45 45 50 65 35 60 55 40 50 30 60 30 75 20 35 25 35 30 5 10 50 80 40 0 5 45 35 35 30 40 45 45 40 10 55 60 15 10 30 20 40 30 30
0 65 75 45 75 45 40 45 55 80 45 75 70 75 70 35 85 65 85 65 75 55 70 30 70 40 40 45 65 85 75 35 0 55 70 30 40 60 70 40 40 45 55 80 50 45 25 55 70 65 25
0 55 80 45 75 45 40 35 50 45 30 75 70 60 65 20 80 60 85 65 65 55 70 30 45 40 40 45 50 85 75 35 40 0 35 30 40 60 55 40 40 45 50 80 50 45 65 55 70 25 10
0 20 80 35 50 20 40 45 30 10 45 70 45 75 65 35 85 25 55 60 75 30 45 30 40 40 40 45 45 65 65 35 40 55 0 45 40 50 55 55 40 45 55 85 50 20 55 55 70 65 25
0 65 50 45 60 45 40 45 45 80 50 75 65 75 65 40 65 45 55 65 70 50 70 30 45 10 40 45 65 80 75 35 40 55 70 0 40 60 75 10 40 40 55 50 50 40 55 55 70 65 30
0 65 50 45 40 45 10 45 50 55 35 65 35 65 55 25 85 45 75 65 70 20 50 30 55 45 40 45 55 85 45 35 40 15 45 35 0 40 45 45 35 45 55 85 50 10 55 55 70 35 15
0 65 35 45 65 45 40 45 55 80 30 75 60 75 35 65 85 65 60 55 75 45 70 30 70 55 40 45 50 90 75 35 40 55 70 45 40 0 70 55 40 45 55 60 50 35 35 55 70 65 55
0 65 80 45 75 45 40 45 55 80 75 75 70 75 70 65 85 65 85 65 45 55 70 30 70 55 40 45 85 90 75 35 40 55 70 45 40 55 0 55 40 45 55 70 50 45 65 55 70 65 55
0 65 40 45 60 45 40 45 55 80 65 75 55 75 55 55 85 35 80 65 60 40 70 30 70 55 40 45 55 90 75 35 40 55 70 45 40 60 65 0 40 45 55 75 50 30 65 55 70 65 55
0 60 50 45 40 45 10 45 50 50 35 35 35 65 55 25 75 45 45 55 70 20 50 30 55 45 30 35 55 85 45 35 30 15 40 35 0 20 45 45 0 35 55 80 40 10 55 45 65 35 15
0 65 80 45 75 45 40 45 55 80 65 55 70 75 70 55 85 65 65 65 70 55 70 30 25 55 40 45 70 90 65 35 40 55 70 45 40 60 80 45 40 0 55 85 50 45 65 55 65 65 45
0 65 80 45 55 45 40 35 0 50 20 60 50 75 55 35 70 50 35 55 65 35 60 30 70 55 40 35 40 35 70 35 35 55 60 45 40 55 40 55 40 45 0 35 50 25 60 45 50 65 55
0 45 70 45 50 45 40 25 40 35 60 75 70 75 70 50 85 50 70 45 55 55 70 30 65 55 40 45 70 75 75 35 40 55 25 45 40 35 80 55 40 45 55 0 50 45 50 55 70 60 40
0 45 60 40 55 25 20 45 55 55 60 70 35 75 70 50 65 45 75 40 60 35 50 10 40 45 20 25 65 90 55 15 20 30 50 45 40 55 60 50 40 15 55 50 0 25 45 35 30 45 40
0 65 60 45 30 45 20 45 45 65 55 55 25 75 45 45 75 55 65 55 75 10 40 30 60 55 30 35 75 80 65 35 35 35 55 45 20 30 35 55 40 35 55 85 40 0 45 45 65 45 35
0 65 80 45 75 45 40 45 55 60 75 75 70 75 70 65 85 65 85 65 75 55 70 30 70 55 40 45 85 60 75 35 40 55 50 45 40 60 65 55 40 45 55 85 50 45 0 55 70 65 55
0 50 60 45 75 45 40 45 55 40 55 70 70 75 45 65 30 55 45 45 75 55 70 30 40 55 40 45 75 90 75 35 40 55 30 45 40 25 75 40 40 45 55 40 50 45 60 0 20 20 55
0 60 60 45 70 45 40 45 55 25 75 75 70 75 70 65 85 55 70 40 75 55 70 30 55 40 40 45 75 90 70 35 40 55 45 45 40 55 80 20 40 45 55 20 50 45 65 55 0 40 55
0 30 80 40 60 30 40 45 40 20 55 50 50 75 70 45 55 35 60 65 65 40 55 30 20 50 40 45 55 75 60 35 40 55 10 45 40 60 65 40 40 45 55 70 50 30 65 55 60 0 35
0 65 70 45 65 45 40 45 40 80 20 75 70 50 55 10 85 65 75 65 55 55 70 30 65 30 40 45 40 75 75 35 40 50 70 20 40 60 45 30 40 45 40 70 45 45 65 55 70 65 0
