40 3
2040 0 0 6 2
288 4862 4862 8 4
95 7546 7546 7 10
1440 1430 1430 1 7
168 680 680 8 2
238 2128 2128 4 5
391 2368 2368 10 10
816 900 900 10 5
1680 8328 8328 7 10
1900 3200 3200 8 6
990 5472 5472 6 8
1184 3576 3576 9 7
1750 4374 4374 7 8
1140 1156 1156 1 1
1078 6026 6026 5 2
1536 3458 3458 7 2
1445 0 0 7 7
1122 770 770 10 6
1258 0 0 9 7
1653 4026 4026 4 6
915 1335 1335 4 3
378 4850 4850 8 7
324 0 0 3 7
609 5066 5066 7 4
900 3439 3439 10 7
912 4710 4710 1 4
1254 4446 4446 10 8
1350 5661 5661 3 10
1909 784 784 2 9
780 4220 4220 6 8
954 1188 1188 9 6
1377 0 0 3 3
1575 6498 6498 1 6
1173 3135 3135 2 2
1634 3078 3078 8 8
342 3266 3266 7 4
1410 0 0 8 9
1403 7656 7656 8 7
960 80 80 2 6
558 4064 4064 4 1
SETUP
0 176 254 254 196 196 196 196 196 176 118 157 215 254 235 215 157 137 235 176 176 235 59 98 157 157 176 157 157 176 196 176 215 59 79 235 157 176 157 196 176
0 0 254 820 742 781 722 157 742 801 683 176 742 683 703 703 176 196 781 742 664 801 644 176 742 176 742 176 664 742 762 781 235 79 664 176 137 644 79 762 742
0 59 0 722 703 664 722 196 762 683 722 157 742 742 742 683 118 98 820 762 722 762 664 157 722 176 586 176 722 742 742 762 215 118 683 137 176 703 98 683 742
0 762 742 0 157 79 118 625 683 176 722 742 137 722 762 176 781 722 781 196 644 118 664 683 762 722 157 742 586 664 644 176 801 683 683 781 762 722 683 176 157
0 742 722 215 0 118 215 742 664 215 742 742 196 820 781 196 762 762 781 196 683 157 703 722 722 664 137 664 742 664 683 157 840 703 722 703 801 722 683 215 196
0 820 840 293 215 0 157 762 781 196 762 801 196 762 801 137 781 781 820 215 703 176 722 742 742 801 254 801 722 801 742 215 722 722 742 742 801 762 722 215 196
0 683 762 196 157 137 0 742 703 98 644 762 196 762 742 157 683 644 742 157 742 157 742 586 742 664 176 722 742 683 683 196 722 683 683 722 664 722 742 79 137
0 137 118 742 742 683 742 0 625 742 703 137 781 781 742 722 235 176 742 722 722 703 664 157 762 196 664 196 683 625 664 683 196 98 664 196 196 664 79 742 683
0 664 742 683 762 722 703 664 0 722 98 644 722 176 118 664 742 683 137 722 118 762 40 722 137 703 625 703 98 98 157 644 801 625 59 722 722 157 605 722 742
0 683 683 235 137 118 98 664 683 0 703 664 98 664 644 79 722 703 801 157 683 176 703 683 703 683 118 781 722 683 703 176 762 722 644 683 722 703 722 157 118
0 742 781 722 664 762 664 683 157 762 0 722 742 215 274 683 781 742 137 683 196 801 196 683 176 722 722 722 137 157 196 781 742 703 157 722 625 137 762 722 664
0 40 98 722 683 664 625 118 605 644 605 0 742 703 722 703 176 59 722 722 683 683 644 79 722 137 644 137 683 586 644 664 196 79 644 176 98 664 59 683 683
0 703 703 176 40 118 176 586 644 176 683 683 0 722 742 176 722 722 742 59 683 157 664 722 722 703 118 703 644 625 683 118 664 644 664 703 722 625 664 79 40
0 762 742 742 664 664 801 762 118 762 157 742 801 0 176 762 781 742 137 703 196 703 157 781 215 722 722 742 157 98 98 742 742 703 157 762 625 137 722 722 664
0 742 742 762 644 703 722 625 118 703 59 722 625 196 0 683 722 683 176 664 40 722 59 664 157 605 722 703 98 98 118 722 722 644 20 742 683 98 703 683 644
0 703 742 196 98 157 40 644 664 137 664 683 79 781 762 0 664 664 762 118 742 196 703 625 644 683 137 742 664 683 722 118 742 683 703 625 683 644 683 98 98
0 215 196 722 605 722 781 215 703 820 742 196 762 801 762 762 0 235 801 722 722 742 683 196 722 137 742 137 722 683 703 742 196 137 722 176 235 722 118 742 742
0 137 137 781 644 703 683 137 722 605 722 118 683 703 683 664 157 0 820 742 683 762 703 137 683 79 722 79 742 703 722 742 215 137 683 137 176 722 176 742 703
0 722 664 625 742 683 722 664 157 742 137 781 742 196 235 781 781 722 0 664 118 703 137 683 196 703 683 703 59 137 118 762 722 683 137 742 605 98 722 683 644
0 703 722 176 98 98 118 644 664 157 625 683 118 722 742 157 703 703 742 0 722 137 664 664 664 703 137 762 586 664 644 137 683 586 605 644 683 586 644 40 40
0 722 781 781 742 742 742 722 157 762 79 683 801 235 254 742 722 742 196 703 0 781 40 742 118 664 762 664 137 137 176 683 801 605 59 762 703 137 742 722 722
0 762 840 196 176 215 176 742 762 157 644 762 215 820 742 157 801 781 781 196 722 0 664 762 762 762 235 762 703 781 762 235 820 664 683 762 703 762 644 215 176
0 683 762 762 722 742 722 722 137 742 59 664 781 235 254 742 703 722 176 683 137 781 0 722 98 664 742 664 98 137 176 703 781 586 40 742 683 118 722 703 703
0 98 176 820 683 683 742 157 762 644 762 176 742 742 722 703 98 59 801 781 722 722 722 0 742 79 762 137 742 742 683 781 137 157 722 176 196 722 157 801 762
0 644 683 742 644 703 683 644 98 703 40 644 722 157 215 722 625 683 176 625 176 742 137 703 0 644 683 742 79 79 137 625 683 625 79 683 664 59 683 644 605
0 176 235 840 703 664 722 215 742 781 742 157 840 820 840 781 274 196 820 840 781 703 762 176 820 0 781 235 742 722 664 801 215 215 781 254 235 742 196 801 840
0 625 801 157 196 176 196 742 742 215 722 762 176 722 742 157 742 762 820 176 722 215 664 703 703 742 0 742 722 742 742 196 781 664 683 683 762 703 664 118 176
0 98 176 781 703 664 703 137 683 683 644 79 781 781 762 762 176 137 762 722 605 703 625 157 722 20 722 0 683 664 664 722 215 59 644 235 137 664 137 742 703
0 742 722 781 722 722 664 625 98 742 176 742 703 157 215 762 762 722 215 742 176 703 137 664 235 722 703 742 0 98 157 722 801 703 157 801 762 137 703 722 722
0 664 644 703 762 644 703 664 20 703 118 644 742 176 137 683 762 703 137 742 137 664 59 683 157 722 625 722 98 0 59 644 801 625 79 722 722 176 625 722 742
0 742 820 801 781 586 722 703 176 762 137 722 762 215 215 703 781 781 254 781 137 625 137 742 176 722 781 801 157 176 0 801 742 703 157 742 742 196 683 781 781
0 605 683 137 137 98 79 605 625 98 625 586 176 683 722 157 762 644 742 176 703 137 664 664 742 703 98 703 703 605 664 0 722 664 644 762 683 683 644 137 137
0 196 137 781 722 722 801 235 722 801 762 235 781 625 742 801 235 215 742 742 762 683 762 254 801 176 703 176 762 722 703 781 0 176 742 235 98 742 196 683 703
0 118 196 762 722 742 722 157 703 742 625 98 781 801 801 722 157 157 742 742 781 781 742 157 781 137 742 215 664 683 742 742 215 0 586 196 98 722 157 762 703
0 801 742 859 742 801 742 703 176 801 157 820 781 215 293 820 722 762 254 762 254 781 215 742 293 781 742 820 79 176 235 801 820 781 0 840 781 137 781 801 801
0 98 137 762 644 703 703 59 683 664 625 79 625 742 742 722 59 79 742 644 742 742 722 20 586 79 703 137 625 664 683 644 137 79 664 0 118 586 137 664 625
0 196 176 683 722 722 742 137 683 703 664 176 742 722 781 762 196 118 644 644 703 762 722 157 722 118 722 118 664 722 722 742 118 79 664 137 0 644 157 664 605
0 762 742 762 664 742 683 644 118 762 59 742 722 176 196 722 781 742 176 742 196 722 157 683 215 742 722 762 40 118 157 742 762 722 176 762 683 0 722 742 703
0 137 196 762 722 742 664 118 683 742 644 118 703 762 664 644 157 137 762 683 644 762 586 137 683 118 722 118 625 703 762 722 215 20 605 118 118 683 0 722 703
0 722 703 157 254 79 196 722 644 196 742 703 235 742 762 176 820 762 762 235 742 98 683 742 762 762 118 781 722 644 625 137 683 683 683 781 781 801 664 0 235
0 742 762 196 137 118 157 664 664 196 664 722 157 683 762 196 742 742 762 40 762 157 683 683 683 742 137 781 625 683 683 157 644 625 644 683 703 605 683 59 0
SETUP_COST
0.0 3520.0 5080.0 5080.0 3920.0 3920.0 3920.0 3920.0 3920.0 3520.0 2360.0 3140.0 4300.0 5080.0 4700.0 4300.0 3140.0 2740.0 4700.0 3520.0 3520.0 4700.0 1180.0 1960.0 3140.0 3140.0 3520.0 3140.0 3140.0 3520.0 3920.0 3520.0 4300.0 1180.0 1580.0 4700.0 3140.0 3520.0 3140.0 3920.0 3520.0
0.0 0.0 5080.0 16400.0 14840.0 15620.0 14440.0 3140.0 14840.0 16020.0 13660.0 3520.0 14840.0 13660.0 14060.0 14060.0 3520.0 3920.0 15620.0 14840.0 13280.0 16020.0 12880.0 3520.0 14840.0 3520.0 14840.0 3520.0 13280.0 14840.0 15240.0 15620.0 4700.0 1580.0 13280.0 3520.0 2740.0 12880.0 1580.0 15240.0 14840.0
0.0 1180.0 0.0 14440.0 14060.0 13280.0 14440.0 3920.0 15240.0 13660.0 14440.0 3140.0 14840.0 14840.0 14840.0 13660.0 2360.0 1960.0 16400.0 15240.0 14440.0 15240.0 13280.0 3140.0 14440.0 3520.0 11720.0 3520.0 14440.0 14840.0 14840.0 15240.0 4300.0 2360.0 13660.0 2740.0 3520.0 14060.0 1960.0 13660.0 14840.0
0.0 15240.0 14840.0 0.0 3140.0 1580.0 2360.0 12500.0 13660.0 3520.0 14440.0 14840.0 2740.0 14440.0 15240.0 3520.0 15620.0 14440.0 15620.0 3920.0 12880.0 2360.0 13280.0 13660.0 15240.0 14440.0 3140.0 14840.0 11720.0 13280.0 12880.0 3520.0 16020.0 13660.0 13660.0 15620.0 15240.0 14440.0 13660.0 3520.0 3140.0
0.0 14840.0 14440.0 4300.0 0.0 2360.0 4300.0 14840.0 13280.0 4300.0 14840.0 14840.0 3920.0 16400.0 15620.0 3920.0 15240.0 15240.0 15620.0 3920.0 13660.0 3140.0 14060.0 14440.0 14440.0 13280.0 2740.0 13280.0 14840.0 13280.0 13660.0 3140.0 16800.0 14060.0 14440.0 14060.0 16020.0 14440.0 13660.0 4300.0 3920.0
0.0 16400.0 16800.0 5860.0 4300.0 0.0 3140.0 15240.0 15620.0 3920.0 15240.0 16020.0 3920.0 15240.0 16020.0 2740.0 15620.0 15620.0 16400.0 4300.0 14060.0 3520.0 14440.0 14840.0 14840.0 16020.0 5080.0 16020.0 14440.0 16020.0 14840.0 4300.0 14440.0 14440.0 14840.0 14840.0 16020.0 15240.0 14440.0 4300.0 3920.0
0.0 13660.0 15240.0 3920.0 3140.0 2740.0 0.0 14840.0 14060.0 1960.0 12880.0 15240.0 3920.0 15240.0 14840.0 3140.0 13660.0 12880.0 14840.0 3140.0 14840.0 3140.0 14840.0 11720.0 14840.0 13280.0 3520.0 14440.0 14840.0 13660.0 13660.0 3920.0 14440.0 13660.0 13660.0 14440.0 13280.0 14440.0 14840.0 1580.0 2740.0
0.0 2740.0 2360.0 14840.0 14840.0 13660.0 14840.0 0.0 12500.0 14840.0 14060.0 2740.0 15620.0 15620.0 14840.0 14440.0 4700.0 3520.0 14840.0 14440.0 14440.0 14060.0 13280.0 3140.0 15240.0 3920.0 13280.0 3920.0 13660.0 12500.0 13280.0 13660.0 3920.0 1960.0 13280.0 3920.0 3920.0 13280.0 1580.0 14840.0 13660.0
0.0 13280.0 14840.0 13660.0 15240.0 14440.0 14060.0 13280.0 0.0 14440.0 1960.0 12880.0 14440.0 3520.0 2360.0 13280.0 14840.0 13660.0 2740.0 14440.0 2360.0 15240.0 800.0 14440.0 2740.0 14060.0 12500.0 14060.0 1960.0 1960.0 3140.0 12880.0 16020.0 12500.0 1180.0 14440.0 14440.0 3140.0 12100.0 14440.0 14840.0
0.0 13660.0 13660.0 4700.0 2740.0 2360.0 1960.0 13280.0 13660.0 0.0 14060.0 13280.0 1960.0 13280.0 12880.0 1580.0 14440.0 14060.0 16020.0 3140.0 13660.0 3520.0 14060.0 13660.0 14060.0 13660.0 2360.0 15620.0 14440.0 13660.0 14060.0 3520.0 15240.0 14440.0 12880.0 13660.0 14440.0 14060.0 14440.0 3140.0 2360.0
0.0 14840.0 15620.0 14440.0 13280.0 15240.0 13280.0 13660.0 3140.0 15240.0 0.0 14440.0 14840.0 4300.0 5480.0 13660.0 15620.0 14840.0 2740.0 13660.0 3920.0 16020.0 3920.0 13660.0 3520.0 14440.0 14440.0 14440.0 2740.0 3140.0 3920.0 15620.0 14840.0 14060.0 3140.0 14440.0 12500.0 2740.0 15240.0 14440.0 13280.0
0.0 800.0 1960.0 14440.0 13660.0 13280.0 12500.0 2360.0 12100.0 12880.0 12100.0 0.0 14840.0 14060.0 14440.0 14060.0 3520.0 1180.0 14440.0 14440.0 13660.0 13660.0 12880.0 1580.0 14440.0 2740.0 12880.0 2740.0 13660.0 11720.0 12880.0 13280.0 3920.0 1580.0 12880.0 3520.0 1960.0 13280.0 1180.0 13660.0 13660.0
0.0 14060.0 14060.0 3520.0 800.0 2360.0 3520.0 11720.0 12880.0 3520.0 13660.0 13660.0 0.0 14440.0 14840.0 3520.0 14440.0 14440.0 14840.0 1180.0 13660.0 3140.0 13280.0 14440.0 14440.0 14060.0 2360.0 14060.0 12880.0 12500.0 13660.0 2360.0 13280.0 12880.0 13280.0 14060.0 14440.0 12500.0 13280.0 1580.0 800.0
0.0 15240.0 14840.0 14840.0 13280.0 13280.0 16020.0 15240.0 2360.0 15240.0 3140.0 14840.0 16020.0 0.0 3520.0 15240.0 15620.0 14840.0 2740.0 14060.0 3920.0 14060.0 3140.0 15620.0 4300.0 14440.0 14440.0 14840.0 3140.0 1960.0 1960.0 14840.0 14840.0 14060.0 3140.0 15240.0 12500.0 2740.0 14440.0 14440.0 13280.0
0.0 14840.0 14840.0 15240.0 12880.0 14060.0 14440.0 12500.0 2360.0 14060.0 1180.0 14440.0 12500.0 3920.0 0.0 13660.0 14440.0 13660.0 3520.0 13280.0 800.0 14440.0 1180.0 13280.0 3140.0 12100.0 14440.0 14060.0 1960.0 1960.0 2360.0 14440.0 14440.0 12880.0 400.0 14840.0 13660.0 1960.0 14060.0 13660.0 12880.0
0.0 14060.0 14840.0 3920.0 1960.0 3140.0 800.0 12880.0 13280.0 2740.0 13280.0 13660.0 1580.0 15620.0 15240.0 0.0 13280.0 13280.0 15240.0 2360.0 14840.0 3920.0 14060.0 12500.0 12880.0 13660.0 2740.0 14840.0 13280.0 13660.0 14440.0 2360.0 14840.0 13660.0 14060.0 12500.0 13660.0 12880.0 13660.0 1960.0 1960.0
0.0 4300.0 3920.0 14440.0 12100.0 14440.0 15620.0 4300.0 14060.0 16400.0 14840.0 3920.0 15240.0 16020.0 15240.0 15240.0 0.0 4700.0 16020.0 14440.0 14440.0 14840.0 13660.0 3920.0 14440.0 2740.0 14840.0 2740.0 14440.0 13660.0 14060.0 14840.0 3920.0 2740.0 14440.0 3520.0 4700.0 14440.0 2360.0 14840.0 14840.0
0.0 2740.0 2740.0 15620.0 12880.0 14060.0 13660.0 2740.0 14440.0 12100.0 14440.0 2360.0 13660.0 14060.0 13660.0 13280.0 3140.0 0.0 16400.0 14840.0 13660.0 15240.0 14060.0 2740.0 13660.0 1580.0 14440.0 1580.0 14840.0 14060.0 14440.0 14840.0 4300.0 2740.0 13660.0 2740.0 3520.0 14440.0 3520.0 14840.0 14060.0
0.0 14440.0 13280.0 12500.0 14840.0 13660.0 14440.0 13280.0 3140.0 14840.0 2740.0 15620.0 14840.0 3920.0 4700.0 15620.0 15620.0 14440.0 0.0 13280.0 2360.0 14060.0 2740.0 13660.0 3920.0 14060.0 13660.0 14060.0 1180.0 2740.0 2360.0 15240.0 14440.0 13660.0 2740.0 14840.0 12100.0 1960.0 14440.0 13660.0 12880.0
0.0 14060.0 14440.0 3520.0 1960.0 1960.0 2360.0 12880.0 13280.0 3140.0 12500.0 13660.0 2360.0 14440.0 14840.0 3140.0 14060.0 14060.0 14840.0 0.0 14440.0 2740.0 13280.0 13280.0 13280.0 14060.0 2740.0 15240.0 11720.0 13280.0 12880.0 2740.0 13660.0 11720.0 12100.0 12880.0 13660.0 11720.0 12880.0 800.0 800.0
0.0 14440.0 15620.0 15620.0 14840.0 14840.0 14840.0 14440.0 3140.0 15240.0 1580.0 13660.0 16020.0 4700.0 5080.0 14840.0 14440.0 14840.0 3920.0 14060.0 0.0 15620.0 800.0 14840.0 2360.0 13280.0 15240.0 13280.0 2740.0 2740.0 3520.0 13660.0 16020.0 12100.0 1180.0 15240.0 14060.0 2740.0 14840.0 14440.0 14440.0
0.0 15240.0 16800.0 3920.0 3520.0 4300.0 3520.0 14840.0 15240.0 3140.0 12880.0 15240.0 4300.0 16400.0 14840.0 3140.0 16020.0 15620.0 15620.0 3920.0 14440.0 0.0 13280.0 15240.0 15240.0 15240.0 4700.0 15240.0 14060.0 15620.0 15240.0 4700.0 16400.0 13280.0 13660.0 15240.0 14060.0 15240.0 12880.0 4300.0 3520.0
0.0 13660.0 15240.0 15240.0 14440.0 14840.0 14440.0 14440.0 2740.0 14840.0 1180.0 13280.0 15620.0 4700.0 5080.0 14840.0 14060.0 14440.0 3520.0 13660.0 2740.0 15620.0 0.0 14440.0 1960.0 13280.0 14840.0 13280.0 1960.0 2740.0 3520.0 14060.0 15620.0 11720.0 800.0 14840.0 13660.0 2360.0 14440.0 14060.0 14060.0
0.0 1960.0 3520.0 16400.0 13660.0 13660.0 14840.0 3140.0 15240.0 12880.0 15240.0 3520.0 14840.0 14840.0 14440.0 14060.0 1960.0 1180.0 16020.0 15620.0 14440.0 14440.0 14440.0 0.0 14840.0 1580.0 15240.0 2740.0 14840.0 14840.0 13660.0 15620.0 2740.0 3140.0 14440.0 3520.0 3920.0 14440.0 3140.0 16020.0 15240.0
0.0 12880.0 13660.0 14840.0 12880.0 14060.0 13660.0 12880.0 1960.0 14060.0 800.0 12880.0 14440.0 3140.0 4300.0 14440.0 12500.0 13660.0 3520.0 12500.0 3520.0 14840.0 2740.0 14060.0 0.0 12880.0 13660.0 14840.0 1580.0 1580.0 2740.0 12500.0 13660.0 12500.0 1580.0 13660.0 13280.0 1180.0 13660.0 12880.0 12100.0
0.0 3520.0 4700.0 16800.0 14060.0 13280.0 14440.0 4300.0 14840.0 15620.0 14840.0 3140.0 16800.0 16400.0 16800.0 15620.0 5480.0 3920.0 16400.0 16800.0 15620.0 14060.0 15240.0 3520.0 16400.0 0.0 15620.0 4700.0 14840.0 14440.0 13280.0 16020.0 4300.0 4300.0 15620.0 5080.0 4700.0 14840.0 3920.0 16020.0 16800.0
0.0 12500.0 16020.0 3140.0 3920.0 3520.0 3920.0 14840.0 14840.0 4300.0 14440.0 15240.0 3520.0 14440.0 14840.0 3140.0 14840.0 15240.0 16400.0 3520.0 14440.0 4300.0 13280.0 14060.0 14060.0 14840.0 0.0 14840.0 14440.0 14840.0 14840.0 3920.0 15620.0 13280.0 13660.0 13660.0 15240.0 14060.0 13280.0 2360.0 3520.0
0.0 1960.0 3520.0 15620.0 14060.0 13280.0 14060.0 2740.0 13660.0 13660.0 12880.0 1580.0 15620.0 15620.0 15240.0 15240.0 3520.0 2740.0 15240.0 14440.0 12100.0 14060.0 12500.0 3140.0 14440.0 400.0 14440.0 0.0 13660.0 13280.0 13280.0 14440.0 4300.0 1180.0 12880.0 4700.0 2740.0 13280.0 2740.0 14840.0 14060.0
0.0 14840.0 14440.0 15620.0 14440.0 14440.0 13280.0 12500.0 1960.0 14840.0 3520.0 14840.0 14060.0 3140.0 4300.0 15240.0 15240.0 14440.0 4300.0 14840.0 3520.0 14060.0 2740.0 13280.0 4700.0 14440.0 14060.0 14840.0 0.0 1960.0 3140.0 14440.0 16020.0 14060.0 3140.0 16020.0 15240.0 2740.0 14060.0 14440.0 14440.0
0.0 13280.0 12880.0 14060.0 15240.0 12880.0 14060.0 13280.0 400.0 14060.0 2360.0 12880.0 14840.0 3520.0 2740.0 13660.0 15240.0 14060.0 2740.0 14840.0 2740.0 13280.0 1180.0 13660.0 3140.0 14440.0 12500.0 14440.0 1960.0 0.0 1180.0 12880.0 16020.0 12500.0 1580.0 14440.0 14440.0 3520.0 12500.0 14440.0 14840.0
0.0 14840.0 16400.0 16020.0 15620.0 11720.0 14440.0 14060.0 3520.0 15240.0 2740.0 14440.0 15240.0 4300.0 4300.0 14060.0 15620.0 15620.0 5080.0 15620.0 2740.0 12500.0 2740.0 14840.0 3520.0 14440.0 15620.0 16020.0 3140.0 3520.0 0.0 16020.0 14840.0 14060.0 3140.0 14840.0 14840.0 3920.0 13660.0 15620.0 15620.0
0.0 12100.0 13660.0 2740.0 2740.0 1960.0 1580.0 12100.0 12500.0 1960.0 12500.0 11720.0 3520.0 13660.0 14440.0 3140.0 15240.0 12880.0 14840.0 3520.0 14060.0 2740.0 13280.0 13280.0 14840.0 14060.0 1960.0 14060.0 14060.0 12100.0 13280.0 0.0 14440.0 13280.0 12880.0 15240.0 13660.0 13660.0 12880.0 2740.0 2740.0
0.0 3920.0 2740.0 15620.0 14440.0 14440.0 16020.0 4700.0 14440.0 16020.0 15240.0 4700.0 15620.0 12500.0 14840.0 16020.0 4700.0 4300.0 14840.0 14840.0 15240.0 13660.0 15240.0 5080.0 16020.0 3520.0 14060.0 3520.0 15240.0 14440.0 14060.0 15620.0 0.0 3520.0 14840.0 4700.0 1960.0 14840.0 3920.0 13660.0 14060.0
0.0 2360.0 3920.0 15240.0 14440.0 14840.0 14440.0 3140.0 14060.0 14840.0 12500.0 1960.0 15620.0 16020.0 16020.0 14440.0 3140.0 3140.0 14840.0 14840.0 15620.0 15620.0 14840.0 3140.0 15620.0 2740.0 14840.0 4300.0 13280.0 13660.0 14840.0 14840.0 4300.0 0.0 11720.0 3920.0 1960.0 14440.0 3140.0 15240.0 14060.0
0.0 16020.0 14840.0 17180.0 14840.0 16020.0 14840.0 14060.0 3520.0 16020.0 3140.0 16400.0 15620.0 4300.0 5860.0 16400.0 14440.0 15240.0 5080.0 15240.0 5080.0 15620.0 4300.0 14840.0 5860.0 15620.0 14840.0 16400.0 1580.0 3520.0 4700.0 16020.0 16400.0 15620.0 0.0 16800.0 15620.0 2740.0 15620.0 16020.0 16020.0
0.0 1960.0 2740.0 15240.0 12880.0 14060.0 14060.0 1180.0 13660.0 13280.0 12500.0 1580.0 12500.0 14840.0 14840.0 14440.0 1180.0 1580.0 14840.0 12880.0 14840.0 14840.0 14440.0 400.0 11720.0 1580.0 14060.0 2740.0 12500.0 13280.0 13660.0 12880.0 2740.0 1580.0 13280.0 0.0 2360.0 11720.0 2740.0 13280.0 12500.0
0.0 3920.0 3520.0 13660.0 14440.0 14440.0 14840.0 2740.0 13660.0 14060.0 13280.0 3520.0 14840.0 14440.0 15620.0 15240.0 3920.0 2360.0 12880.0 12880.0 14060.0 15240.0 14440.0 3140.0 14440.0 2360.0 14440.0 2360.0 13280.0 14440.0 14440.0 14840.0 2360.0 1580.0 13280.0 2740.0 0.0 12880.0 3140.0 13280.0 12100.0
0.0 15240.0 14840.0 15240.0 13280.0 14840.0 13660.0 12880.0 2360.0 15240.0 1180.0 14840.0 14440.0 3520.0 3920.0 14440.0 15620.0 14840.0 3520.0 14840.0 3920.0 14440.0 3140.0 13660.0 4300.0 14840.0 14440.0 15240.0 800.0 2360.0 3140.0 14840.0 15240.0 14440.0 3520.0 15240.0 13660.0 0.0 14440.0 14840.0 14060.0
0.0 2740.0 3920.0 15240.0 14440.0 14840.0 13280.0 2360.0 13660.0 14840.0 12880.0 2360.0 14060.0 15240.0 13280.0 12880.0 3140.0 2740.0 15240.0 13660.0 12880.0 15240.0 11720.0 2740.0 13660.0 2360.0 14440.0 2360.0 12500.0 14060.0 15240.0 14440.0 4300.0 400.0 12100.0 2360.0 2360.0 13660.0 0.0 14440.0 14060.0
0.0 14440.0 14060.0 3140.0 5080.0 1580.0 3920.0 14440.0 12880.0 3920.0 14840.0 14060.0 4700.0 14840.0 15240.0 3520.0 16400.0 15240.0 15240.0 4700.0 14840.0 1960.0 13660.0 14840.0 15240.0 15240.0 2360.0 15620.0 14440.0 12880.0 12500.0 2740.0 13660.0 13660.0 13660.0 15620.0 15620.0 16020.0 13280.0 0.0 4700.0
0.0 14840.0 15240.0 3920.0 2740.0 2360.0 3140.0 13280.0 13280.0 3920.0 13280.0 14440.0 3140.0 13660.0 15240.0 3920.0 14840.0 14840.0 15240.0 800.0 15240.0 3140.0 13660.0 13660.0 13660.0 14840.0 2740.0 15620.0 12500.0 13660.0 13660.0 3140.0 12880.0 12500.0 12880.0 13660.0 14060.0 12100.0 13660.0 1180.0 0.0
