80 5
256 6625 12335 1 7
594 0 5946 5 1
1134 1383 7417 10 9
91 3843 9621 4 5
840 0 5171 7 1
420 0 4882 5 6
837 2839 9161 9 6
840 0 4650 6 3
572 0 5851 6 4
208 0 4704 10 2
570 61 6347 3 8
784 5848 12152 9 8
603 0 6116 5 9
246 2609 8631 2 7
238 0 5154 2 8
816 0 5892 5 9
513 0 4713 6 3
664 2240 7912 8 8
1100 317 6227 4 4
360 2330 8278 5 4
378 0 5473 4 8
1020 0 5915 5 6
900 2514 8506 10 5
6 2965 9025 4 10
970 2674 8898 10 7
424 977 7303 7 2
1148 1579 7391 8 9
81 0 4520 7 3
390 2235 8007 5 10
477 0 5741 2 10
553 0 5892 8 6
810 0 5885 2 10
104 2676 8300 4 3
340 5794 11594 5 6
102 1806 7714 7 4
605 1488 7152 1 5
63 6175 12575 9 1
480 41 6399 2 5
132 0 5402 5 5
880 2772 8746 4 1
912 1480 7412 8 8
143 1423 7745 5 5
486 2974 9094 8 3
32 2626 8462 10 5
272 1981 7923 8 2
552 3746 10126 7 9
1218 3988 9806 2 7
310 506 6382 9 4
1020 122 6148 10 7
825 0 4536 6 3
603 0 5673 9 10
656 765 7095 2 7
1196 1813 7619 10 5
210 549 6855 10 2
680 0 4936 9 3
518 1912 8108 2 9
720 1809 7871 5 9
494 994 6746 8 5
806 3749 9999 10 9
485 487 6875 3 4
684 1427 7069 2 9
1235 4301 9979 6 4
1001 3347 9211 8 6
792 54 6186 7 9
85 2590 8426 6 1
900 0 4408 5 9
190 0 5122 6 9
624 0 5642 9 10
441 3413 9667 8 4
125 1797 8091 7 9
790 3150 9186 9 5
145 1722 7804 9 2
126 0 4497 9 5
312 0 4744 3 4
780 622 6726 8 6
555 1483 7637 8 1
297 1320 6952 9 1
415 4816 10420 3 4
245 495 6129 9 9
900 0 4791 8 7
SETUP
0 40 60 30 80 80 90 80 30 70 30 60 40 50 60 100 60 40 90 80 70 40 60 70 40 40 80 40 80 60 90 60 90 50 100 90 60 100 90 70 20 70 60 70 50 40 60 70 60 80 50 80 70 80 80 50 60 70 40 70 80 60 70 60 70 70 80 40 40 60 50 60 110 90 70 60 50 90 60 50 70
0 0 290 370 340 90 320 50 330 340 310 340 340 70 300 80 310 330 60 340 320 50 300 60 340 20 350 330 320 330 330 330 340 320 350 330 70 330 60 300 50 320 320 300 330 340 40 320 320 320 30 320 330 320 320 290 30 320 280 330 340 310 300 350 350 330 340 290 310 300 70 300 360 320 340 40 80 90 340 70 320
0 350 0 380 320 340 340 310 310 60 40 340 350 340 70 340 290 80 340 320 300 320 340 340 60 280 370 340 310 320 330 340 50 70 90 380 340 380 320 60 310 310 70 350 340 330 340 330 350 340 330 320 40 70 60 70 340 350 340 350 360 340 350 340 110 310 360 330 340 290 330 340 110 360 90 300 360 350 80 340 70
0 280 300 0 320 340 330 320 310 310 310 350 280 290 300 350 300 310 330 60 60 320 300 310 330 290 330 20 320 40 330 340 340 300 340 70 340 70 340 310 310 50 330 310 330 30 310 40 330 330 310 320 320 330 320 300 300 60 10 70 320 300 40 50 320 50 60 300 280 30 330 40 360 60 310 300 290 340 300 340 330
0 300 310 390 0 370 20 330 50 320 330 70 50 330 320 360 50 350 350 350 340 340 50 320 330 300 50 330 70 330 80 70 350 310 370 350 360 350 350 320 320 330 320 60 60 350 330 290 70 70 320 70 340 340 340 310 320 340 300 350 90 70 330 360 330 340 320 40 30 310 350 320 380 340 320 320 330 360 330 360 340
0 70 310 390 360 0 340 70 340 360 340 350 370 80 350 90 320 360 100 340 340 80 350 100 340 40 360 360 340 310 350 370 350 290 350 360 100 370 80 350 70 340 350 330 350 330 80 310 380 290 90 350 340 340 360 350 90 350 340 290 350 360 370 310 340 340 370 330 340 320 90 360 350 380 360 60 90 20 350 100 320
0 280 300 370 50 350 0 320 40 310 310 60 40 320 300 350 30 340 330 330 330 320 30 310 320 290 60 310 50 310 60 70 340 300 350 340 340 340 340 310 310 320 320 40 60 330 310 280 60 50 310 50 320 330 320 300 300 320 280 340 80 50 310 350 320 320 300 30 10 300 330 310 370 330 310 310 320 350 320 340 330
0 50 330 410 330 80 310 0 340 340 340 350 340 80 340 40 330 350 60 290 320 80 310 70 330 50 360 350 330 330 300 350 330 330 380 370 50 350 20 330 70 300 340 340 350 350 60 310 340 360 50 350 320 350 320 330 50 320 320 360 340 350 350 360 350 350 330 330 310 290 80 320 370 340 340 30 80 90 350 90 350
0 340 350 410 100 400 80 350 0 360 350 120 90 360 360 350 70 390 350 330 350 350 60 360 370 340 110 360 90 370 70 110 350 350 380 390 370 360 330 360 360 370 350 90 90 340 310 330 80 110 330 100 360 360 350 350 330 320 340 330 110 80 370 350 370 340 370 20 70 350 360 330 360 350 360 350 350 390 360 370 350
0 340 70 390 370 370 340 330 360 0 50 370 370 340 90 330 340 110 340 340 360 370 310 350 90 330 390 350 350 330 350 340 100 40 90 360 350 350 320 80 350 360 60 330 340 310 340 320 340 310 320 360 80 40 60 80 310 320 340 360 360 350 370 330 100 360 350 350 340 340 350 320 100 340 100 340 360 380 30 350 70
0 340 60 350 360 330 360 330 320 100 0 370 360 300 70 360 340 110 380 340 350 330 360 350 90 330 380 350 350 350 350 350 100 80 130 360 330 390 350 80 320 360 80 330 350 320 330 360 310 350 300 370 90 90 100 80 360 360 340 350 330 370 360 330 100 350 380 340 340 330 330 350 130 370 100 350 350 350 90 390 80
0 350 350 400 110 340 70 340 80 370 350 0 70 340 340 340 80 370 370 350 290 320 80 370 360 350 120 350 20 320 90 100 360 360 350 370 340 380 330 350 350 360 360 70 100 320 330 340 100 90 350 90 370 360 370 360 350 310 350 350 90 80 330 330 380 280 350 80 80 330 300 350 360 370 370 360 350 360 360 360 330
0 310 320 370 70 330 80 320 40 350 300 80 0 280 320 350 70 300 330 330 320 320 30 330 330 320 80 280 40 350 70 70 350 340 340 350 340 340 340 330 300 350 330 70 60 300 310 350 60 70 310 80 340 340 320 330 310 340 310 340 40 80 340 310 350 310 320 50 60 330 320 310 350 330 350 330 280 330 290 350 340
0 40 320 370 330 80 340 80 300 350 290 350 360 0 310 80 330 350 90 350 320 40 330 90 330 50 370 330 330 350 350 330 350 340 380 360 60 360 60 320 20 350 330 340 320 290 30 340 330 330 50 350 350 330 350 320 60 330 310 350 300 350 340 300 370 320 350 310 330 330 40 330 380 350 360 70 50 100 330 100 330
0 320 50 370 350 340 340 340 350 90 60 350 360 340 0 350 300 40 330 330 330 300 310 320 80 310 360 340 290 310 340 310 80 30 80 350 320 340 330 10 340 350 60 320 330 320 320 310 330 300 310 330 80 30 50 30 310 330 290 350 350 330 320 330 60 330 350 310 330 320 330 310 90 330 70 340 360 350 80 350 60
0 10 300 380 320 80 280 10 310 310 310 330 310 50 310 0 300 340 50 290 330 60 290 40 320 20 330 320 320 310 300 340 330 300 350 340 50 320 30 310 40 310 310 310 320 330 50 280 310 330 20 330 320 330 310 300 20 320 290 340 350 320 310 350 320 320 300 300 280 300 60 290 350 310 310 40 50 80 320 60 330
0 350 340 400 90 360 90 360 80 380 350 100 90 340 340 350 0 340 360 370 310 360 90 320 360 340 110 360 40 340 100 100 340 320 350 390 360 380 350 350 340 360 380 90 100 310 360 340 110 50 370 40 350 350 360 360 360 360 350 370 90 70 350 330 380 300 370 80 90 350 320 370 380 390 340 360 360 330 370 380 340
0 280 30 340 350 360 330 330 330 80 50 350 350 350 30 350 310 0 330 340 330 330 300 340 60 300 320 340 320 340 330 340 80 60 80 340 350 340 340 40 330 330 50 310 330 340 320 330 330 330 310 320 60 60 50 30 300 330 280 340 350 320 310 350 50 330 350 300 320 310 340 310 100 330 80 320 350 360 80 350 60
0 80 300 390 320 90 340 60 320 350 310 360 370 70 360 90 310 340 0 340 330 60 360 20 350 30 370 350 330 350 350 350 330 340 390 400 80 340 80 340 40 330 350 370 340 350 80 340 350 350 70 350 330 350 350 360 90 360 350 350 370 350 340 360 380 330 360 330 340 310 70 360 360 380 310 50 110 100 360 90 360
0 300 320 130 320 370 300 300 330 330 330 340 330 340 330 300 320 340 340 0 80 350 310 330 320 310 350 70 340 60 290 360 350 320 360 90 340 70 280 330 330 60 330 330 340 80 320 30 330 350 310 350 310 350 330 320 310 40 40 80 330 330 60 90 340 70 50 320 300 50 350 40 370 60 330 290 340 370 340 350 340
0 330 330 120 370 330 330 330 350 360 340 360 360 320 350 320 340 370 360 70 0 350 340 350 350 330 380 90 280 60 350 380 350 350 340 90 330 100 350 350 340 90 350 330 350 30 350 60 360 350 340 370 360 350 350 350 340 80 60 70 350 370 90 50 360 90 70 340 330 40 350 70 360 90 360 350 360 340 360 380 310
0 90 370 390 370 100 360 60 320 380 320 370 380 80 370 90 380 350 100 340 350 0 370 120 350 100 390 350 330 360 350 350 360 370 390 400 30 400 80 360 40 360 350 370 350 350 80 360 350 370 70 400 360 370 360 370 100 360 360 380 330 390 390 370 400 370 390 340 370 320 40 360 410 390 400 90 70 110 360 130 330
0 310 320 400 60 390 60 350 80 360 340 80 90 370 330 380 70 350 300 360 350 350 0 320 340 320 110 360 60 350 90 90 360 340 380 360 360 360 360 330 340 350 350 70 90 350 340 330 80 70 330 80 320 350 290 320 330 350 310 360 100 70 340 370 370 360 350 50 70 340 310 330 350 350 340 310 370 390 370 370 340
0 60 300 370 310 90 320 70 300 350 300 360 350 60 350 100 320 370 90 350 330 40 350 0 350 30 350 330 340 330 360 330 350 340 390 380 60 340 80 350 30 330 340 350 330 340 60 320 340 330 50 350 340 370 350 340 80 340 330 360 350 330 330 350 360 340 350 320 330 320 50 350 360 370 300 60 90 100 350 100 340
0 340 80 400 370 350 350 350 340 110 60 290 310 310 80 350 350 60 360 360 300 340 330 360 0 340 360 310 310 320 370 370 100 100 90 380 360 370 350 90 330 360 90 350 360 330 340 350 360 370 340 380 100 100 80 90 340 330 340 300 330 360 340 340 110 300 350 350 350 340 320 340 110 360 110 350 310 360 50 380 70
0 80 330 380 320 70 340 40 310 360 310 340 350 70 340 70 290 350 70 320 310 50 340 70 330 0 370 340 320 320 330 340 320 340 360 380 70 380 50 330 40 310 340 360 340 330 70 330 350 340 60 320 310 340 330 340 70 350 340 350 360 340 350 340 380 310 360 330 340 290 60 340 380 360 360 30 90 80 350 110 350
0 330 320 400 60 340 60 340 70 350 320 80 90 350 310 360 60 340 340 350 340 330 40 330 330 320 0 290 50 330 80 70 350 310 360 340 350 350 340 310 340 350 280 50 10 340 320 330 60 60 310 40 320 330 330 300 310 330 290 350 40 60 320 350 350 350 350 30 60 310 350 310 360 330 350 340 330 350 300 350 330
0 330 340 110 350 320 350 340 350 380 310 370 380 340 350 360 340 370 330 90 100 360 300 340 350 340 390 0 310 80 360 360 370 340 360 100 340 70 340 340 350 100 320 340 330 60 360 80 330 340 310 370 340 350 320 340 300 100 60 70 360 360 90 70 360 100 70 350 350 70 340 40 350 60 360 330 370 340 290 340 330
0 340 350 410 90 360 90 360 70 360 340 90 100 320 350 360 60 370 350 370 340 350 90 350 340 350 130 360 0 320 90 100 340 370 340 370 370 380 340 350 340 380 360 70 90 300 340 350 90 100 360 90 350 340 350 360 360 340 350 370 80 100 370 310 380 360 330 60 90 310 350 370 350 370 370 360 360 380 370 400 360
0 370 360 140 350 350 360 380 370 400 370 350 360 370 360 380 350 360 350 110 60 360 360 350 340 360 390 90 340 0 390 360 330 370 390 80 380 130 390 340 370 100 380 370 390 90 370 70 360 370 370 380 340 350 340 360 360 120 80 90 390 320 100 100 400 90 70 360 370 30 360 90 390 110 370 350 350 370 370 380 360
0 330 320 410 40 380 50 330 80 350 330 50 70 350 350 330 60 350 360 340 340 350 70 350 310 320 80 340 70 350 0 100 350 340 390 350 340 350 310 350 350 330 340 60 80 360 310 320 90 90 340 90 290 360 350 340 340 290 330 340 90 60 350 360 360 330 350 80 60 330 350 340 370 360 350 280 330 380 350 380 330
0 350 370 340 110 400 100 380 80 380 340 120 80 320 360 370 100 350 390 390 370 350 90 380 380 350 120 350 100 370 120 0 400 350 380 410 370 360 360 360 340 380 380 110 100 330 350 370 110 110 360 120 380 380 380 360 360 340 350 400 80 100 380 350 380 360 390 90 80 360 350 370 390 390 380 370 360 400 350 410 370
0 320 40 370 300 340 310 340 340 80 50 320 330 340 40 350 300 70 300 330 330 340 300 320 30 310 350 330 290 340 340 310 0 60 80 350 330 340 330 10 340 320 50 320 330 310 320 310 330 330 310 330 10 30 20 30 300 330 290 330 350 330 320 330 80 320 340 300 320 310 340 310 70 330 70 300 340 350 80 350 60
0 330 80 410 360 370 320 350 350 90 80 370 350 350 60 340 350 90 360 320 320 360 340 350 80 330 370 340 330 290 330 350 70 0 110 370 380 350 330 60 350 360 60 360 340 330 360 290 360 350 350 330 80 80 80 70 340 350 330 380 330 340 360 350 90 370 350 350 330 310 370 340 110 360 90 340 340 380 60 380 70
0 280 30 380 340 350 330 320 300 80 30 350 350 310 40 350 310 70 290 340 330 310 310 310 70 300 360 300 320 340 330 340 80 60 0 340 320 340 340 40 300 330 60 310 330 290 320 330 310 330 310 330 60 60 40 30 310 330 280 340 340 320 310 300 90 340 350 300 320 310 320 310 90 330 60 320 350 360 50 350 60
0 350 290 130 340 350 340 330 330 340 330 360 370 350 360 340 310 360 320 70 50 340 350 310 340 290 380 70 330 70 350 360 340 330 380 0 360 60 340 340 320 50 350 360 340 80 350 70 350 330 340 340 330 360 350 350 350 90 80 90 380 350 90 90 380 60 90 340 350 30 340 80 320 50 330 320 380 360 350 350 360
0 70 350 370 350 80 370 80 300 390 290 350 370 50 360 100 360 330 80 350 330 40 350 100 340 80 370 330 340 340 340 330 340 370 400 380 0 380 90 340 20 380 330 350 320 340 60 340 330 360 50 380 350 350 340 350 80 340 340 350 350 370 370 350 380 360 380 310 360 300 50 340 380 370 390 70 90 100 340 110 340
0 320 330 100 360 390 350 340 360 370 350 380 370 360 340 350 340 310 340 90 80 350 310 350 360 330 350 90 350 70 360 370 360 350 380 100 370 0 340 340 360 40 350 340 360 70 310 60 350 360 340 350 350 360 330 330 330 50 50 70 360 320 60 90 350 80 100 290 340 70 350 60 300 90 370 340 360 390 370 370 350
0 30 320 390 340 100 290 30 320 330 330 350 330 70 320 20 320 350 60 310 340 70 300 60 330 30 340 330 340 330 320 350 350 310 360 360 70 340 0 330 60 320 320 330 330 350 60 290 320 340 40 340 340 340 320 310 30 340 300 360 320 330 330 360 330 340 320 320 300 310 70 300 360 330 330 50 60 100 330 70 350
0 330 50 370 360 340 330 340 340 80 50 350 350 330 40 340 290 70 330 320 330 330 300 340 80 310 360 330 290 340 330 300 80 60 80 340 340 340 330 0 330 340 50 310 330 310 320 310 320 330 310 330 70 20 50 30 300 330 280 340 350 320 310 320 90 320 340 300 320 310 340 300 90 330 80 330 360 350 80 340 60
0 70 330 350 350 60 350 60 280 370 280 360 360 40 340 80 340 370 90 330 350 20 330 90 350 60 380 310 340 350 340 310 360 350 390 360 40 360 70 350 0 360 310 330 310 320 40 330 320 350 30 370 330 360 350 350 60 320 340 340 340 350 370 330 370 350 360 300 340 330 30 330 370 350 370 70 80 80 320 90 320
0 350 340 140 380 380 350 360 360 380 350 360 380 370 310 370 340 350 340 90 100 340 320 350 370 330 370 80 330 80 370 350 370 340 360 100 360 90 360 320 360 0 340 340 350 80 340 80 340 340 330 370 360 340 340 310 320 80 40 90 370 350 70 100 370 90 90 330 350 70 360 50 380 80 370 350 380 390 360 350 350
0 340 70 400 330 340 340 350 360 100 50 350 360 350 90 360 350 70 340 360 340 360 310 340 60 340 340 290 320 330 370 370 70 40 100 380 350 350 340 80 360 350 0 350 280 340 320 320 340 350 320 370 40 90 60 80 310 330 340 340 360 330 370 350 80 350 350 300 350 310 350 320 90 340 90 340 360 350 30 350 80
0 290 280 380 60 350 60 310 40 310 310 70 50 320 310 340 20 340 340 320 310 320 40 310 330 280 60 300 40 320 60 70 330 300 360 300 340 350 330 310 310 310 290 0 30 330 320 310 60 60 310 60 310 330 330 300 310 310 290 350 80 60 320 340 320 310 350 30 20 290 330 310 350 340 310 300 320 330 320 340 290
0 330 330 390 50 330 70 350 90 370 310 70 80 340 350 360 70 350 330 360 330 360 30 340 320 330 80 280 40 340 90 100 340 320 360 370 350 340 350 340 350 340 280 80 0 330 320 330 60 80 310 100 310 360 320 340 310 330 330 340 100 70 360 350 360 350 350 40 70 300 340 310 350 330 350 330 360 350 290 350 340
0 330 350 120 350 370 340 340 320 340 320 340 350 300 330 340 350 370 370 80 70 330 350 370 320 340 390 80 350 90 340 350 370 350 400 110 350 100 320 340 310 90 350 350 350 0 320 70 350 350 340 370 350 320 360 340 350 50 60 80 330 350 90 20 380 70 90 310 350 80 330 80 400 100 370 340 340 390 350 390 350
0 40 330 400 350 110 350 80 340 330 340 360 340 80 330 100 300 360 80 350 340 50 330 70 350 40 350 340 340 340 360 350 320 320 380 360 70 360 90 330 70 340 350 340 360 340 0 330 350 350 60 340 330 330 340 320 60 350 310 370 370 350 340 360 340 330 370 320 310 320 80 330 390 350 330 70 70 90 350 100 350
0 320 330 140 350 380 310 350 340 340 330 360 340 350 340 360 330 370 350 70 90 350 320 340 350 320 360 60 350 70 350 370 370 320 380 100 370 90 350 340 340 80 320 340 330 70 350 0 350 360 330 350 350 360 340 330 330 90 50 100 370 350 80 80 350 90 60 330 310 60 360 60 390 80 340 340 350 380 310 370 360
0 320 290 390 70 350 60 290 50 340 310 80 80 340 340 320 30 350 350 300 320 330 60 350 340 290 90 350 50 310 50 80 330 330 380 360 290 350 310 320 310 320 340 60 70 340 350 330 0 80 300 70 320 340 340 340 330 340 320 360 90 80 350 350 340 320 350 60 50 290 340 320 370 340 350 310 350 360 360 350 350
0 330 350 370 90 370 50 350 80 360 350 80 90 350 330 340 80 360 350 320 320 360 70 350 330 340 100 350 60 290 70 90 340 280 330 370 380 360 330 330 350 360 330 90 70 330 360 290 90 0 350 70 350 350 350 350 340 350 330 360 60 70 360 350 360 350 350 80 60 310 350 350 340 370 360 340 340 380 330 360 310
0 50 310 410 350 90 340 40 330 350 330 360 350 90 340 70 320 370 90 320 330 70 340 80 350 40 360 340 340 330 330 370 350 330 380 340 40 360 60 340 60 340 330 310 330 360 80 340 290 320 0 350 340 360 350 330 70 340 320 370 370 360 350 360 350 340 370 340 320 310 80 330 370 350 350 60 70 90 350 100 330
0 310 320 370 50 370 70 350 50 370 310 90 100 340 330 340 60 300 340 340 340 330 60 290 340 320 80 350 70 310 70 80 350 290 320 370 350 350 340 340 310 350 350 70 70 330 340 300 80 20 340 0 350 350 350 330 330 350 310 370 80 30 340 350 350 350 360 60 70 330 340 340 350 360 310 340 360 390 340 370 320
0 310 30 400 290 360 300 330 330 70 60 310 320 330 60 360 310 70 360 340 320 340 330 340 20 300 340 330 330 330 350 350 80 50 110 370 320 370 350 70 330 310 70 340 350 340 320 310 350 350 340 340 0 80 80 60 330 350 310 320 340 350 340 350 80 320 330 330 310 310 330 340 130 360 70 320 330 370 70 360 90
0 330 80 380 340 360 330 320 330 90 40 360 360 340 90 320 310 90 350 300 330 340 340 350 70 290 380 350 340 340 320 360 70 70 110 390 360 370 310 70 320 320 70 360 350 350 350 290 350 350 330 340 60 0 80 80 340 340 330 370 360 350 360 360 100 330 350 340 330 300 340 340 130 360 90 310 370 360 60 380 100
0 340 40 400 320 370 330 340 330 90 50 330 350 350 90 370 320 70 290 350 340 340 350 300 50 310 360 340 310 350 360 360 70 80 100 350 350 350 360 80 320 340 70 330 350 340 350 330 360 360 350 350 30 90 0 80 350 360 340 350 370 360 350 350 100 340 350 340 340 320 350 350 60 370 50 290 350 380 90 370 70
0 320 50 380 350 350 340 330 340 90 60 330 360 340 10 340 310 50 320 330 340 310 290 330 70 300 340 320 300 320 350 320 80 30 60 350 330 320 330 20 330 330 40 330 320 320 330 320 310 300 290 340 60 30 40 0 290 340 300 350 360 340 330 340 70 330 330 310 340 310 330 290 80 310 80 320 350 360 60 320 60
0 40 310 400 330 80 330 50 340 350 340 340 350 90 320 60 330 340 30 330 340 80 280 50 330 40 360 310 320 330 340 340 350 330 340 340 50 310 50 310 70 340 300 310 300 350 70 330 300 330 10 350 320 330 290 310 0 350 310 360 360 340 340 360 360 350 320 320 330 320 50 280 340 300 340 40 70 90 320 50 330
0 320 330 140 350 380 310 310 340 340 340 360 340 350 330 310 320 360 350 50 80 330 320 340 350 320 360 80 340 60 340 360 340 330 380 100 350 90 290 330 340 70 340 340 350 90 290 40 340 350 330 350 350 340 340 330 320 0 50 100 340 310 80 100 350 80 70 330 310 60 350 50 380 70 340 340 310 370 350 360 310
0 320 310 120 350 360 320 330 330 340 310 340 340 340 300 350 320 330 320 70 60 320 300 340 350 310 350 60 310 60 340 330 350 320 350 60 340 60 330 300 320 70 320 300 320 70 310 50 320 320 300 350 340 320 310 290 300 50 0 60 340 310 30 80 350 70 70 290 310 50 340 30 360 50 340 330 350 350 340 340 320
0 340 350 140 350 340 370 340 340 390 340 370 380 370 350 370 320 380 370 80 80 350 360 370 350 310 400 100 350 80 360 370 350 360 390 120 370 120 350 360 340 70 370 360 370 80 370 90 370 360 360 350 340 360 360 350 350 110 70 0 390 370 90 90 400 70 120 350 370 50 350 90 410 110 350 330 380 360 380 400 380
0 350 330 410 60 380 70 330 90 360 340 50 60 340 370 360 70 360 380 340 320 360 90 380 300 330 100 340 60 340 80 120 360 360 390 380 370 400 340 360 360 350 370 80 110 350 370 340 90 120 340 100 360 380 370 360 360 350 350 330 0 120 360 360 380 320 370 90 80 340 330 360 410 390 370 350 290 380 350 390 350
0 380 380 410 100 370 110 350 90 400 350 100 110 380 380 370 100 380 370 350 350 310 100 370 350 380 140 380 80 290 100 110 350 390 410 370 330 410 360 350 350 370 390 120 110 370 350 350 110 120 370 130 360 370 360 380 380 390 360 380 90 0 390 390 410 350 350 100 110 310 340 380 410 400 390 370 370 380 370 400 370
0 330 340 100 350 390 360 360 350 350 340 350 350 360 350 380 320 380 350 100 80 340 320 350 340 330 370 80 340 90 370 350 320 340 380 110 330 90 360 330 340 90 340 350 350 90 290 80 340 360 330 350 330 340 340 340 320 80 60 90 310 360 0 100 360 80 90 330 320 70 360 50 380 80 350 350 320 370 370 360 370
0 340 360 120 350 390 350 350 350 370 340 370 370 360 360 350 340 390 360 60 70 350 330 370 360 320 390 90 350 100 320 390 360 350 390 90 370 100 340 360 350 80 350 370 350 80 310 60 350 380 340 370 340 310 350 360 330 50 70 70 360 350 80 0 380 70 100 300 340 60 350 60 390 90 370 330 360 390 360 370 350
0 310 60 360 380 380 360 360 290 110 60 370 370 350 70 360 340 40 360 350 360 340 340 360 90 330 350 350 330 350 360 360 90 70 110 370 360 370 350 70 320 360 90 340 350 350 320 340 350 330 340 350 90 90 80 60 340 340 310 350 380 350 340 370 0 360 370 310 350 330 350 340 110 360 110 350 370 390 90 370 30
0 340 340 120 370 330 330 330 340 360 350 370 330 330 330 330 340 360 360 70 10 350 340 360 350 340 380 70 290 60 350 360 350 350 350 90 340 100 350 340 350 90 350 330 360 40 340 60 360 350 350 370 360 350 360 350 340 80 70 70 350 370 50 50 370 0 70 340 340 50 290 70 370 90 360 360 340 350 350 350 320
0 340 320 100 320 370 340 350 320 370 310 300 320 330 360 360 330 350 360 90 50 310 340 290 290 320 370 50 320 60 370 350 370 320 380 40 330 80 360 370 310 80 350 360 340 70 350 70 350 350 330 360 350 380 360 360 350 70 70 50 340 350 70 80 380 40 0 330 340 60 330 80 350 90 310 340 330 320 340 380 350
0 320 340 410 90 380 60 340 90 350 350 110 80 350 340 330 50 380 340 350 330 330 40 350 360 320 100 340 70 350 90 100 340 340 370 380 350 350 320 340 350 350 330 80 70 320 290 310 60 90 320 80 350 340 330 340 310 300 320 320 90 70 350 340 350 330 350 0 50 330 340 310 370 340 350 340 340 370 350 350 330
0 280 290 370 40 350 50 310 40 300 300 70 30 310 300 340 30 330 330 320 320 320 30 300 330 280 50 310 50 310 60 60 330 290 350 330 340 330 330 300 300 310 320 30 60 320 310 300 50 50 300 50 320 320 320 290 300 320 280 340 70 40 310 340 310 320 340 20 0 290 330 300 360 320 300 300 310 350 320 340 320
0 350 340 130 330 330 340 360 370 380 360 330 350 350 350 350 330 340 330 90 40 370 340 350 320 340 370 80 310 40 370 340 310 350 370 110 360 100 360 320 360 80 360 350 370 70 350 40 350 350 350 360 320 330 320 340 340 90 50 70 360 360 80 80 380 70 100 340 350 0 350 70 370 90 360 330 350 350 350 370 350
0 90 350 390 380 110 360 90 390 350 380 380 370 110 360 90 360 390 100 370 360 120 370 110 370 80 410 370 330 350 390 350 360 340 390 380 130 410 110 370 110 380 370 350 370 350 120 350 380 340 100 390 370 380 370 370 100 380 360 400 380 400 390 370 390 390 390 380 360 330 0 370 400 400 390 90 100 120 380 130 300
0 340 310 130 330 350 330 310 340 360 330 340 350 360 320 330 320 340 350 60 70 340 320 330 330 310 370 50 320 50 340 340 350 340 360 80 310 40 310 310 330 70 320 350 310 70 340 60 300 340 320 340 320 320 340 310 320 80 50 80 360 350 80 90 360 70 40 330 340 40 350 0 340 30 350 330 360 350 330 310 360
0 340 90 410 380 410 340 340 370 100 90 390 370 380 90 330 350 130 370 350 380 360 350 370 100 350 390 360 380 370 360 390 90 90 130 400 380 380 320 100 370 360 80 370 360 370 320 310 370 380 350 380 100 100 90 90 350 380 340 400 370 370 370 360 110 370 360 360 340 350 380 350 0 370 100 370 380 360 80 390 120
0 320 320 110 310 340 310 310 340 340 330 320 340 350 340 310 330 320 340 50 70 350 320 340 310 320 350 20 320 80 330 370 350 330 380 100 340 20 290 340 340 60 300 340 290 80 320 40 340 360 320 350 290 360 330 330 320 60 50 70 340 340 70 90 350 60 60 310 310 40 350 50 310 0 340 340 350 360 310 360 350
0 310 60 350 290 330 300 330 280 60 10 340 340 310 60 350 330 90 360 330 350 290 330 340 60 310 330 310 340 310 340 310 90 50 110 360 310 340 340 60 280 340 40 330 310 320 310 300 320 350 300 350 60 80 80 50 330 320 310 340 340 310 340 330 70 350 330 300 310 320 300 330 70 350 0 340 340 350 50 360 50
0 50 310 400 300 100 320 70 340 350 330 320 330 70 340 100 320 350 90 350 330 80 340 80 300 40 350 330 340 350 360 360 350 340 390 380 60 370 90 350 70 320 350 350 360 350 60 320 360 360 70 350 290 360 350 340 70 350 320 330 350 360 350 360 350 330 340 340 320 320 70 340 400 360 350 0 70 110 350 100 360
0 90 320 410 360 90 350 40 350 370 330 350 360 90 350 80 330 380 90 330 310 90 350 110 340 50 400 370 320 360 340 380 350 370 380 390 90 390 60 350 80 340 380 360 380 340 100 350 370 370 80 360 350 370 350 370 90 350 350 370 380 380 350 350 390 310 370 370 350 330 50 360 400 380 380 70 0 110 380 110 340
0 60 290 400 340 90 350 50 330 340 320 340 350 70 350 80 310 360 90 330 320 70 350 80 320 20 340 340 330 340 350 360 340 340 380 340 90 380 70 340 50 320 330 310 340 310 90 340 360 350 80 340 330 360 350 340 80 350 330 350 360 350 350 330 360 330 380 340 320 300 70 350 370 370 350 40 90 0 360 80 330
0 310 60 370 340 350 340 330 340 90 20 350 360 320 60 340 330 90 310 340 350 350 280 330 70 330 370 320 340 340 350 350 90 70 80 350 330 320 330 50 330 350 40 330 320 330 350 340 310 340 290 350 60 70 30 60 290 350 320 360 350 350 340 350 80 350 330 330 340 330 320 290 80 310 80 320 350 370 0 330 50
0 70 350 400 350 90 370 100 350 400 340 360 370 100 360 100 360 340 60 370 340 90 360 50 350 80 380 370 340 280 370 370 340 320 350 360 110 380 100 340 70 380 380 370 370 360 100 330 370 320 90 310 350 360 350 360 90 380 340 370 370 330 370 380 380 370 340 360 370 300 90 370 380 390 340 90 90 100 370 0 350
0 340 60 410 360 360 360 360 360 90 90 360 360 350 70 380 340 100 360 360 340 360 360 360 80 330 380 350 310 330 370 370 70 40 100 350 380 390 360 70 360 360 70 330 350 330 370 330 360 310 340 370 80 90 80 80 360 360 340 370 360 370 360 350 100 360 370 350 340 300 380 360 100 380 90 340 350 360 90 390 0
SETUP_COST
0.0 800.0 1200.0 600.0 1600.0 1600.0 1800.0 1600.0 600.0 1400.0 600.0 1200.0 800.0 1000.0 1200.0 2000.0 1200.0 800.0 1800.0 1600.0 1400.0 800.0 1200.0 1400.0 800.0 800.0 1600.0 800.0 1600.0 1200.0 1800.0 1200.0 1800.0 1000.0 2000.0 1800.0 1200.0 2000.0 1800.0 1400.0 400.0 1400.0 1200.0 1400.0 1000.0 800.0 1200.0 1400.0 1200.0 1600.0 1000.0 1600.0 1400.0 1600.0 1600.0 1000.0 1200.0 1400.0 800.0 1400.0 1600.0 1200.0 1400.0 1200.0 1400.0 1400.0 1600.0 800.0 800.0 1200.0 1000.0 1200.0 2200.0 1800.0 1400.0 1200.0 1000.0 1800.0 1200.0 1000.0 1400.0
0.0 0.0 5800.0 7400.0 6800.0 1800.0 6400.0 1000.0 6600.0 6800.0 6200.0 6800.0 6800.0 1400.0 6000.0 1600.0 6200.0 6600.0 1200.0 6800.0 6400.0 1000.0 6000.0 1200.0 6800.0 400.0 7000.0 6600.0 6400.0 6600.0 6600.0 6600.0 6800.0 6400.0 7000.0 6600.0 1400.0 6600.0 1200.0 6000.0 1000.0 6400.0 6400.0 6000.0 6600.0 6800.0 800.0 6400.0 6400.0 6400.0 600.0 6400.0 6600.0 6400.0 6400.0 5800.0 600.0 6400.0 5600.0 6600.0 6800.0 6200.0 6000.0 7000.0 7000.0 6600.0 6800.0 5800.0 6200.0 6000.0 1400.0 6000.0 7200.0 6400.0 6800.0 800.0 1600.0 1800.0 6800.0 1400.0 6400.0
0.0 7000.0 0.0 7600.0 6400.0 6800.0 6800.0 6200.0 6200.0 1200.0 800.0 6800.0 7000.0 6800.0 1400.0 6800.0 5800.0 1600.0 6800.0 6400.0 6000.0 6400.0 6800.0 6800.0 1200.0 5600.0 7400.0 6800.0 6200.0 6400.0 6600.0 6800.0 1000.0 1400.0 1800.0 7600.0 6800.0 7600.0 6400.0 1200.0 6200.0 6200.0 1400.0 7000.0 6800.0 6600.0 6800.0 6600.0 7000.0 6800.0 6600.0 6400.0 800.0 1400.0 1200.0 1400.0 6800.0 7000.0 6800.0 7000.0 7200.0 6800.0 7000.0 6800.0 2200.0 6200.0 7200.0 6600.0 6800.0 5800.0 6600.0 6800.0 2200.0 7200.0 1800.0 6000.0 7200.0 7000.0 1600.0 6800.0 1400.0
0.0 5600.0 6000.0 0.0 6400.0 6800.0 6600.0 6400.0 6200.0 6200.0 6200.0 7000.0 5600.0 5800.0 6000.0 7000.0 6000.0 6200.0 6600.0 1200.0 1200.0 6400.0 6000.0 6200.0 6600.0 5800.0 6600.0 400.0 6400.0 800.0 6600.0 6800.0 6800.0 6000.0 6800.0 1400.0 6800.0 1400.0 6800.0 6200.0 6200.0 1000.0 6600.0 6200.0 6600.0 600.0 6200.0 800.0 6600.0 6600.0 6200.0 6400.0 6400.0 6600.0 6400.0 6000.0 6000.0 1200.0 200.0 1400.0 6400.0 6000.0 800.0 1000.0 6400.0 1000.0 1200.0 6000.0 5600.0 600.0 6600.0 800.0 7200.0 1200.0 6200.0 6000.0 5800.0 6800.0 6000.0 6800.0 6600.0
0.0 6000.0 6200.0 7800.0 0.0 7400.0 400.0 6600.0 1000.0 6400.0 6600.0 1400.0 1000.0 6600.0 6400.0 7200.0 1000.0 7000.0 7000.0 7000.0 6800.0 6800.0 1000.0 6400.0 6600.0 6000.0 1000.0 6600.0 1400.0 6600.0 1600.0 1400.0 7000.0 6200.0 7400.0 7000.0 7200.0 7000.0 7000.0 6400.0 6400.0 6600.0 6400.0 1200.0 1200.0 7000.0 6600.0 5800.0 1400.0 1400.0 6400.0 1400.0 6800.0 6800.0 6800.0 6200.0 6400.0 6800.0 6000.0 7000.0 1800.0 1400.0 6600.0 7200.0 6600.0 6800.0 6400.0 800.0 600.0 6200.0 7000.0 6400.0 7600.0 6800.0 6400.0 6400.0 6600.0 7200.0 6600.0 7200.0 6800.0
0.0 1400.0 6200.0 7800.0 7200.0 0.0 6800.0 1400.0 6800.0 7200.0 6800.0 7000.0 7400.0 1600.0 7000.0 1800.0 6400.0 7200.0 2000.0 6800.0 6800.0 1600.0 7000.0 2000.0 6800.0 800.0 7200.0 7200.0 6800.0 6200.0 7000.0 7400.0 7000.0 5800.0 7000.0 7200.0 2000.0 7400.0 1600.0 7000.0 1400.0 6800.0 7000.0 6600.0 7000.0 6600.0 1600.0 6200.0 7600.0 5800.0 1800.0 7000.0 6800.0 6800.0 7200.0 7000.0 1800.0 7000.0 6800.0 5800.0 7000.0 7200.0 7400.0 6200.0 6800.0 6800.0 7400.0 6600.0 6800.0 6400.0 1800.0 7200.0 7000.0 7600.0 7200.0 1200.0 1800.0 400.0 7000.0 2000.0 6400.0
0.0 5600.0 6000.0 7400.0 1000.0 7000.0 0.0 6400.0 800.0 6200.0 6200.0 1200.0 800.0 6400.0 6000.0 7000.0 600.0 6800.0 6600.0 6600.0 6600.0 6400.0 600.0 6200.0 6400.0 5800.0 1200.0 6200.0 1000.0 6200.0 1200.0 1400.0 6800.0 6000.0 7000.0 6800.0 6800.0 6800.0 6800.0 6200.0 6200.0 6400.0 6400.0 800.0 1200.0 6600.0 6200.0 5600.0 1200.0 1000.0 6200.0 1000.0 6400.0 6600.0 6400.0 6000.0 6000.0 6400.0 5600.0 6800.0 1600.0 1000.0 6200.0 7000.0 6400.0 6400.0 6000.0 600.0 200.0 6000.0 6600.0 6200.0 7400.0 6600.0 6200.0 6200.0 6400.0 7000.0 6400.0 6800.0 6600.0
0.0 1000.0 6600.0 8200.0 6600.0 1600.0 6200.0 0.0 6800.0 6800.0 6800.0 7000.0 6800.0 1600.0 6800.0 800.0 6600.0 7000.0 1200.0 5800.0 6400.0 1600.0 6200.0 1400.0 6600.0 1000.0 7200.0 7000.0 6600.0 6600.0 6000.0 7000.0 6600.0 6600.0 7600.0 7400.0 1000.0 7000.0 400.0 6600.0 1400.0 6000.0 6800.0 6800.0 7000.0 7000.0 1200.0 6200.0 6800.0 7200.0 1000.0 7000.0 6400.0 7000.0 6400.0 6600.0 1000.0 6400.0 6400.0 7200.0 6800.0 7000.0 7000.0 7200.0 7000.0 7000.0 6600.0 6600.0 6200.0 5800.0 1600.0 6400.0 7400.0 6800.0 6800.0 600.0 1600.0 1800.0 7000.0 1800.0 7000.0
0.0 6800.0 7000.0 8200.0 2000.0 8000.0 1600.0 7000.0 0.0 7200.0 7000.0 2400.0 1800.0 7200.0 7200.0 7000.0 1400.0 7800.0 7000.0 6600.0 7000.0 7000.0 1200.0 7200.0 7400.0 6800.0 2200.0 7200.0 1800.0 7400.0 1400.0 2200.0 7000.0 7000.0 7600.0 7800.0 7400.0 7200.0 6600.0 7200.0 7200.0 7400.0 7000.0 1800.0 1800.0 6800.0 6200.0 6600.0 1600.0 2200.0 6600.0 2000.0 7200.0 7200.0 7000.0 7000.0 6600.0 6400.0 6800.0 6600.0 2200.0 1600.0 7400.0 7000.0 7400.0 6800.0 7400.0 400.0 1400.0 7000.0 7200.0 6600.0 7200.0 7000.0 7200.0 7000.0 7000.0 7800.0 7200.0 7400.0 7000.0
0.0 6800.0 1400.0 7800.0 7400.0 7400.0 6800.0 6600.0 7200.0 0.0 1000.0 7400.0 7400.0 6800.0 1800.0 6600.0 6800.0 2200.0 6800.0 6800.0 7200.0 7400.0 6200.0 7000.0 1800.0 6600.0 7800.0 7000.0 7000.0 6600.0 7000.0 6800.0 2000.0 800.0 1800.0 7200.0 7000.0 7000.0 6400.0 1600.0 7000.0 7200.0 1200.0 6600.0 6800.0 6200.0 6800.0 6400.0 6800.0 6200.0 6400.0 7200.0 1600.0 800.0 1200.0 1600.0 6200.0 6400.0 6800.0 7200.0 7200.0 7000.0 7400.0 6600.0 2000.0 7200.0 7000.0 7000.0 6800.0 6800.0 7000.0 6400.0 2000.0 6800.0 2000.0 6800.0 7200.0 7600.0 600.0 7000.0 1400.0
0.0 6800.0 1200.0 7000.0 7200.0 6600.0 7200.0 6600.0 6400.0 2000.0 0.0 7400.0 7200.0 6000.0 1400.0 7200.0 6800.0 2200.0 7600.0 6800.0 7000.0 6600.0 7200.0 7000.0 1800.0 6600.0 7600.0 7000.0 7000.0 7000.0 7000.0 7000.0 2000.0 1600.0 2600.0 7200.0 6600.0 7800.0 7000.0 1600.0 6400.0 7200.0 1600.0 6600.0 7000.0 6400.0 6600.0 7200.0 6200.0 7000.0 6000.0 7400.0 1800.0 1800.0 2000.0 1600.0 7200.0 7200.0 6800.0 7000.0 6600.0 7400.0 7200.0 6600.0 2000.0 7000.0 7600.0 6800.0 6800.0 6600.0 6600.0 7000.0 2600.0 7400.0 2000.0 7000.0 7000.0 7000.0 1800.0 7800.0 1600.0
0.0 7000.0 7000.0 8000.0 2200.0 6800.0 1400.0 6800.0 1600.0 7400.0 7000.0 0.0 1400.0 6800.0 6800.0 6800.0 1600.0 7400.0 7400.0 7000.0 5800.0 6400.0 1600.0 7400.0 7200.0 7000.0 2400.0 7000.0 400.0 6400.0 1800.0 2000.0 7200.0 7200.0 7000.0 7400.0 6800.0 7600.0 6600.0 7000.0 7000.0 7200.0 7200.0 1400.0 2000.0 6400.0 6600.0 6800.0 2000.0 1800.0 7000.0 1800.0 7400.0 7200.0 7400.0 7200.0 7000.0 6200.0 7000.0 7000.0 1800.0 1600.0 6600.0 6600.0 7600.0 5600.0 7000.0 1600.0 1600.0 6600.0 6000.0 7000.0 7200.0 7400.0 7400.0 7200.0 7000.0 7200.0 7200.0 7200.0 6600.0
0.0 6200.0 6400.0 7400.0 1400.0 6600.0 1600.0 6400.0 800.0 7000.0 6000.0 1600.0 0.0 5600.0 6400.0 7000.0 1400.0 6000.0 6600.0 6600.0 6400.0 6400.0 600.0 6600.0 6600.0 6400.0 1600.0 5600.0 800.0 7000.0 1400.0 1400.0 7000.0 6800.0 6800.0 7000.0 6800.0 6800.0 6800.0 6600.0 6000.0 7000.0 6600.0 1400.0 1200.0 6000.0 6200.0 7000.0 1200.0 1400.0 6200.0 1600.0 6800.0 6800.0 6400.0 6600.0 6200.0 6800.0 6200.0 6800.0 800.0 1600.0 6800.0 6200.0 7000.0 6200.0 6400.0 1000.0 1200.0 6600.0 6400.0 6200.0 7000.0 6600.0 7000.0 6600.0 5600.0 6600.0 5800.0 7000.0 6800.0
0.0 800.0 6400.0 7400.0 6600.0 1600.0 6800.0 1600.0 6000.0 7000.0 5800.0 7000.0 7200.0 0.0 6200.0 1600.0 6600.0 7000.0 1800.0 7000.0 6400.0 800.0 6600.0 1800.0 6600.0 1000.0 7400.0 6600.0 6600.0 7000.0 7000.0 6600.0 7000.0 6800.0 7600.0 7200.0 1200.0 7200.0 1200.0 6400.0 400.0 7000.0 6600.0 6800.0 6400.0 5800.0 600.0 6800.0 6600.0 6600.0 1000.0 7000.0 7000.0 6600.0 7000.0 6400.0 1200.0 6600.0 6200.0 7000.0 6000.0 7000.0 6800.0 6000.0 7400.0 6400.0 7000.0 6200.0 6600.0 6600.0 800.0 6600.0 7600.0 7000.0 7200.0 1400.0 1000.0 2000.0 6600.0 2000.0 6600.0
0.0 6400.0 1000.0 7400.0 7000.0 6800.0 6800.0 6800.0 7000.0 1800.0 1200.0 7000.0 7200.0 6800.0 0.0 7000.0 6000.0 800.0 6600.0 6600.0 6600.0 6000.0 6200.0 6400.0 1600.0 6200.0 7200.0 6800.0 5800.0 6200.0 6800.0 6200.0 1600.0 600.0 1600.0 7000.0 6400.0 6800.0 6600.0 200.0 6800.0 7000.0 1200.0 6400.0 6600.0 6400.0 6400.0 6200.0 6600.0 6000.0 6200.0 6600.0 1600.0 600.0 1000.0 600.0 6200.0 6600.0 5800.0 7000.0 7000.0 6600.0 6400.0 6600.0 1200.0 6600.0 7000.0 6200.0 6600.0 6400.0 6600.0 6200.0 1800.0 6600.0 1400.0 6800.0 7200.0 7000.0 1600.0 7000.0 1200.0
0.0 200.0 6000.0 7600.0 6400.0 1600.0 5600.0 200.0 6200.0 6200.0 6200.0 6600.0 6200.0 1000.0 6200.0 0.0 6000.0 6800.0 1000.0 5800.0 6600.0 1200.0 5800.0 800.0 6400.0 400.0 6600.0 6400.0 6400.0 6200.0 6000.0 6800.0 6600.0 6000.0 7000.0 6800.0 1000.0 6400.0 600.0 6200.0 800.0 6200.0 6200.0 6200.0 6400.0 6600.0 1000.0 5600.0 6200.0 6600.0 400.0 6600.0 6400.0 6600.0 6200.0 6000.0 400.0 6400.0 5800.0 6800.0 7000.0 6400.0 6200.0 7000.0 6400.0 6400.0 6000.0 6000.0 5600.0 6000.0 1200.0 5800.0 7000.0 6200.0 6200.0 800.0 1000.0 1600.0 6400.0 1200.0 6600.0
0.0 7000.0 6800.0 8000.0 1800.0 7200.0 1800.0 7200.0 1600.0 7600.0 7000.0 2000.0 1800.0 6800.0 6800.0 7000.0 0.0 6800.0 7200.0 7400.0 6200.0 7200.0 1800.0 6400.0 7200.0 6800.0 2200.0 7200.0 800.0 6800.0 2000.0 2000.0 6800.0 6400.0 7000.0 7800.0 7200.0 7600.0 7000.0 7000.0 6800.0 7200.0 7600.0 1800.0 2000.0 6200.0 7200.0 6800.0 2200.0 1000.0 7400.0 800.0 7000.0 7000.0 7200.0 7200.0 7200.0 7200.0 7000.0 7400.0 1800.0 1400.0 7000.0 6600.0 7600.0 6000.0 7400.0 1600.0 1800.0 7000.0 6400.0 7400.0 7600.0 7800.0 6800.0 7200.0 7200.0 6600.0 7400.0 7600.0 6800.0
0.0 5600.0 600.0 6800.0 7000.0 7200.0 6600.0 6600.0 6600.0 1600.0 1000.0 7000.0 7000.0 7000.0 600.0 7000.0 6200.0 0.0 6600.0 6800.0 6600.0 6600.0 6000.0 6800.0 1200.0 6000.0 6400.0 6800.0 6400.0 6800.0 6600.0 6800.0 1600.0 1200.0 1600.0 6800.0 7000.0 6800.0 6800.0 800.0 6600.0 6600.0 1000.0 6200.0 6600.0 6800.0 6400.0 6600.0 6600.0 6600.0 6200.0 6400.0 1200.0 1200.0 1000.0 600.0 6000.0 6600.0 5600.0 6800.0 7000.0 6400.0 6200.0 7000.0 1000.0 6600.0 7000.0 6000.0 6400.0 6200.0 6800.0 6200.0 2000.0 6600.0 1600.0 6400.0 7000.0 7200.0 1600.0 7000.0 1200.0
0.0 1600.0 6000.0 7800.0 6400.0 1800.0 6800.0 1200.0 6400.0 7000.0 6200.0 7200.0 7400.0 1400.0 7200.0 1800.0 6200.0 6800.0 0.0 6800.0 6600.0 1200.0 7200.0 400.0 7000.0 600.0 7400.0 7000.0 6600.0 7000.0 7000.0 7000.0 6600.0 6800.0 7800.0 8000.0 1600.0 6800.0 1600.0 6800.0 800.0 6600.0 7000.0 7400.0 6800.0 7000.0 1600.0 6800.0 7000.0 7000.0 1400.0 7000.0 6600.0 7000.0 7000.0 7200.0 1800.0 7200.0 7000.0 7000.0 7400.0 7000.0 6800.0 7200.0 7600.0 6600.0 7200.0 6600.0 6800.0 6200.0 1400.0 7200.0 7200.0 7600.0 6200.0 1000.0 2200.0 2000.0 7200.0 1800.0 7200.0
0.0 6000.0 6400.0 2600.0 6400.0 7400.0 6000.0 6000.0 6600.0 6600.0 6600.0 6800.0 6600.0 6800.0 6600.0 6000.0 6400.0 6800.0 6800.0 0.0 1600.0 7000.0 6200.0 6600.0 6400.0 6200.0 7000.0 1400.0 6800.0 1200.0 5800.0 7200.0 7000.0 6400.0 7200.0 1800.0 6800.0 1400.0 5600.0 6600.0 6600.0 1200.0 6600.0 6600.0 6800.0 1600.0 6400.0 600.0 6600.0 7000.0 6200.0 7000.0 6200.0 7000.0 6600.0 6400.0 6200.0 800.0 800.0 1600.0 6600.0 6600.0 1200.0 1800.0 6800.0 1400.0 1000.0 6400.0 6000.0 1000.0 7000.0 800.0 7400.0 1200.0 6600.0 5800.0 6800.0 7400.0 6800.0 7000.0 6800.0
0.0 6600.0 6600.0 2400.0 7400.0 6600.0 6600.0 6600.0 7000.0 7200.0 6800.0 7200.0 7200.0 6400.0 7000.0 6400.0 6800.0 7400.0 7200.0 1400.0 0.0 7000.0 6800.0 7000.0 7000.0 6600.0 7600.0 1800.0 5600.0 1200.0 7000.0 7600.0 7000.0 7000.0 6800.0 1800.0 6600.0 2000.0 7000.0 7000.0 6800.0 1800.0 7000.0 6600.0 7000.0 600.0 7000.0 1200.0 7200.0 7000.0 6800.0 7400.0 7200.0 7000.0 7000.0 7000.0 6800.0 1600.0 1200.0 1400.0 7000.0 7400.0 1800.0 1000.0 7200.0 1800.0 1400.0 6800.0 6600.0 800.0 7000.0 1400.0 7200.0 1800.0 7200.0 7000.0 7200.0 6800.0 7200.0 7600.0 6200.0
0.0 1800.0 7400.0 7800.0 7400.0 2000.0 7200.0 1200.0 6400.0 7600.0 6400.0 7400.0 7600.0 1600.0 7400.0 1800.0 7600.0 7000.0 2000.0 6800.0 7000.0 0.0 7400.0 2400.0 7000.0 2000.0 7800.0 7000.0 6600.0 7200.0 7000.0 7000.0 7200.0 7400.0 7800.0 8000.0 600.0 8000.0 1600.0 7200.0 800.0 7200.0 7000.0 7400.0 7000.0 7000.0 1600.0 7200.0 7000.0 7400.0 1400.0 8000.0 7200.0 7400.0 7200.0 7400.0 2000.0 7200.0 7200.0 7600.0 6600.0 7800.0 7800.0 7400.0 8000.0 7400.0 7800.0 6800.0 7400.0 6400.0 800.0 7200.0 8200.0 7800.0 8000.0 1800.0 1400.0 2200.0 7200.0 2600.0 6600.0
0.0 6200.0 6400.0 8000.0 1200.0 7800.0 1200.0 7000.0 1600.0 7200.0 6800.0 1600.0 1800.0 7400.0 6600.0 7600.0 1400.0 7000.0 6000.0 7200.0 7000.0 7000.0 0.0 6400.0 6800.0 6400.0 2200.0 7200.0 1200.0 7000.0 1800.0 1800.0 7200.0 6800.0 7600.0 7200.0 7200.0 7200.0 7200.0 6600.0 6800.0 7000.0 7000.0 1400.0 1800.0 7000.0 6800.0 6600.0 1600.0 1400.0 6600.0 1600.0 6400.0 7000.0 5800.0 6400.0 6600.0 7000.0 6200.0 7200.0 2000.0 1400.0 6800.0 7400.0 7400.0 7200.0 7000.0 1000.0 1400.0 6800.0 6200.0 6600.0 7000.0 7000.0 6800.0 6200.0 7400.0 7800.0 7400.0 7400.0 6800.0
0.0 1200.0 6000.0 7400.0 6200.0 1800.0 6400.0 1400.0 6000.0 7000.0 6000.0 7200.0 7000.0 1200.0 7000.0 2000.0 6400.0 7400.0 1800.0 7000.0 6600.0 800.0 7000.0 0.0 7000.0 600.0 7000.0 6600.0 6800.0 6600.0 7200.0 6600.0 7000.0 6800.0 7800.0 7600.0 1200.0 6800.0 1600.0 7000.0 600.0 6600.0 6800.0 7000.0 6600.0 6800.0 1200.0 6400.0 6800.0 6600.0 1000.0 7000.0 6800.0 7400.0 7000.0 6800.0 1600.0 6800.0 6600.0 7200.0 7000.0 6600.0 6600.0 7000.0 7200.0 6800.0 7000.0 6400.0 6600.0 6400.0 1000.0 7000.0 7200.0 7400.0 6000.0 1200.0 1800.0 2000.0 7000.0 2000.0 6800.0
0.0 6800.0 1600.0 8000.0 7400.0 7000.0 7000.0 7000.0 6800.0 2200.0 1200.0 5800.0 6200.0 6200.0 1600.0 7000.0 7000.0 1200.0 7200.0 7200.0 6000.0 6800.0 6600.0 7200.0 0.0 6800.0 7200.0 6200.0 6200.0 6400.0 7400.0 7400.0 2000.0 2000.0 1800.0 7600.0 7200.0 7400.0 7000.0 1800.0 6600.0 7200.0 1800.0 7000.0 7200.0 6600.0 6800.0 7000.0 7200.0 7400.0 6800.0 7600.0 2000.0 2000.0 1600.0 1800.0 6800.0 6600.0 6800.0 6000.0 6600.0 7200.0 6800.0 6800.0 2200.0 6000.0 7000.0 7000.0 7000.0 6800.0 6400.0 6800.0 2200.0 7200.0 2200.0 7000.0 6200.0 7200.0 1000.0 7600.0 1400.0
0.0 1600.0 6600.0 7600.0 6400.0 1400.0 6800.0 800.0 6200.0 7200.0 6200.0 6800.0 7000.0 1400.0 6800.0 1400.0 5800.0 7000.0 1400.0 6400.0 6200.0 1000.0 6800.0 1400.0 6600.0 0.0 7400.0 6800.0 6400.0 6400.0 6600.0 6800.0 6400.0 6800.0 7200.0 7600.0 1400.0 7600.0 1000.0 6600.0 800.0 6200.0 6800.0 7200.0 6800.0 6600.0 1400.0 6600.0 7000.0 6800.0 1200.0 6400.0 6200.0 6800.0 6600.0 6800.0 1400.0 7000.0 6800.0 7000.0 7200.0 6800.0 7000.0 6800.0 7600.0 6200.0 7200.0 6600.0 6800.0 5800.0 1200.0 6800.0 7600.0 7200.0 7200.0 600.0 1800.0 1600.0 7000.0 2200.0 7000.0
0.0 6600.0 6400.0 8000.0 1200.0 6800.0 1200.0 6800.0 1400.0 7000.0 6400.0 1600.0 1800.0 7000.0 6200.0 7200.0 1200.0 6800.0 6800.0 7000.0 6800.0 6600.0 800.0 6600.0 6600.0 6400.0 0.0 5800.0 1000.0 6600.0 1600.0 1400.0 7000.0 6200.0 7200.0 6800.0 7000.0 7000.0 6800.0 6200.0 6800.0 7000.0 5600.0 1000.0 200.0 6800.0 6400.0 6600.0 1200.0 1200.0 6200.0 800.0 6400.0 6600.0 6600.0 6000.0 6200.0 6600.0 5800.0 7000.0 800.0 1200.0 6400.0 7000.0 7000.0 7000.0 7000.0 600.0 1200.0 6200.0 7000.0 6200.0 7200.0 6600.0 7000.0 6800.0 6600.0 7000.0 6000.0 7000.0 6600.0
0.0 6600.0 6800.0 2200.0 7000.0 6400.0 7000.0 6800.0 7000.0 7600.0 6200.0 7400.0 7600.0 6800.0 7000.0 7200.0 6800.0 7400.0 6600.0 1800.0 2000.0 7200.0 6000.0 6800.0 7000.0 6800.0 7800.0 0.0 6200.0 1600.0 7200.0 7200.0 7400.0 6800.0 7200.0 2000.0 6800.0 1400.0 6800.0 6800.0 7000.0 2000.0 6400.0 6800.0 6600.0 1200.0 7200.0 1600.0 6600.0 6800.0 6200.0 7400.0 6800.0 7000.0 6400.0 6800.0 6000.0 2000.0 1200.0 1400.0 7200.0 7200.0 1800.0 1400.0 7200.0 2000.0 1400.0 7000.0 7000.0 1400.0 6800.0 800.0 7000.0 1200.0 7200.0 6600.0 7400.0 6800.0 5800.0 6800.0 6600.0
0.0 6800.0 7000.0 8200.0 1800.0 7200.0 1800.0 7200.0 1400.0 7200.0 6800.0 1800.0 2000.0 6400.0 7000.0 7200.0 1200.0 7400.0 7000.0 7400.0 6800.0 7000.0 1800.0 7000.0 6800.0 7000.0 2600.0 7200.0 0.0 6400.0 1800.0 2000.0 6800.0 7400.0 6800.0 7400.0 7400.0 7600.0 6800.0 7000.0 6800.0 7600.0 7200.0 1400.0 1800.0 6000.0 6800.0 7000.0 1800.0 2000.0 7200.0 1800.0 7000.0 6800.0 7000.0 7200.0 7200.0 6800.0 7000.0 7400.0 1600.0 2000.0 7400.0 6200.0 7600.0 7200.0 6600.0 1200.0 1800.0 6200.0 7000.0 7400.0 7000.0 7400.0 7400.0 7200.0 7200.0 7600.0 7400.0 8000.0 7200.0
0.0 7400.0 7200.0 2800.0 7000.0 7000.0 7200.0 7600.0 7400.0 8000.0 7400.0 7000.0 7200.0 7400.0 7200.0 7600.0 7000.0 7200.0 7000.0 2200.0 1200.0 7200.0 7200.0 7000.0 6800.0 7200.0 7800.0 1800.0 6800.0 0.0 7800.0 7200.0 6600.0 7400.0 7800.0 1600.0 7600.0 2600.0 7800.0 6800.0 7400.0 2000.0 7600.0 7400.0 7800.0 1800.0 7400.0 1400.0 7200.0 7400.0 7400.0 7600.0 6800.0 7000.0 6800.0 7200.0 7200.0 2400.0 1600.0 1800.0 7800.0 6400.0 2000.0 2000.0 8000.0 1800.0 1400.0 7200.0 7400.0 600.0 7200.0 1800.0 7800.0 2200.0 7400.0 7000.0 7000.0 7400.0 7400.0 7600.0 7200.0
0.0 6600.0 6400.0 8200.0 800.0 7600.0 1000.0 6600.0 1600.0 7000.0 6600.0 1000.0 1400.0 7000.0 7000.0 6600.0 1200.0 7000.0 7200.0 6800.0 6800.0 7000.0 1400.0 7000.0 6200.0 6400.0 1600.0 6800.0 1400.0 7000.0 0.0 2000.0 7000.0 6800.0 7800.0 7000.0 6800.0 7000.0 6200.0 7000.0 7000.0 6600.0 6800.0 1200.0 1600.0 7200.0 6200.0 6400.0 1800.0 1800.0 6800.0 1800.0 5800.0 7200.0 7000.0 6800.0 6800.0 5800.0 6600.0 6800.0 1800.0 1200.0 7000.0 7200.0 7200.0 6600.0 7000.0 1600.0 1200.0 6600.0 7000.0 6800.0 7400.0 7200.0 7000.0 5600.0 6600.0 7600.0 7000.0 7600.0 6600.0
0.0 7000.0 7400.0 6800.0 2200.0 8000.0 2000.0 7600.0 1600.0 7600.0 6800.0 2400.0 1600.0 6400.0 7200.0 7400.0 2000.0 7000.0 7800.0 7800.0 7400.0 7000.0 1800.0 7600.0 7600.0 7000.0 2400.0 7000.0 2000.0 7400.0 2400.0 0.0 8000.0 7000.0 7600.0 8200.0 7400.0 7200.0 7200.0 7200.0 6800.0 7600.0 7600.0 2200.0 2000.0 6600.0 7000.0 7400.0 2200.0 2200.0 7200.0 2400.0 7600.0 7600.0 7600.0 7200.0 7200.0 6800.0 7000.0 8000.0 1600.0 2000.0 7600.0 7000.0 7600.0 7200.0 7800.0 1800.0 1600.0 7200.0 7000.0 7400.0 7800.0 7800.0 7600.0 7400.0 7200.0 8000.0 7000.0 8200.0 7400.0
0.0 6400.0 800.0 7400.0 6000.0 6800.0 6200.0 6800.0 6800.0 1600.0 1000.0 6400.0 6600.0 6800.0 800.0 7000.0 6000.0 1400.0 6000.0 6600.0 6600.0 6800.0 6000.0 6400.0 600.0 6200.0 7000.0 6600.0 5800.0 6800.0 6800.0 6200.0 0.0 1200.0 1600.0 7000.0 6600.0 6800.0 6600.0 200.0 6800.0 6400.0 1000.0 6400.0 6600.0 6200.0 6400.0 6200.0 6600.0 6600.0 6200.0 6600.0 200.0 600.0 400.0 600.0 6000.0 6600.0 5800.0 6600.0 7000.0 6600.0 6400.0 6600.0 1600.0 6400.0 6800.0 6000.0 6400.0 6200.0 6800.0 6200.0 1400.0 6600.0 1400.0 6000.0 6800.0 7000.0 1600.0 7000.0 1200.0
0.0 6600.0 1600.0 8200.0 7200.0 7400.0 6400.0 7000.0 7000.0 1800.0 1600.0 7400.0 7000.0 7000.0 1200.0 6800.0 7000.0 1800.0 7200.0 6400.0 6400.0 7200.0 6800.0 7000.0 1600.0 6600.0 7400.0 6800.0 6600.0 5800.0 6600.0 7000.0 1400.0 0.0 2200.0 7400.0 7600.0 7000.0 6600.0 1200.0 7000.0 7200.0 1200.0 7200.0 6800.0 6600.0 7200.0 5800.0 7200.0 7000.0 7000.0 6600.0 1600.0 1600.0 1600.0 1400.0 6800.0 7000.0 6600.0 7600.0 6600.0 6800.0 7200.0 7000.0 1800.0 7400.0 7000.0 7000.0 6600.0 6200.0 7400.0 6800.0 2200.0 7200.0 1800.0 6800.0 6800.0 7600.0 1200.0 7600.0 1400.0
0.0 5600.0 600.0 7600.0 6800.0 7000.0 6600.0 6400.0 6000.0 1600.0 600.0 7000.0 7000.0 6200.0 800.0 7000.0 6200.0 1400.0 5800.0 6800.0 6600.0 6200.0 6200.0 6200.0 1400.0 6000.0 7200.0 6000.0 6400.0 6800.0 6600.0 6800.0 1600.0 1200.0 0.0 6800.0 6400.0 6800.0 6800.0 800.0 6000.0 6600.0 1200.0 6200.0 6600.0 5800.0 6400.0 6600.0 6200.0 6600.0 6200.0 6600.0 1200.0 1200.0 800.0 600.0 6200.0 6600.0 5600.0 6800.0 6800.0 6400.0 6200.0 6000.0 1800.0 6800.0 7000.0 6000.0 6400.0 6200.0 6400.0 6200.0 1800.0 6600.0 1200.0 6400.0 7000.0 7200.0 1000.0 7000.0 1200.0
0.0 7000.0 5800.0 2600.0 6800.0 7000.0 6800.0 6600.0 6600.0 6800.0 6600.0 7200.0 7400.0 7000.0 7200.0 6800.0 6200.0 7200.0 6400.0 1400.0 1000.0 6800.0 7000.0 6200.0 6800.0 5800.0 7600.0 1400.0 6600.0 1400.0 7000.0 7200.0 6800.0 6600.0 7600.0 0.0 7200.0 1200.0 6800.0 6800.0 6400.0 1000.0 7000.0 7200.0 6800.0 1600.0 7000.0 1400.0 7000.0 6600.0 6800.0 6800.0 6600.0 7200.0 7000.0 7000.0 7000.0 1800.0 1600.0 1800.0 7600.0 7000.0 1800.0 1800.0 7600.0 1200.0 1800.0 6800.0 7000.0 600.0 6800.0 1600.0 6400.0 1000.0 6600.0 6400.0 7600.0 7200.0 7000.0 7000.0 7200.0
0.0 1400.0 7000.0 7400.0 7000.0 1600.0 7400.0 1600.0 6000.0 7800.0 5800.0 7000.0 7400.0 1000.0 7200.0 2000.0 7200.0 6600.0 1600.0 7000.0 6600.0 800.0 7000.0 2000.0 6800.0 1600.0 7400.0 6600.0 6800.0 6800.0 6800.0 6600.0 6800.0 7400.0 8000.0 7600.0 0.0 7600.0 1800.0 6800.0 400.0 7600.0 6600.0 7000.0 6400.0 6800.0 1200.0 6800.0 6600.0 7200.0 1000.0 7600.0 7000.0 7000.0 6800.0 7000.0 1600.0 6800.0 6800.0 7000.0 7000.0 7400.0 7400.0 7000.0 7600.0 7200.0 7600.0 6200.0 7200.0 6000.0 1000.0 6800.0 7600.0 7400.0 7800.0 1400.0 1800.0 2000.0 6800.0 2200.0 6800.0
0.0 6400.0 6600.0 2000.0 7200.0 7800.0 7000.0 6800.0 7200.0 7400.0 7000.0 7600.0 7400.0 7200.0 6800.0 7000.0 6800.0 6200.0 6800.0 1800.0 1600.0 7000.0 6200.0 7000.0 7200.0 6600.0 7000.0 1800.0 7000.0 1400.0 7200.0 7400.0 7200.0 7000.0 7600.0 2000.0 7400.0 0.0 6800.0 6800.0 7200.0 800.0 7000.0 6800.0 7200.0 1400.0 6200.0 1200.0 7000.0 7200.0 6800.0 7000.0 7000.0 7200.0 6600.0 6600.0 6600.0 1000.0 1000.0 1400.0 7200.0 6400.0 1200.0 1800.0 7000.0 1600.0 2000.0 5800.0 6800.0 1400.0 7000.0 1200.0 6000.0 1800.0 7400.0 6800.0 7200.0 7800.0 7400.0 7400.0 7000.0
0.0 600.0 6400.0 7800.0 6800.0 2000.0 5800.0 600.0 6400.0 6600.0 6600.0 7000.0 6600.0 1400.0 6400.0 400.0 6400.0 7000.0 1200.0 6200.0 6800.0 1400.0 6000.0 1200.0 6600.0 600.0 6800.0 6600.0 6800.0 6600.0 6400.0 7000.0 7000.0 6200.0 7200.0 7200.0 1400.0 6800.0 0.0 6600.0 1200.0 6400.0 6400.0 6600.0 6600.0 7000.0 1200.0 5800.0 6400.0 6800.0 800.0 6800.0 6800.0 6800.0 6400.0 6200.0 600.0 6800.0 6000.0 7200.0 6400.0 6600.0 6600.0 7200.0 6600.0 6800.0 6400.0 6400.0 6000.0 6200.0 1400.0 6000.0 7200.0 6600.0 6600.0 1000.0 1200.0 2000.0 6600.0 1400.0 7000.0
0.0 6600.0 1000.0 7400.0 7200.0 6800.0 6600.0 6800.0 6800.0 1600.0 1000.0 7000.0 7000.0 6600.0 800.0 6800.0 5800.0 1400.0 6600.0 6400.0 6600.0 6600.0 6000.0 6800.0 1600.0 6200.0 7200.0 6600.0 5800.0 6800.0 6600.0 6000.0 1600.0 1200.0 1600.0 6800.0 6800.0 6800.0 6600.0 0.0 6600.0 6800.0 1000.0 6200.0 6600.0 6200.0 6400.0 6200.0 6400.0 6600.0 6200.0 6600.0 1400.0 400.0 1000.0 600.0 6000.0 6600.0 5600.0 6800.0 7000.0 6400.0 6200.0 6400.0 1800.0 6400.0 6800.0 6000.0 6400.0 6200.0 6800.0 6000.0 1800.0 6600.0 1600.0 6600.0 7200.0 7000.0 1600.0 6800.0 1200.0
0.0 1400.0 6600.0 7000.0 7000.0 1200.0 7000.0 1200.0 5600.0 7400.0 5600.0 7200.0 7200.0 800.0 6800.0 1600.0 6800.0 7400.0 1800.0 6600.0 7000.0 400.0 6600.0 1800.0 7000.0 1200.0 7600.0 6200.0 6800.0 7000.0 6800.0 6200.0 7200.0 7000.0 7800.0 7200.0 800.0 7200.0 1400.0 7000.0 0.0 7200.0 6200.0 6600.0 6200.0 6400.0 800.0 6600.0 6400.0 7000.0 600.0 7400.0 6600.0 7200.0 7000.0 7000.0 1200.0 6400.0 6800.0 6800.0 6800.0 7000.0 7400.0 6600.0 7400.0 7000.0 7200.0 6000.0 6800.0 6600.0 600.0 6600.0 7400.0 7000.0 7400.0 1400.0 1600.0 1600.0 6400.0 1800.0 6400.0
0.0 7000.0 6800.0 2800.0 7600.0 7600.0 7000.0 7200.0 7200.0 7600.0 7000.0 7200.0 7600.0 7400.0 6200.0 7400.0 6800.0 7000.0 6800.0 1800.0 2000.0 6800.0 6400.0 7000.0 7400.0 6600.0 7400.0 1600.0 6600.0 1600.0 7400.0 7000.0 7400.0 6800.0 7200.0 2000.0 7200.0 1800.0 7200.0 6400.0 7200.0 0.0 6800.0 6800.0 7000.0 1600.0 6800.0 1600.0 6800.0 6800.0 6600.0 7400.0 7200.0 6800.0 6800.0 6200.0 6400.0 1600.0 800.0 1800.0 7400.0 7000.0 1400.0 2000.0 7400.0 1800.0 1800.0 6600.0 7000.0 1400.0 7200.0 1000.0 7600.0 1600.0 7400.0 7000.0 7600.0 7800.0 7200.0 7000.0 7000.0
0.0 6800.0 1400.0 8000.0 6600.0 6800.0 6800.0 7000.0 7200.0 2000.0 1000.0 7000.0 7200.0 7000.0 1800.0 7200.0 7000.0 1400.0 6800.0 7200.0 6800.0 7200.0 6200.0 6800.0 1200.0 6800.0 6800.0 5800.0 6400.0 6600.0 7400.0 7400.0 1400.0 800.0 2000.0 7600.0 7000.0 7000.0 6800.0 1600.0 7200.0 7000.0 0.0 7000.0 5600.0 6800.0 6400.0 6400.0 6800.0 7000.0 6400.0 7400.0 800.0 1800.0 1200.0 1600.0 6200.0 6600.0 6800.0 6800.0 7200.0 6600.0 7400.0 7000.0 1600.0 7000.0 7000.0 6000.0 7000.0 6200.0 7000.0 6400.0 1800.0 6800.0 1800.0 6800.0 7200.0 7000.0 600.0 7000.0 1600.0
0.0 5800.0 5600.0 7600.0 1200.0 7000.0 1200.0 6200.0 800.0 6200.0 6200.0 1400.0 1000.0 6400.0 6200.0 6800.0 400.0 6800.0 6800.0 6400.0 6200.0 6400.0 800.0 6200.0 6600.0 5600.0 1200.0 6000.0 800.0 6400.0 1200.0 1400.0 6600.0 6000.0 7200.0 6000.0 6800.0 7000.0 6600.0 6200.0 6200.0 6200.0 5800.0 0.0 600.0 6600.0 6400.0 6200.0 1200.0 1200.0 6200.0 1200.0 6200.0 6600.0 6600.0 6000.0 6200.0 6200.0 5800.0 7000.0 1600.0 1200.0 6400.0 6800.0 6400.0 6200.0 7000.0 600.0 400.0 5800.0 6600.0 6200.0 7000.0 6800.0 6200.0 6000.0 6400.0 6600.0 6400.0 6800.0 5800.0
0.0 6600.0 6600.0 7800.0 1000.0 6600.0 1400.0 7000.0 1800.0 7400.0 6200.0 1400.0 1600.0 6800.0 7000.0 7200.0 1400.0 7000.0 6600.0 7200.0 6600.0 7200.0 600.0 6800.0 6400.0 6600.0 1600.0 5600.0 800.0 6800.0 1800.0 2000.0 6800.0 6400.0 7200.0 7400.0 7000.0 6800.0 7000.0 6800.0 7000.0 6800.0 5600.0 1600.0 0.0 6600.0 6400.0 6600.0 1200.0 1600.0 6200.0 2000.0 6200.0 7200.0 6400.0 6800.0 6200.0 6600.0 6600.0 6800.0 2000.0 1400.0 7200.0 7000.0 7200.0 7000.0 7000.0 800.0 1400.0 6000.0 6800.0 6200.0 7000.0 6600.0 7000.0 6600.0 7200.0 7000.0 5800.0 7000.0 6800.0
0.0 6600.0 7000.0 2400.0 7000.0 7400.0 6800.0 6800.0 6400.0 6800.0 6400.0 6800.0 7000.0 6000.0 6600.0 6800.0 7000.0 7400.0 7400.0 1600.0 1400.0 6600.0 7000.0 7400.0 6400.0 6800.0 7800.0 1600.0 7000.0 1800.0 6800.0 7000.0 7400.0 7000.0 8000.0 2200.0 7000.0 2000.0 6400.0 6800.0 6200.0 1800.0 7000.0 7000.0 7000.0 0.0 6400.0 1400.0 7000.0 7000.0 6800.0 7400.0 7000.0 6400.0 7200.0 6800.0 7000.0 1000.0 1200.0 1600.0 6600.0 7000.0 1800.0 400.0 7600.0 1400.0 1800.0 6200.0 7000.0 1600.0 6600.0 1600.0 8000.0 2000.0 7400.0 6800.0 6800.0 7800.0 7000.0 7800.0 7000.0
0.0 800.0 6600.0 8000.0 7000.0 2200.0 7000.0 1600.0 6800.0 6600.0 6800.0 7200.0 6800.0 1600.0 6600.0 2000.0 6000.0 7200.0 1600.0 7000.0 6800.0 1000.0 6600.0 1400.0 7000.0 800.0 7000.0 6800.0 6800.0 6800.0 7200.0 7000.0 6400.0 6400.0 7600.0 7200.0 1400.0 7200.0 1800.0 6600.0 1400.0 6800.0 7000.0 6800.0 7200.0 6800.0 0.0 6600.0 7000.0 7000.0 1200.0 6800.0 6600.0 6600.0 6800.0 6400.0 1200.0 7000.0 6200.0 7400.0 7400.0 7000.0 6800.0 7200.0 6800.0 6600.0 7400.0 6400.0 6200.0 6400.0 1600.0 6600.0 7800.0 7000.0 6600.0 1400.0 1400.0 1800.0 7000.0 2000.0 7000.0
0.0 6400.0 6600.0 2800.0 7000.0 7600.0 6200.0 7000.0 6800.0 6800.0 6600.0 7200.0 6800.0 7000.0 6800.0 7200.0 6600.0 7400.0 7000.0 1400.0 1800.0 7000.0 6400.0 6800.0 7000.0 6400.0 7200.0 1200.0 7000.0 1400.0 7000.0 7400.0 7400.0 6400.0 7600.0 2000.0 7400.0 1800.0 7000.0 6800.0 6800.0 1600.0 6400.0 6800.0 6600.0 1400.0 7000.0 0.0 7000.0 7200.0 6600.0 7000.0 7000.0 7200.0 6800.0 6600.0 6600.0 1800.0 1000.0 2000.0 7400.0 7000.0 1600.0 1600.0 7000.0 1800.0 1200.0 6600.0 6200.0 1200.0 7200.0 1200.0 7800.0 1600.0 6800.0 6800.0 7000.0 7600.0 6200.0 7400.0 7200.0
0.0 6400.0 5800.0 7800.0 1400.0 7000.0 1200.0 5800.0 1000.0 6800.0 6200.0 1600.0 1600.0 6800.0 6800.0 6400.0 600.0 7000.0 7000.0 6000.0 6400.0 6600.0 1200.0 7000.0 6800.0 5800.0 1800.0 7000.0 1000.0 6200.0 1000.0 1600.0 6600.0 6600.0 7600.0 7200.0 5800.0 7000.0 6200.0 6400.0 6200.0 6400.0 6800.0 1200.0 1400.0 6800.0 7000.0 6600.0 0.0 1600.0 6000.0 1400.0 6400.0 6800.0 6800.0 6800.0 6600.0 6800.0 6400.0 7200.0 1800.0 1600.0 7000.0 7000.0 6800.0 6400.0 7000.0 1200.0 1000.0 5800.0 6800.0 6400.0 7400.0 6800.0 7000.0 6200.0 7000.0 7200.0 7200.0 7000.0 7000.0
0.0 6600.0 7000.0 7400.0 1800.0 7400.0 1000.0 7000.0 1600.0 7200.0 7000.0 1600.0 1800.0 7000.0 6600.0 6800.0 1600.0 7200.0 7000.0 6400.0 6400.0 7200.0 1400.0 7000.0 6600.0 6800.0 2000.0 7000.0 1200.0 5800.0 1400.0 1800.0 6800.0 5600.0 6600.0 7400.0 7600.0 7200.0 6600.0 6600.0 7000.0 7200.0 6600.0 1800.0 1400.0 6600.0 7200.0 5800.0 1800.0 0.0 7000.0 1400.0 7000.0 7000.0 7000.0 7000.0 6800.0 7000.0 6600.0 7200.0 1200.0 1400.0 7200.0 7000.0 7200.0 7000.0 7000.0 1600.0 1200.0 6200.0 7000.0 7000.0 6800.0 7400.0 7200.0 6800.0 6800.0 7600.0 6600.0 7200.0 6200.0
0.0 1000.0 6200.0 8200.0 7000.0 1800.0 6800.0 800.0 6600.0 7000.0 6600.0 7200.0 7000.0 1800.0 6800.0 1400.0 6400.0 7400.0 1800.0 6400.0 6600.0 1400.0 6800.0 1600.0 7000.0 800.0 7200.0 6800.0 6800.0 6600.0 6600.0 7400.0 7000.0 6600.0 7600.0 6800.0 800.0 7200.0 1200.0 6800.0 1200.0 6800.0 6600.0 6200.0 6600.0 7200.0 1600.0 6800.0 5800.0 6400.0 0.0 7000.0 6800.0 7200.0 7000.0 6600.0 1400.0 6800.0 6400.0 7400.0 7400.0 7200.0 7000.0 7200.0 7000.0 6800.0 7400.0 6800.0 6400.0 6200.0 1600.0 6600.0 7400.0 7000.0 7000.0 1200.0 1400.0 1800.0 7000.0 2000.0 6600.0
0.0 6200.0 6400.0 7400.0 1000.0 7400.0 1400.0 7000.0 1000.0 7400.0 6200.0 1800.0 2000.0 6800.0 6600.0 6800.0 1200.0 6000.0 6800.0 6800.0 6800.0 6600.0 1200.0 5800.0 6800.0 6400.0 1600.0 7000.0 1400.0 6200.0 1400.0 1600.0 7000.0 5800.0 6400.0 7400.0 7000.0 7000.0 6800.0 6800.0 6200.0 7000.0 7000.0 1400.0 1400.0 6600.0 6800.0 6000.0 1600.0 400.0 6800.0 0.0 7000.0 7000.0 7000.0 6600.0 6600.0 7000.0 6200.0 7400.0 1600.0 600.0 6800.0 7000.0 7000.0 7000.0 7200.0 1200.0 1400.0 6600.0 6800.0 6800.0 7000.0 7200.0 6200.0 6800.0 7200.0 7800.0 6800.0 7400.0 6400.0
0.0 6200.0 600.0 8000.0 5800.0 7200.0 6000.0 6600.0 6600.0 1400.0 1200.0 6200.0 6400.0 6600.0 1200.0 7200.0 6200.0 1400.0 7200.0 6800.0 6400.0 6800.0 6600.0 6800.0 400.0 6000.0 6800.0 6600.0 6600.0 6600.0 7000.0 7000.0 1600.0 1000.0 2200.0 7400.0 6400.0 7400.0 7000.0 1400.0 6600.0 6200.0 1400.0 6800.0 7000.0 6800.0 6400.0 6200.0 7000.0 7000.0 6800.0 6800.0 0.0 1600.0 1600.0 1200.0 6600.0 7000.0 6200.0 6400.0 6800.0 7000.0 6800.0 7000.0 1600.0 6400.0 6600.0 6600.0 6200.0 6200.0 6600.0 6800.0 2600.0 7200.0 1400.0 6400.0 6600.0 7400.0 1400.0 7200.0 1800.0
0.0 6600.0 1600.0 7600.0 6800.0 7200.0 6600.0 6400.0 6600.0 1800.0 800.0 7200.0 7200.0 6800.0 1800.0 6400.0 6200.0 1800.0 7000.0 6000.0 6600.0 6800.0 6800.0 7000.0 1400.0 5800.0 7600.0 7000.0 6800.0 6800.0 6400.0 7200.0 1400.0 1400.0 2200.0 7800.0 7200.0 7400.0 6200.0 1400.0 6400.0 6400.0 1400.0 7200.0 7000.0 7000.0 7000.0 5800.0 7000.0 7000.0 6600.0 6800.0 1200.0 0.0 1600.0 1600.0 6800.0 6800.0 6600.0 7400.0 7200.0 7000.0 7200.0 7200.0 2000.0 6600.0 7000.0 6800.0 6600.0 6000.0 6800.0 6800.0 2600.0 7200.0 1800.0 6200.0 7400.0 7200.0 1200.0 7600.0 2000.0
0.0 6800.0 800.0 8000.0 6400.0 7400.0 6600.0 6800.0 6600.0 1800.0 1000.0 6600.0 7000.0 7000.0 1800.0 7400.0 6400.0 1400.0 5800.0 7000.0 6800.0 6800.0 7000.0 6000.0 1000.0 6200.0 7200.0 6800.0 6200.0 7000.0 7200.0 7200.0 1400.0 1600.0 2000.0 7000.0 7000.0 7000.0 7200.0 1600.0 6400.0 6800.0 1400.0 6600.0 7000.0 6800.0 7000.0 6600.0 7200.0 7200.0 7000.0 7000.0 600.0 1800.0 0.0 1600.0 7000.0 7200.0 6800.0 7000.0 7400.0 7200.0 7000.0 7000.0 2000.0 6800.0 7000.0 6800.0 6800.0 6400.0 7000.0 7000.0 1200.0 7400.0 1000.0 5800.0 7000.0 7600.0 1800.0 7400.0 1400.0
0.0 6400.0 1000.0 7600.0 7000.0 7000.0 6800.0 6600.0 6800.0 1800.0 1200.0 6600.0 7200.0 6800.0 200.0 6800.0 6200.0 1000.0 6400.0 6600.0 6800.0 6200.0 5800.0 6600.0 1400.0 6000.0 6800.0 6400.0 6000.0 6400.0 7000.0 6400.0 1600.0 600.0 1200.0 7000.0 6600.0 6400.0 6600.0 400.0 6600.0 6600.0 800.0 6600.0 6400.0 6400.0 6600.0 6400.0 6200.0 6000.0 5800.0 6800.0 1200.0 600.0 800.0 0.0 5800.0 6800.0 6000.0 7000.0 7200.0 6800.0 6600.0 6800.0 1400.0 6600.0 6600.0 6200.0 6800.0 6200.0 6600.0 5800.0 1600.0 6200.0 1600.0 6400.0 7000.0 7200.0 1200.0 6400.0 1200.0
0.0 800.0 6200.0 8000.0 6600.0 1600.0 6600.0 1000.0 6800.0 7000.0 6800.0 6800.0 7000.0 1800.0 6400.0 1200.0 6600.0 6800.0 600.0 6600.0 6800.0 1600.0 5600.0 1000.0 6600.0 800.0 7200.0 6200.0 6400.0 6600.0 6800.0 6800.0 7000.0 6600.0 6800.0 6800.0 1000.0 6200.0 1000.0 6200.0 1400.0 6800.0 6000.0 6200.0 6000.0 7000.0 1400.0 6600.0 6000.0 6600.0 200.0 7000.0 6400.0 6600.0 5800.0 6200.0 0.0 7000.0 6200.0 7200.0 7200.0 6800.0 6800.0 7200.0 7200.0 7000.0 6400.0 6400.0 6600.0 6400.0 1000.0 5600.0 6800.0 6000.0 6800.0 800.0 1400.0 1800.0 6400.0 1000.0 6600.0
0.0 6400.0 6600.0 2800.0 7000.0 7600.0 6200.0 6200.0 6800.0 6800.0 6800.0 7200.0 6800.0 7000.0 6600.0 6200.0 6400.0 7200.0 7000.0 1000.0 1600.0 6600.0 6400.0 6800.0 7000.0 6400.0 7200.0 1600.0 6800.0 1200.0 6800.0 7200.0 6800.0 6600.0 7600.0 2000.0 7000.0 1800.0 5800.0 6600.0 6800.0 1400.0 6800.0 6800.0 7000.0 1800.0 5800.0 800.0 6800.0 7000.0 6600.0 7000.0 7000.0 6800.0 6800.0 6600.0 6400.0 0.0 1000.0 2000.0 6800.0 6200.0 1600.0 2000.0 7000.0 1600.0 1400.0 6600.0 6200.0 1200.0 7000.0 1000.0 7600.0 1400.0 6800.0 6800.0 6200.0 7400.0 7000.0 7200.0 6200.0
0.0 6400.0 6200.0 2400.0 7000.0 7200.0 6400.0 6600.0 6600.0 6800.0 6200.0 6800.0 6800.0 6800.0 6000.0 7000.0 6400.0 6600.0 6400.0 1400.0 1200.0 6400.0 6000.0 6800.0 7000.0 6200.0 7000.0 1200.0 6200.0 1200.0 6800.0 6600.0 7000.0 6400.0 7000.0 1200.0 6800.0 1200.0 6600.0 6000.0 6400.0 1400.0 6400.0 6000.0 6400.0 1400.0 6200.0 1000.0 6400.0 6400.0 6000.0 7000.0 6800.0 6400.0 6200.0 5800.0 6000.0 1000.0 0.0 1200.0 6800.0 6200.0 600.0 1600.0 7000.0 1400.0 1400.0 5800.0 6200.0 1000.0 6800.0 600.0 7200.0 1000.0 6800.0 6600.0 7000.0 7000.0 6800.0 6800.0 6400.0
0.0 6800.0 7000.0 2800.0 7000.0 6800.0 7400.0 6800.0 6800.0 7800.0 6800.0 7400.0 7600.0 7400.0 7000.0 7400.0 6400.0 7600.0 7400.0 1600.0 1600.0 7000.0 7200.0 7400.0 7000.0 6200.0 8000.0 2000.0 7000.0 1600.0 7200.0 7400.0 7000.0 7200.0 7800.0 2400.0 7400.0 2400.0 7000.0 7200.0 6800.0 1400.0 7400.0 7200.0 7400.0 1600.0 7400.0 1800.0 7400.0 7200.0 7200.0 7000.0 6800.0 7200.0 7200.0 7000.0 7000.0 2200.0 1400.0 0.0 7800.0 7400.0 1800.0 1800.0 8000.0 1400.0 2400.0 7000.0 7400.0 1000.0 7000.0 1800.0 8200.0 2200.0 7000.0 6600.0 7600.0 7200.0 7600.0 8000.0 7600.0
0.0 7000.0 6600.0 8200.0 1200.0 7600.0 1400.0 6600.0 1800.0 7200.0 6800.0 1000.0 1200.0 6800.0 7400.0 7200.0 1400.0 7200.0 7600.0 6800.0 6400.0 7200.0 1800.0 7600.0 6000.0 6600.0 2000.0 6800.0 1200.0 6800.0 1600.0 2400.0 7200.0 7200.0 7800.0 7600.0 7400.0 8000.0 6800.0 7200.0 7200.0 7000.0 7400.0 1600.0 2200.0 7000.0 7400.0 6800.0 1800.0 2400.0 6800.0 2000.0 7200.0 7600.0 7400.0 7200.0 7200.0 7000.0 7000.0 6600.0 0.0 2400.0 7200.0 7200.0 7600.0 6400.0 7400.0 1800.0 1600.0 6800.0 6600.0 7200.0 8200.0 7800.0 7400.0 7000.0 5800.0 7600.0 7000.0 7800.0 7000.0
0.0 7600.0 7600.0 8200.0 2000.0 7400.0 2200.0 7000.0 1800.0 8000.0 7000.0 2000.0 2200.0 7600.0 7600.0 7400.0 2000.0 7600.0 7400.0 7000.0 7000.0 6200.0 2000.0 7400.0 7000.0 7600.0 2800.0 7600.0 1600.0 5800.0 2000.0 2200.0 7000.0 7800.0 8200.0 7400.0 6600.0 8200.0 7200.0 7000.0 7000.0 7400.0 7800.0 2400.0 2200.0 7400.0 7000.0 7000.0 2200.0 2400.0 7400.0 2600.0 7200.0 7400.0 7200.0 7600.0 7600.0 7800.0 7200.0 7600.0 1800.0 0.0 7800.0 7800.0 8200.0 7000.0 7000.0 2000.0 2200.0 6200.0 6800.0 7600.0 8200.0 8000.0 7800.0 7400.0 7400.0 7600.0 7400.0 8000.0 7400.0
0.0 6600.0 6800.0 2000.0 7000.0 7800.0 7200.0 7200.0 7000.0 7000.0 6800.0 7000.0 7000.0 7200.0 7000.0 7600.0 6400.0 7600.0 7000.0 2000.0 1600.0 6800.0 6400.0 7000.0 6800.0 6600.0 7400.0 1600.0 6800.0 1800.0 7400.0 7000.0 6400.0 6800.0 7600.0 2200.0 6600.0 1800.0 7200.0 6600.0 6800.0 1800.0 6800.0 7000.0 7000.0 1800.0 5800.0 1600.0 6800.0 7200.0 6600.0 7000.0 6600.0 6800.0 6800.0 6800.0 6400.0 1600.0 1200.0 1800.0 6200.0 7200.0 0.0 2000.0 7200.0 1600.0 1800.0 6600.0 6400.0 1400.0 7200.0 1000.0 7600.0 1600.0 7000.0 7000.0 6400.0 7400.0 7400.0 7200.0 7400.0
0.0 6800.0 7200.0 2400.0 7000.0 7800.0 7000.0 7000.0 7000.0 7400.0 6800.0 7400.0 7400.0 7200.0 7200.0 7000.0 6800.0 7800.0 7200.0 1200.0 1400.0 7000.0 6600.0 7400.0 7200.0 6400.0 7800.0 1800.0 7000.0 2000.0 6400.0 7800.0 7200.0 7000.0 7800.0 1800.0 7400.0 2000.0 6800.0 7200.0 7000.0 1600.0 7000.0 7400.0 7000.0 1600.0 6200.0 1200.0 7000.0 7600.0 6800.0 7400.0 6800.0 6200.0 7000.0 7200.0 6600.0 1000.0 1400.0 1400.0 7200.0 7000.0 1600.0 0.0 7600.0 1400.0 2000.0 6000.0 6800.0 1200.0 7000.0 1200.0 7800.0 1800.0 7400.0 6600.0 7200.0 7800.0 7200.0 7400.0 7000.0
0.0 6200.0 1200.0 7200.0 7600.0 7600.0 7200.0 7200.0 5800.0 2200.0 1200.0 7400.0 7400.0 7000.0 1400.0 7200.0 6800.0 800.0 7200.0 7000.0 7200.0 6800.0 6800.0 7200.0 1800.0 6600.0 7000.0 7000.0 6600.0 7000.0 7200.0 7200.0 1800.0 1400.0 2200.0 7400.0 7200.0 7400.0 7000.0 1400.0 6400.0 7200.0 1800.0 6800.0 7000.0 7000.0 6400.0 6800.0 7000.0 6600.0 6800.0 7000.0 1800.0 1800.0 1600.0 1200.0 6800.0 6800.0 6200.0 7000.0 7600.0 7000.0 6800.0 7400.0 0.0 7200.0 7400.0 6200.0 7000.0 6600.0 7000.0 6800.0 2200.0 7200.0 2200.0 7000.0 7400.0 7800.0 1800.0 7400.0 600.0
0.0 6800.0 6800.0 2400.0 7400.0 6600.0 6600.0 6600.0 6800.0 7200.0 7000.0 7400.0 6600.0 6600.0 6600.0 6600.0 6800.0 7200.0 7200.0 1400.0 200.0 7000.0 6800.0 7200.0 7000.0 6800.0 7600.0 1400.0 5800.0 1200.0 7000.0 7200.0 7000.0 7000.0 7000.0 1800.0 6800.0 2000.0 7000.0 6800.0 7000.0 1800.0 7000.0 6600.0 7200.0 800.0 6800.0 1200.0 7200.0 7000.0 7000.0 7400.0 7200.0 7000.0 7200.0 7000.0 6800.0 1600.0 1400.0 1400.0 7000.0 7400.0 1000.0 1000.0 7400.0 0.0 1400.0 6800.0 6800.0 1000.0 5800.0 1400.0 7400.0 1800.0 7200.0 7200.0 6800.0 7000.0 7000.0 7000.0 6400.0
0.0 6800.0 6400.0 2000.0 6400.0 7400.0 6800.0 7000.0 6400.0 7400.0 6200.0 6000.0 6400.0 6600.0 7200.0 7200.0 6600.0 7000.0 7200.0 1800.0 1000.0 6200.0 6800.0 5800.0 5800.0 6400.0 7400.0 1000.0 6400.0 1200.0 7400.0 7000.0 7400.0 6400.0 7600.0 800.0 6600.0 1600.0 7200.0 7400.0 6200.0 1600.0 7000.0 7200.0 6800.0 1400.0 7000.0 1400.0 7000.0 7000.0 6600.0 7200.0 7000.0 7600.0 7200.0 7200.0 7000.0 1400.0 1400.0 1000.0 6800.0 7000.0 1400.0 1600.0 7600.0 800.0 0.0 6600.0 6800.0 1200.0 6600.0 1600.0 7000.0 1800.0 6200.0 6800.0 6600.0 6400.0 6800.0 7600.0 7000.0
0.0 6400.0 6800.0 8200.0 1800.0 7600.0 1200.0 6800.0 1800.0 7000.0 7000.0 2200.0 1600.0 7000.0 6800.0 6600.0 1000.0 7600.0 6800.0 7000.0 6600.0 6600.0 800.0 7000.0 7200.0 6400.0 2000.0 6800.0 1400.0 7000.0 1800.0 2000.0 6800.0 6800.0 7400.0 7600.0 7000.0 7000.0 6400.0 6800.0 7000.0 7000.0 6600.0 1600.0 1400.0 6400.0 5800.0 6200.0 1200.0 1800.0 6400.0 1600.0 7000.0 6800.0 6600.0 6800.0 6200.0 6000.0 6400.0 6400.0 1800.0 1400.0 7000.0 6800.0 7000.0 6600.0 7000.0 0.0 1000.0 6600.0 6800.0 6200.0 7400.0 6800.0 7000.0 6800.0 6800.0 7400.0 7000.0 7000.0 6600.0
0.0 5600.0 5800.0 7400.0 800.0 7000.0 1000.0 6200.0 800.0 6000.0 6000.0 1400.0 600.0 6200.0 6000.0 6800.0 600.0 6600.0 6600.0 6400.0 6400.0 6400.0 600.0 6000.0 6600.0 5600.0 1000.0 6200.0 1000.0 6200.0 1200.0 1200.0 6600.0 5800.0 7000.0 6600.0 6800.0 6600.0 6600.0 6000.0 6000.0 6200.0 6400.0 600.0 1200.0 6400.0 6200.0 6000.0 1000.0 1000.0 6000.0 1000.0 6400.0 6400.0 6400.0 5800.0 6000.0 6400.0 5600.0 6800.0 1400.0 800.0 6200.0 6800.0 6200.0 6400.0 6800.0 400.0 0.0 5800.0 6600.0 6000.0 7200.0 6400.0 6000.0 6000.0 6200.0 7000.0 6400.0 6800.0 6400.0
0.0 7000.0 6800.0 2600.0 6600.0 6600.0 6800.0 7200.0 7400.0 7600.0 7200.0 6600.0 7000.0 7000.0 7000.0 7000.0 6600.0 6800.0 6600.0 1800.0 800.0 7400.0 6800.0 7000.0 6400.0 6800.0 7400.0 1600.0 6200.0 800.0 7400.0 6800.0 6200.0 7000.0 7400.0 2200.0 7200.0 2000.0 7200.0 6400.0 7200.0 1600.0 7200.0 7000.0 7400.0 1400.0 7000.0 800.0 7000.0 7000.0 7000.0 7200.0 6400.0 6600.0 6400.0 6800.0 6800.0 1800.0 1000.0 1400.0 7200.0 7200.0 1600.0 1600.0 7600.0 1400.0 2000.0 6800.0 7000.0 0.0 7000.0 1400.0 7400.0 1800.0 7200.0 6600.0 7000.0 7000.0 7000.0 7400.0 7000.0
0.0 1800.0 7000.0 7800.0 7600.0 2200.0 7200.0 1800.0 7800.0 7000.0 7600.0 7600.0 7400.0 2200.0 7200.0 1800.0 7200.0 7800.0 2000.0 7400.0 7200.0 2400.0 7400.0 2200.0 7400.0 1600.0 8200.0 7400.0 6600.0 7000.0 7800.0 7000.0 7200.0 6800.0 7800.0 7600.0 2600.0 8200.0 2200.0 7400.0 2200.0 7600.0 7400.0 7000.0 7400.0 7000.0 2400.0 7000.0 7600.0 6800.0 2000.0 7800.0 7400.0 7600.0 7400.0 7400.0 2000.0 7600.0 7200.0 8000.0 7600.0 8000.0 7800.0 7400.0 7800.0 7800.0 7800.0 7600.0 7200.0 6600.0 0.0 7400.0 8000.0 8000.0 7800.0 1800.0 2000.0 2400.0 7600.0 2600.0 6000.0
0.0 6800.0 6200.0 2600.0 6600.0 7000.0 6600.0 6200.0 6800.0 7200.0 6600.0 6800.0 7000.0 7200.0 6400.0 6600.0 6400.0 6800.0 7000.0 1200.0 1400.0 6800.0 6400.0 6600.0 6600.0 6200.0 7400.0 1000.0 6400.0 1000.0 6800.0 6800.0 7000.0 6800.0 7200.0 1600.0 6200.0 800.0 6200.0 6200.0 6600.0 1400.0 6400.0 7000.0 6200.0 1400.0 6800.0 1200.0 6000.0 6800.0 6400.0 6800.0 6400.0 6400.0 6800.0 6200.0 6400.0 1600.0 1000.0 1600.0 7200.0 7000.0 1600.0 1800.0 7200.0 1400.0 800.0 6600.0 6800.0 800.0 7000.0 0.0 6800.0 600.0 7000.0 6600.0 7200.0 7000.0 6600.0 6200.0 7200.0
0.0 6800.0 1800.0 8200.0 7600.0 8200.0 6800.0 6800.0 7400.0 2000.0 1800.0 7800.0 7400.0 7600.0 1800.0 6600.0 7000.0 2600.0 7400.0 7000.0 7600.0 7200.0 7000.0 7400.0 2000.0 7000.0 7800.0 7200.0 7600.0 7400.0 7200.0 7800.0 1800.0 1800.0 2600.0 8000.0 7600.0 7600.0 6400.0 2000.0 7400.0 7200.0 1600.0 7400.0 7200.0 7400.0 6400.0 6200.0 7400.0 7600.0 7000.0 7600.0 2000.0 2000.0 1800.0 1800.0 7000.0 7600.0 6800.0 8000.0 7400.0 7400.0 7400.0 7200.0 2200.0 7400.0 7200.0 7200.0 6800.0 7000.0 7600.0 7000.0 0.0 7400.0 2000.0 7400.0 7600.0 7200.0 1600.0 7800.0 2400.0
0.0 6400.0 6400.0 2200.0 6200.0 6800.0 6200.0 6200.0 6800.0 6800.0 6600.0 6400.0 6800.0 7000.0 6800.0 6200.0 6600.0 6400.0 6800.0 1000.0 1400.0 7000.0 6400.0 6800.0 6200.0 6400.0 7000.0 400.0 6400.0 1600.0 6600.0 7400.0 7000.0 6600.0 7600.0 2000.0 6800.0 400.0 5800.0 6800.0 6800.0 1200.0 6000.0 6800.0 5800.0 1600.0 6400.0 800.0 6800.0 7200.0 6400.0 7000.0 5800.0 7200.0 6600.0 6600.0 6400.0 1200.0 1000.0 1400.0 6800.0 6800.0 1400.0 1800.0 7000.0 1200.0 1200.0 6200.0 6200.0 800.0 7000.0 1000.0 6200.0 0.0 6800.0 6800.0 7000.0 7200.0 6200.0 7200.0 7000.0
0.0 6200.0 1200.0 7000.0 5800.0 6600.0 6000.0 6600.0 5600.0 1200.0 200.0 6800.0 6800.0 6200.0 1200.0 7000.0 6600.0 1800.0 7200.0 6600.0 7000.0 5800.0 6600.0 6800.0 1200.0 6200.0 6600.0 6200.0 6800.0 6200.0 6800.0 6200.0 1800.0 1000.0 2200.0 7200.0 6200.0 6800.0 6800.0 1200.0 5600.0 6800.0 800.0 6600.0 6200.0 6400.0 6200.0 6000.0 6400.0 7000.0 6000.0 7000.0 1200.0 1600.0 1600.0 1000.0 6600.0 6400.0 6200.0 6800.0 6800.0 6200.0 6800.0 6600.0 1400.0 7000.0 6600.0 6000.0 6200.0 6400.0 6000.0 6600.0 1400.0 7000.0 0.0 6800.0 6800.0 7000.0 1000.0 7200.0 1000.0
0.0 1000.0 6200.0 8000.0 6000.0 2000.0 6400.0 1400.0 6800.0 7000.0 6600.0 6400.0 6600.0 1400.0 6800.0 2000.0 6400.0 7000.0 1800.0 7000.0 6600.0 1600.0 6800.0 1600.0 6000.0 800.0 7000.0 6600.0 6800.0 7000.0 7200.0 7200.0 7000.0 6800.0 7800.0 7600.0 1200.0 7400.0 1800.0 7000.0 1400.0 6400.0 7000.0 7000.0 7200.0 7000.0 1200.0 6400.0 7200.0 7200.0 1400.0 7000.0 5800.0 7200.0 7000.0 6800.0 1400.0 7000.0 6400.0 6600.0 7000.0 7200.0 7000.0 7200.0 7000.0 6600.0 6800.0 6800.0 6400.0 6400.0 1400.0 6800.0 8000.0 7200.0 7000.0 0.0 1400.0 2200.0 7000.0 2000.0 7200.0
0.0 1800.0 6400.0 8200.0 7200.0 1800.0 7000.0 800.0 7000.0 7400.0 6600.0 7000.0 7200.0 1800.0 7000.0 1600.0 6600.0 7600.0 1800.0 6600.0 6200.0 1800.0 7000.0 2200.0 6800.0 1000.0 8000.0 7400.0 6400.0 7200.0 6800.0 7600.0 7000.0 7400.0 7600.0 7800.0 1800.0 7800.0 1200.0 7000.0 1600.0 6800.0 7600.0 7200.0 7600.0 6800.0 2000.0 7000.0 7400.0 7400.0 1600.0 7200.0 7000.0 7400.0 7000.0 7400.0 1800.0 7000.0 7000.0 7400.0 7600.0 7600.0 7000.0 7000.0 7800.0 6200.0 7400.0 7400.0 7000.0 6600.0 1000.0 7200.0 8000.0 7600.0 7600.0 1400.0 0.0 2200.0 7600.0 2200.0 6800.0
0.0 1200.0 5800.0 8000.0 6800.0 1800.0 7000.0 1000.0 6600.0 6800.0 6400.0 6800.0 7000.0 1400.0 7000.0 1600.0 6200.0 7200.0 1800.0 6600.0 6400.0 1400.0 7000.0 1600.0 6400.0 400.0 6800.0 6800.0 6600.0 6800.0 7000.0 7200.0 6800.0 6800.0 7600.0 6800.0 1800.0 7600.0 1400.0 6800.0 1000.0 6400.0 6600.0 6200.0 6800.0 6200.0 1800.0 6800.0 7200.0 7000.0 1600.0 6800.0 6600.0 7200.0 7000.0 6800.0 1600.0 7000.0 6600.0 7000.0 7200.0 7000.0 7000.0 6600.0 7200.0 6600.0 7600.0 6800.0 6400.0 6000.0 1400.0 7000.0 7400.0 7400.0 7000.0 800.0 1800.0 0.0 7200.0 1600.0 6600.0
0.0 6200.0 1200.0 7400.0 6800.0 7000.0 6800.0 6600.0 6800.0 1800.0 400.0 7000.0 7200.0 6400.0 1200.0 6800.0 6600.0 1800.0 6200.0 6800.0 7000.0 7000.0 5600.0 6600.0 1400.0 6600.0 7400.0 6400.0 6800.0 6800.0 7000.0 7000.0 1800.0 1400.0 1600.0 7000.0 6600.0 6400.0 6600.0 1000.0 6600.0 7000.0 800.0 6600.0 6400.0 6600.0 7000.0 6800.0 6200.0 6800.0 5800.0 7000.0 1200.0 1400.0 600.0 1200.0 5800.0 7000.0 6400.0 7200.0 7000.0 7000.0 6800.0 7000.0 1600.0 7000.0 6600.0 6600.0 6800.0 6600.0 6400.0 5800.0 1600.0 6200.0 1600.0 6400.0 7000.0 7400.0 0.0 6600.0 1000.0
0.0 1400.0 7000.0 8000.0 7000.0 1800.0 7400.0 2000.0 7000.0 8000.0 6800.0 7200.0 7400.0 2000.0 7200.0 2000.0 7200.0 6800.0 1200.0 7400.0 6800.0 1800.0 7200.0 1000.0 7000.0 1600.0 7600.0 7400.0 6800.0 5600.0 7400.0 7400.0 6800.0 6400.0 7000.0 7200.0 2200.0 7600.0 2000.0 6800.0 1400.0 7600.0 7600.0 7400.0 7400.0 7200.0 2000.0 6600.0 7400.0 6400.0 1800.0 6200.0 7000.0 7200.0 7000.0 7200.0 1800.0 7600.0 6800.0 7400.0 7400.0 6600.0 7400.0 7600.0 7600.0 7400.0 6800.0 7200.0 7400.0 6000.0 1800.0 7400.0 7600.0 7800.0 6800.0 1800.0 1800.0 2000.0 7400.0 0.0 7000.0
0.0 6800.0 1200.0 8200.0 7200.0 7200.0 7200.0 7200.0 7200.0 1800.0 1800.0 7200.0 7200.0 7000.0 1400.0 7600.0 6800.0 2000.0 7200.0 7200.0 6800.0 7200.0 7200.0 7200.0 1600.0 6600.0 7600.0 7000.0 6200.0 6600.0 7400.0 7400.0 1400.0 800.0 2000.0 7000.0 7600.0 7800.0 7200.0 1400.0 7200.0 7200.0 1400.0 6600.0 7000.0 6600.0 7400.0 6600.0 7200.0 6200.0 6800.0 7400.0 1600.0 1800.0 1600.0 1600.0 7200.0 7200.0 6800.0 7400.0 7200.0 7400.0 7200.0 7000.0 2000.0 7200.0 7400.0 7000.0 6800.0 6000.0 7600.0 7200.0 2000.0 7600.0 1800.0 6800.0 7000.0 7200.0 1800.0 7800.0 0.0
