80 3
1680 7383 11961 9 9
828 6051 10257 8 6
340 10931 15219 1 3
944 6915 11433 2 7
1940 6021 9819 1 8
667 5693 9247 2 1
1104 6077 9283 2 4
23 6342 10568 8 5
21 9089 12347 2 5
1850 6304 10910 8 5
874 7127 11773 6 5
1560 9269 13387 2 8
1848 8193 12303 1 6
1560 8469 12871 10 9
240 8224 11878 1 5
726 5789 10587 5 3
1178 3184 7984 6 10
861 7228 11072 2 6
840 8150 12724 10 1
513 6640 10972 8 2
1649 6736 11384 8 7
384 9357 12693 2 10
960 5611 9589 5 10
160 10041 13815 3 2
1020 6769 11403 9 9
1520 4764 9444 7 4
1896 5799 9997 10 6
1764 7805 12527 8 10
765 7696 12384 3 9
1012 5495 8809 7 4
902 5656 9430 3 6
1170 4779 9059 2 2
147 7328 12128 4 5
448 7377 11319 1 5
2208 8647 13151 9 3
32 5042 9422 6 6
1365 7787 11407 4 3
288 3806 8290 2 7
1472 5594 9630 8 9
920 3993 7737 10 2
1105 5495 9583 4 5
880 4604 8484 7 6
456 5309 9107 1 2
2100 6085 9419 3 5
864 7292 10556 5 9
1000 5548 9402 2 1
782 5498 10294 4 4
1672 6220 10680 4 9
2016 10982 14318 7 8
136 3391 7873 3 10
1656 6874 10982 6 4
1978 4849 9423 9 5
48 6583 11315 1 9
240 3683 8381 10 9
1548 6434 9694 1 6
1380 6803 11197 6 5
750 6160 10544 3 6
1710 7203 10529 3 10
682 9646 14044 4 8
1092 6338 9538 10 7
1136 5946 10476 7 3
1430 7424 12096 5 5
1305 5909 10099 2 8
1387 6399 9961 8 7
1710 4599 9233 10 8
885 8967 12515 2 5
1281 7416 11424 2 9
682 5265 9263 10 4
108 6524 10516 10 2
496 9214 12742 2 4
946 6897 11607 5 9
1710 5157 9891 8 3
897 6409 10863 10 3
2400 10273 14177 7 4
1206 9925 13673 8 7
1100 5748 10052 10 8
940 5969 9423 7 9
1564 3388 6902 5 10
230 6975 11065 1 9
168 4237 8051 7 2
SETUP
0 139 159 99 80 80 119 119 179 99 99 80 119 139 179 139 80 198 99 119 40 119 179 139 99 99 179 40 80 139 139 80 179 119 80 159 99 80 119 80 179 99 99 159 119 159 139 99 179 139 99 119 139 159 159 99 159 159 139 80 159 139 99 119 20 179 139 119 159 119 139 119 179 159 159 80 80 119 99 159 40
0 0 654 575 139 614 119 693 179 159 674 693 99 693 693 654 634 674 575 594 654 753 713 634 119 674 614 693 179 654 159 159 634 614 654 575 159 654 179 594 654 634 634 674 654 713 654 693 594 218 139 634 594 614 654 218 674 179 634 634 634 139 634 693 674 713 614 693 693 159 693 119 713 693 674 654 634 634 654 179 614
0 713 0 654 594 634 634 99 693 594 614 594 594 139 674 634 634 614 159 654 60 654 179 614 594 614 179 693 575 139 575 634 713 139 654 674 535 654 594 139 674 80 674 575 634 179 634 634 674 594 594 634 159 654 654 594 179 634 634 60 634 614 634 119 179 634 99 654 654 634 159 634 753 674 654 654 99 614 634 575 654
0 674 594 0 594 614 575 654 654 614 99 634 555 654 139 139 614 674 634 40 614 693 733 60 594 654 674 139 654 654 614 634 159 654 614 594 594 119 654 634 614 594 674 614 693 674 80 119 634 654 575 60 555 614 594 674 614 654 139 614 594 575 159 674 634 654 555 634 634 674 674 575 139 139 614 119 575 80 99 634 139
0 198 614 654 0 575 159 693 159 119 654 674 119 693 713 693 674 693 594 674 654 733 733 693 119 693 674 674 159 654 139 179 713 614 654 654 99 693 159 575 674 614 693 674 713 713 693 555 654 179 159 634 674 634 654 179 713 159 654 634 674 159 594 693 674 654 693 674 733 198 693 179 772 713 753 634 693 614 674 159 634
0 693 674 594 674 0 614 654 634 614 594 139 594 634 713 634 119 139 535 614 634 198 674 654 575 139 634 634 654 634 634 614 674 575 99 159 594 634 654 575 99 575 139 159 159 654 634 654 179 713 614 614 614 80 80 713 674 634 594 575 119 614 555 634 634 179 634 179 198 654 634 634 733 674 198 634 634 555 634 634 594
0 179 634 634 99 594 0 614 159 119 575 634 80 634 654 594 575 654 614 654 575 674 693 654 80 634 693 594 99 614 60 80 674 634 575 594 139 594 119 594 614 575 634 575 654 654 614 634 654 99 99 535 654 614 594 119 674 159 634 594 654 119 634 634 594 654 654 674 674 139 674 20 654 693 674 594 634 614 634 159 654
0 693 179 614 654 634 654 0 674 634 674 594 575 139 693 713 654 693 139 654 119 693 159 674 575 614 179 634 654 139 614 614 674 139 594 674 674 614 654 119 654 60 713 713 614 179 654 654 693 713 634 654 139 634 634 575 159 674 614 119 674 614 634 159 119 634 159 674 614 693 179 654 733 654 733 634 159 594 634 693 614
0 159 654 654 60 575 139 614 0 119 594 575 99 634 693 614 575 654 594 634 535 614 674 634 99 594 674 535 80 634 139 80 674 614 594 654 139 614 119 614 674 594 575 674 614 654 634 594 674 119 80 634 674 654 654 99 654 139 634 575 654 139 594 594 535 674 674 634 654 99 654 159 733 594 634 594 575 614 594 139 634
0 159 654 674 159 674 198 674 179 0 674 674 119 693 614 713 674 733 674 654 634 713 753 634 119 693 674 634 159 654 119 179 733 614 674 654 159 713 179 713 713 634 594 713 614 713 654 654 614 198 139 674 693 693 693 179 634 119 674 674 594 159 693 674 614 614 614 575 693 198 733 159 772 634 674 654 614 654 693 179 693
0 654 634 99 614 594 654 594 674 654 0 634 575 614 179 40 594 693 614 119 614 693 693 99 634 634 634 119 614 555 594 634 179 634 614 654 634 139 575 654 634 555 594 693 614 693 60 139 594 693 555 99 634 654 654 654 674 674 119 594 614 614 119 654 614 614 594 693 674 693 713 634 218 179 654 139 614 119 139 674 159
0 614 693 634 614 139 614 555 634 634 634 0 594 654 713 674 159 179 654 654 575 198 693 674 594 20 634 634 614 674 575 614 713 575 99 159 614 634 654 634 99 594 159 159 139 674 654 634 179 713 634 575 654 119 80 594 674 634 634 555 139 634 575 614 634 159 674 179 139 634 634 614 674 674 218 634 674 555 634 634 654
0 198 654 594 159 634 99 674 159 159 654 674 0 634 713 693 654 634 654 614 634 654 713 634 159 674 674 634 159 693 119 119 674 674 594 594 159 634 159 634 614 634 693 654 654 693 654 654 693 198 119 614 614 575 594 198 674 159 713 654 614 40 654 674 634 693 634 693 634 139 634 119 654 614 693 634 634 555 575 198 693
0 654 119 634 634 654 674 139 575 634 654 614 575 0 674 674 634 594 159 634 99 674 179 614 594 614 198 614 634 60 634 634 713 159 614 674 634 654 674 139 674 80 654 674 614 198 634 634 594 693 634 674 159 634 654 594 159 654 614 139 614 614 654 159 99 614 99 674 674 674 198 654 733 654 674 654 99 614 634 693 634
0 575 594 80 614 634 614 614 594 575 80 594 555 594 0 119 634 634 594 60 594 674 674 139 535 594 575 99 614 614 575 594 179 515 614 614 614 139 634 634 614 535 594 654 614 614 119 139 535 674 634 119 614 594 594 674 614 674 80 614 634 575 139 594 594 515 634 634 654 654 634 575 179 139 693 40 634 60 99 614 159
0 713 614 139 594 575 674 575 674 654 139 634 614 674 238 0 555 674 594 159 575 654 713 99 614 634 614 80 614 674 614 634 179 594 634 693 634 159 654 634 674 614 634 674 654 693 119 119 654 674 535 60 674 634 654 634 693 634 139 575 634 654 80 614 575 693 693 674 674 654 693 674 258 159 693 159 634 99 99 634 139
0 693 674 594 674 20 614 634 634 614 614 99 594 654 713 634 0 139 555 634 634 159 674 654 575 119 634 654 594 634 634 634 674 575 119 139 614 614 614 575 119 594 139 179 159 634 654 594 179 713 614 634 634 80 99 693 674 594 614 515 119 634 575 575 634 179 654 139 179 654 654 634 733 674 198 634 654 575 634 594 594
0 654 575 634 614 99 634 654 594 594 654 139 575 634 614 654 80 0 614 614 594 159 713 555 575 119 634 614 634 654 594 634 713 614 119 159 575 654 634 654 139 575 159 99 40 693 575 575 99 634 555 594 614 119 139 654 594 594 614 594 60 614 634 654 614 119 535 99 99 674 693 594 693 614 99 634 555 594 634 614 654
0 674 139 575 654 575 614 159 634 614 634 634 594 139 693 674 614 614 0 594 119 733 159 634 575 634 119 654 654 99 614 654 713 60 654 634 634 654 654 60 614 80 654 674 634 159 654 674 693 713 594 634 99 575 634 713 159 654 575 119 594 614 614 179 139 674 119 674 693 654 179 634 713 654 674 654 119 594 614 634 575
0 713 674 99 674 634 614 693 634 614 139 693 535 654 198 159 634 634 654 0 654 654 693 139 674 634 693 139 674 654 634 634 139 693 614 575 674 139 674 654 614 634 693 674 654 693 159 159 713 693 634 119 614 594 594 674 594 654 218 634 614 555 159 693 634 674 634 614 634 654 654 634 119 119 674 139 654 60 80 674 179
0 674 139 634 555 614 674 99 654 654 575 575 614 99 693 614 594 674 119 614 0 713 139 634 614 594 139 674 555 119 614 634 654 80 654 674 614 654 594 99 654 80 654 713 674 179 614 575 654 713 575 614 159 654 654 654 179 654 614 99 674 654 575 159 159 674 159 693 713 594 119 654 713 634 713 654 159 614 575 674 674
0 713 674 674 713 198 634 713 654 674 674 218 634 693 733 713 179 238 654 674 674 0 753 654 614 119 733 693 713 693 674 693 753 674 179 179 693 713 733 693 198 614 218 179 99 753 674 634 159 733 674 634 634 179 179 733 654 654 674 654 179 654 674 713 674 218 654 159 198 753 733 634 753 674 198 713 634 654 693 713 693
0 693 99 535 594 594 575 119 654 634 634 634 575 139 654 654 614 575 119 555 80 693 0 575 614 634 119 654 614 159 575 634 674 119 634 614 614 634 674 80 575 80 634 634 594 159 614 634 654 654 594 575 60 535 614 674 119 614 654 119 555 594 614 99 139 634 60 634 634 614 179 594 674 575 634 654 80 594 614 654 654
0 634 535 119 594 575 654 614 693 614 119 614 575 634 179 119 575 634 594 119 575 674 693 0 575 634 614 139 594 634 575 654 179 614 654 654 555 159 614 634 634 575 634 594 654 693 40 119 575 614 535 60 634 634 634 614 634 614 99 575 555 594 99 614 674 614 614 654 674 654 674 654 198 179 674 99 614 80 119 594 139
0 179 634 575 99 634 99 614 139 139 634 634 20 575 693 654 654 634 654 594 575 674 654 614 0 634 634 634 99 594 60 99 693 654 594 614 119 634 159 614 594 515 654 654 634 674 634 634 654 179 119 614 594 594 594 139 614 179 575 654 614 60 634 674 614 654 614 634 634 139 634 99 674 634 674 634 614 555 575 139 693
0 614 674 614 654 119 594 654 634 614 634 119 594 634 713 674 159 159 654 634 614 179 713 674 575 0 634 634 614 654 614 614 713 575 80 159 594 614 634 614 99 575 139 139 159 654 654 634 179 693 634 575 634 99 80 693 674 614 634 555 139 614 555 594 614 198 654 159 198 634 634 614 713 693 218 634 674 535 634 614 634
0 733 179 654 594 654 674 139 614 634 634 614 575 159 713 654 654 693 159 634 60 654 179 674 594 634 0 634 594 159 634 674 674 80 654 594 594 693 654 139 674 80 535 733 555 179 674 594 693 713 614 654 139 634 654 674 99 614 634 139 674 614 634 119 119 733 159 634 693 634 159 674 713 634 713 693 119 614 634 654 674
0 674 634 159 575 594 614 654 654 594 159 634 614 634 179 179 614 674 614 179 594 594 713 99 614 594 654 0 634 674 654 575 179 594 575 674 634 80 614 594 674 614 674 654 614 654 119 99 654 614 614 119 693 674 654 614 674 654 159 614 634 654 119 634 594 693 654 594 634 674 674 634 198 139 634 99 555 99 159 674 159
0 139 614 594 99 575 119 575 159 159 535 535 80 594 693 575 575 674 594 575 594 713 654 594 99 555 614 634 0 575 80 139 674 594 634 634 119 654 80 634 614 535 614 693 634 693 575 634 614 179 20 575 614 634 614 119 654 139 575 575 634 119 575 634 634 634 614 674 674 159 654 119 674 654 693 654 634 575 614 139 634
0 693 159 614 634 614 634 139 693 634 594 654 535 139 634 634 654 654 119 634 99 674 179 654 654 654 179 614 634 0 594 594 674 139 575 634 674 594 634 99 634 139 674 693 674 159 634 674 634 693 654 634 139 594 614 674 159 634 693 139 575 575 654 139 99 575 139 674 654 674 159 654 674 634 713 614 139 575 594 674 693
0 179 654 634 40 614 139 575 159 139 575 575 99 614 693 614 614 693 634 634 535 713 654 654 80 594 654 674 60 614 0 119 674 594 634 674 119 614 99 594 654 575 654 634 674 693 614 594 674 198 60 614 654 654 654 119 654 159 614 614 674 119 594 674 654 693 654 674 614 99 634 159 733 634 733 614 674 614 594 159 654
0 159 674 654 99 614 159 654 179 119 634 614 99 654 713 674 614 713 634 674 575 634 713 674 99 575 693 575 99 674 139 0 614 614 634 693 139 654 159 654 654 594 693 713 674 594 674 634 713 159 119 614 674 654 634 139 674 99 654 594 693 139 614 654 575 713 654 674 674 139 674 159 753 693 693 654 614 594 634 159 654
0 654 575 159 654 594 634 614 693 575 99 594 634 674 159 119 614 674 614 119 634 674 733 99 634 614 674 99 575 654 634 674 0 654 654 674 594 179 654 594 654 594 654 654 634 733 119 179 674 654 575 119 594 654 634 634 634 674 139 614 634 654 139 674 674 654 594 634 594 713 634 634 179 179 654 179 535 119 139 634 40
0 693 139 575 614 634 614 99 575 575 575 594 535 80 674 614 634 654 159 614 80 674 159 634 535 594 80 594 614 99 575 614 693 0 614 634 634 634 634 119 614 20 594 674 614 99 634 654 654 693 634 634 99 594 594 674 119 674 575 119 634 575 634 159 80 674 119 634 654 654 139 614 674 634 693 634 119 555 594 654 713
0 654 614 634 575 60 575 614 654 575 614 80 614 575 654 634 80 139 575 654 555 119 674 634 614 80 674 555 594 634 634 535 634 614 0 139 614 555 575 555 159 614 139 119 159 594 575 614 99 634 594 575 654 119 139 614 693 614 634 594 159 654 594 594 535 139 674 119 159 634 654 594 654 654 159 555 594 594 614 674 634
0 713 654 674 654 80 634 654 693 634 674 139 654 674 713 693 80 198 614 693 614 218 733 693 654 119 693 654 654 693 614 693 594 634 179 0 674 614 634 634 99 654 198 179 198 674 713 654 179 713 654 654 654 159 159 713 713 654 674 575 179 693 634 634 693 198 674 179 159 614 713 654 713 654 119 614 594 614 614 654 634
0 179 654 654 80 634 119 594 179 80 594 594 119 654 674 634 614 594 654 634 555 693 674 634 119 614 674 693 60 634 40 119 693 634 654 693 0 654 80 634 674 594 654 674 614 693 634 614 674 119 80 634 674 654 674 139 674 139 634 575 654 159 614 614 674 674 614 634 654 119 654 119 733 674 693 654 634 634 614 60 693
0 674 674 119 594 614 555 654 634 535 99 614 614 674 119 119 614 654 575 159 614 634 713 139 614 634 654 60 654 634 594 614 159 614 594 634 674 0 555 614 634 614 614 594 634 634 139 139 634 654 634 60 654 614 614 654 674 634 139 614 634 654 159 575 614 614 634 594 634 674 674 555 119 139 674 20 575 119 99 674 119
0 179 674 674 99 654 179 614 198 179 713 575 159 733 753 733 713 713 674 693 654 753 753 674 159 594 713 713 179 733 139 179 634 654 674 693 159 693 0 654 674 654 733 733 713 693 693 634 654 238 179 654 693 693 654 159 753 198 713 634 693 139 634 614 693 733 713 733 713 198 713 179 733 713 654 654 634 614 674 198 674
0 693 179 594 634 535 614 139 634 575 614 634 594 139 674 634 634 654 40 634 99 713 179 654 575 654 139 654 634 139 594 634 674 60 614 594 614 634 674 0 614 80 654 674 674 159 654 654 693 713 614 634 119 594 594 693 159 634 614 80 614 634 575 139 139 674 139 634 693 654 139 634 733 674 713 654 139 575 634 654 594
0 713 674 634 614 40 654 634 654 614 634 139 614 674 693 674 139 159 575 654 594 159 693 654 614 139 654 674 634 654 575 654 693 594 139 119 634 674 674 555 0 614 179 198 179 693 674 654 198 614 634 654 654 119 119 614 674 654 634 614 139 654 594 654 654 179 674 159 179 674 674 654 634 674 218 674 674 594 654 674 614
0 693 139 575 594 634 614 99 654 654 634 634 594 80 693 654 654 654 139 594 60 733 179 614 634 634 198 674 614 119 575 654 713 139 634 654 654 674 654 119 594 0 674 674 634 218 634 634 654 693 614 614 80 674 654 654 159 693 674 139 654 634 634 198 159 693 99 674 654 654 179 594 713 674 674 674 119 634 634 634 693
0 713 674 654 575 139 693 634 594 614 614 99 614 634 713 634 139 159 654 614 555 159 674 654 634 119 693 634 594 654 614 654 654 634 179 80 594 674 634 634 179 614 0 218 40 674 654 575 179 693 594 634 614 179 159 693 594 594 654 634 179 654 614 614 614 198 634 99 159 634 654 693 713 614 179 674 594 634 614 634 654
0 713 654 575 614 99 614 634 674 575 634 139 535 594 674 674 159 159 614 614 575 179 654 634 535 139 654 634 614 614 575 634 693 654 99 119 634 594 614 634 99 535 159 0 139 693 654 654 159 713 634 634 614 99 99 674 614 693 575 654 119 575 634 634 634 159 634 139 139 654 654 614 674 634 179 594 634 555 594 654 594
0 713 634 654 634 139 693 674 575 594 654 139 594 674 674 693 139 198 654 594 594 139 693 614 654 159 693 594 634 654 654 654 713 674 139 139 654 674 654 634 179 614 139 198 0 713 634 555 159 674 634 634 594 159 159 674 575 575 693 634 159 634 674 654 594 179 614 80 179 674 713 693 693 594 179 674 614 634 654 634 634
0 733 159 693 634 634 654 139 713 594 654 654 674 179 674 614 634 733 159 693 99 674 218 674 654 674 179 674 634 179 594 693 594 159 674 693 654 693 674 159 693 159 654 674 674 0 693 654 693 713 594 555 159 674 674 674 99 674 674 139 674 693 654 179 179 693 179 634 614 674 198 654 693 674 654 674 40 674 654 713 634
0 614 614 159 674 654 693 693 713 654 179 693 614 693 238 198 634 654 634 99 654 713 772 80 634 713 693 139 674 713 634 693 159 693 674 654 614 198 674 654 693 634 713 674 674 753 0 198 555 674 614 139 693 654 674 693 674 693 179 634 614 614 179 693 713 693 674 693 693 733 674 713 198 198 733 139 674 139 159 654 119
0 674 693 179 674 693 733 693 674 693 179 693 674 733 218 218 674 772 713 159 634 753 753 198 654 693 753 179 674 713 634 733 258 713 733 713 693 238 713 713 733 654 693 733 733 753 218 0 614 753 693 99 713 713 733 753 674 674 198 693 674 674 179 733 674 674 733 693 733 713 733 733 258 238 772 198 733 179 179 753 218
0 575 575 614 674 159 654 674 674 614 674 159 575 674 693 713 159 179 614 555 634 179 733 674 654 179 654 654 654 693 634 674 674 654 139 99 594 674 654 654 159 654 179 139 179 733 693 693 0 654 674 674 654 119 139 674 614 693 674 634 139 575 674 693 674 198 654 139 159 693 614 674 674 674 198 594 654 594 614 634 654
0 139 654 575 119 594 119 575 159 80 634 555 40 594 654 674 674 654 614 614 575 575 614 634 20 575 654 654 119 614 80 119 693 614 614 634 119 634 139 575 614 535 654 674 654 693 634 654 634 0 139 614 614 594 594 20 614 60 575 594 634 60 594 654 634 594 634 634 654 139 654 99 674 614 693 654 634 555 594 119 575
0 179 614 634 80 555 159 654 159 139 634 634 119 693 733 614 555 674 575 654 594 693 693 594 119 654 594 674 119 674 99 159 713 614 654 674 119 654 139 614 654 614 614 674 634 674 614 614 654 179 0 555 654 634 634 179 693 119 634 555 614 139 594 614 674 693 674 674 693 179 693 159 753 713 733 654 634 594 674 119 634
0 713 634 179 594 654 693 614 713 654 119 614 634 654 218 159 654 733 674 159 575 753 693 179 634 634 713 179 614 674 575 674 198 654 693 693 634 159 654 654 713 634 614 654 634 753 159 119 674 693 614 0 713 693 693 654 693 693 159 654 713 674 119 713 713 733 713 713 654 634 674 713 258 179 753 139 693 159 119 693 159
0 654 60 614 614 594 634 139 614 575 654 654 575 139 614 654 594 654 119 634 99 693 198 555 575 654 139 614 634 139 594 594 693 119 594 634 575 614 634 119 594 60 654 634 654 159 575 654 614 634 555 594 0 594 575 634 159 634 614 80 575 575 634 139 99 614 20 594 614 674 179 654 693 654 594 614 40 594 634 614 674
0 693 594 535 594 99 575 614 654 614 614 119 575 674 654 654 119 60 614 555 575 179 693 575 614 139 674 654 614 674 575 634 674 614 119 99 614 634 654 594 60 614 179 119 80 674 594 634 139 654 594 575 555 0 99 674 614 614 654 634 40 594 594 674 654 119 575 139 139 594 674 575 654 654 119 634 575 594 614 654 654
0 674 614 555 594 60 594 634 674 575 614 99 594 594 654 654 99 99 594 575 575 139 693 614 614 99 674 575 594 634 594 555 634 614 20 119 634 555 594 575 20 614 159 139 119 614 594 634 119 634 614 594 575 40 0 634 654 634 654 614 60 614 614 614 555 139 594 139 159 634 674 594 654 654 159 575 594 614 634 674 634
0 139 634 575 99 614 99 575 139 139 634 535 20 575 634 654 654 654 634 594 575 674 614 614 20 555 634 634 99 594 60 99 693 594 594 614 119 634 159 594 594 515 654 654 634 693 654 634 654 179 119 594 594 594 594 0 614 159 575 575 614 60 594 634 614 594 614 634 634 139 634 99 674 594 674 634 614 555 575 139 575
0 693 99 654 654 654 693 159 654 555 654 654 614 159 634 693 634 693 159 674 119 594 119 594 614 654 179 674 634 80 614 654 753 139 634 693 614 654 654 159 634 99 614 674 594 179 614 634 654 634 614 654 99 634 614 634 0 575 674 139 614 634 693 119 139 634 80 535 654 693 179 674 733 594 654 674 80 654 674 634 654
0 179 674 654 159 575 179 674 179 40 674 674 139 713 634 693 693 674 594 654 634 733 713 654 139 674 693 654 139 674 119 179 713 634 674 674 80 693 99 614 674 634 614 733 634 713 594 674 634 198 159 693 693 654 654 198 654 0 674 594 614 179 634 634 634 634 634 594 674 198 713 159 772 654 693 674 634 614 634 80 575
0 674 654 99 594 634 654 654 693 654 119 654 575 614 159 159 614 654 634 139 594 713 594 159 575 654 693 139 634 555 634 614 198 634 594 654 674 119 674 614 654 575 654 634 674 693 159 119 674 713 634 139 634 594 634 693 634 654 0 634 614 594 139 674 634 614 654 654 674 674 693 575 198 80 713 119 614 99 40 654 179
0 693 179 614 674 654 654 139 713 614 614 614 654 179 693 634 634 634 159 634 159 733 218 654 674 614 159 674 594 139 654 654 713 159 654 654 674 614 614 159 654 99 634 693 654 139 654 693 693 733 594 634 139 594 634 693 198 594 654 0 634 674 654 60 159 713 139 634 674 693 159 634 733 693 713 614 139 634 674 594 654
0 693 674 654 575 119 674 594 693 594 594 99 614 634 654 634 119 198 594 654 555 159 674 674 614 119 674 634 575 654 535 654 693 614 159 198 654 634 634 634 179 594 179 139 179 713 654 614 159 713 594 634 674 139 179 634 594 575 654 634 0 654 614 674 693 80 674 119 139 614 654 674 753 654 218 654 674 634 614 654 654
0 218 693 634 139 654 119 693 238 159 674 654 159 674 733 693 634 674 654 654 614 634 693 674 179 674 654 654 139 654 159 119 654 674 614 575 198 634 159 634 614 674 674 674 693 693 674 654 713 198 159 634 654 614 594 198 634 198 713 634 654 0 674 693 634 713 674 674 594 139 654 119 733 713 674 634 654 555 674 198 674
0 693 674 99 634 634 634 634 594 594 99 594 555 614 179 119 614 634 654 119 594 693 674 139 535 614 594 119 614 614 594 634 198 535 634 634 555 139 614 654 614 555 614 693 634 634 139 159 674 674 594 119 614 614 614 674 634 594 80 594 634 575 0 654 614 693 634 634 674 654 654 634 179 159 693 159 634 60 99 594 99
0 733 139 614 654 634 654 179 693 634 654 674 654 159 693 674 634 594 139 634 119 693 179 634 654 654 99 634 654 139 654 594 654 179 594 594 654 614 654 119 594 159 634 693 614 80 654 654 693 674 654 614 139 594 575 693 159 674 614 139 634 674 674 0 99 693 119 693 674 674 119 634 713 674 693 614 99 674 634 713 693
0 674 139 634 575 575 634 99 674 614 594 575 594 119 713 614 575 693 80 634 20 594 159 614 594 575 159 535 575 119 634 575 674 99 575 693 634 594 614 99 674 80 654 654 634 139 634 594 674 614 575 614 159 634 654 594 179 634 634 60 654 634 594 119 0 654 159 614 634 594 119 654 713 634 634 614 60 614 594 634 634
0 634 594 634 674 179 674 674 634 614 634 139 594 654 575 674 179 139 654 614 634 198 713 674 575 139 634 654 654 674 634 594 693 575 159 159 614 693 634 693 159 575 139 159 159 654 674 693 80 674 674 674 654 159 139 674 674 674 634 614 179 614 693 594 634 0 654 179 198 713 693 634 733 693 218 614 674 614 654 614 713
0 634 40 614 614 575 614 119 674 575 634 634 575 119 594 634 575 634 99 634 80 674 179 535 555 654 119 654 614 139 575 634 693 99 634 654 555 674 614 139 634 40 634 614 654 179 555 634 594 614 555 575 119 614 614 634 139 614 594 80 555 594 614 119 139 594 0 614 594 654 159 634 674 674 575 614 20 575 614 594 654
0 674 594 634 634 119 674 654 634 535 654 159 614 654 614 674 119 179 654 654 594 198 733 575 594 119 674 634 634 654 594 654 733 614 139 159 594 674 634 674 159 575 99 159 60 713 594 614 119 654 594 634 654 159 159 674 634 575 654 614 99 634 674 674 634 119 575 0 139 674 674 674 713 575 119 654 575 634 674 634 634
0 713 654 634 674 139 674 634 713 594 614 99 614 654 693 654 139 218 674 654 654 139 674 634 594 119 693 713 594 634 654 693 753 674 179 179 674 713 674 693 179 594 119 179 139 733 654 674 179 674 614 654 654 159 159 674 575 634 654 654 159 634 654 674 693 159 634 80 0 713 713 674 753 634 179 713 634 614 654 674 693
0 179 674 594 139 674 139 634 179 159 654 654 139 693 614 693 693 713 614 634 594 753 733 654 119 674 693 693 139 713 99 159 733 614 654 674 179 674 119 654 654 634 693 693 733 713 674 674 634 238 159 654 634 674 634 179 693 198 674 693 674 159 674 693 674 614 634 713 693 0 693 159 733 634 713 654 654 594 674 218 674
0 693 198 674 634 674 693 80 654 674 674 634 614 179 733 693 693 733 179 674 99 654 198 713 614 654 60 674 634 179 654 674 713 119 654 634 634 674 693 159 693 99 575 693 594 198 713 634 634 594 654 614 179 674 674 614 139 634 654 119 693 654 674 159 159 674 179 674 674 634 0 693 753 674 753 674 159 634 674 693 654
0 198 654 654 119 575 119 634 179 99 614 634 139 634 693 654 575 693 594 674 594 654 713 693 139 634 693 594 119 654 99 60 674 634 555 674 159 575 119 594 674 634 674 634 693 634 614 634 654 139 139 614 693 654 654 139 733 139 654 575 674 179 614 634 575 693 693 654 693 159 693 0 693 693 693 594 634 614 654 139 654
0 614 654 119 575 594 575 614 535 634 99 594 594 594 198 119 575 654 614 139 555 614 674 139 575 535 634 40 575 634 614 594 179 575 594 654 594 119 634 614 614 594 594 634 614 654 139 99 674 634 594 80 654 614 594 614 674 634 139 555 614 634 60 614 535 674 674 634 654 614 634 575 0 99 654 99 575 40 99 634 139
0 674 654 80 614 614 634 614 654 594 139 634 614 594 179 159 634 654 634 99 575 693 713 119 634 575 693 119 614 634 575 594 179 614 575 654 654 99 634 614 614 535 674 614 654 674 139 139 654 693 614 119 614 674 634 654 634 575 179 594 654 654 99 654 614 674 614 654 654 654 693 614 179 0 693 119 634 99 139 654 139
0 713 693 614 654 139 594 674 634 654 654 139 654 674 733 693 159 159 654 654 634 179 733 674 674 159 674 634 674 693 654 614 713 674 99 139 674 614 594 634 99 674 99 159 119 634 654 634 179 693 674 614 654 99 80 693 674 674 713 674 139 575 654 674 614 198 654 198 159 634 634 614 713 654 0 634 674 535 674 693 693
0 674 654 119 614 614 634 693 674 535 179 693 634 674 99 198 654 674 575 139 634 634 713 139 634 634 674 60 674 654 654 634 218 614 614 674 674 139 674 614 654 634 614 674 634 693 159 159 614 654 634 119 654 614 674 674 654 634 119 674 614 674 159 693 634 614 634 594 674 693 713 634 179 139 674 0 594 119 99 693 119
0 713 159 654 634 614 614 198 674 575 674 674 674 198 654 654 594 693 119 674 119 713 218 634 674 674 159 674 654 179 654 674 733 159 674 693 634 693 693 159 693 159 634 674 654 218 674 674 674 674 575 614 179 654 693 693 119 654 693 99 654 693 654 159 159 654 159 614 594 693 218 634 674 674 634 693 0 654 634 674 674
0 693 674 99 634 614 575 674 713 614 119 654 634 634 198 159 634 634 634 119 614 674 713 139 634 634 654 99 634 674 634 575 179 634 575 654 674 99 634 594 575 654 654 634 654 654 119 99 674 674 654 80 614 594 555 674 693 674 179 654 614 654 119 654 594 693 634 674 713 614 614 594 198 198 693 99 654 0 159 713 159
0 654 634 119 654 594 674 674 654 654 179 674 654 594 218 198 693 654 614 139 634 693 733 179 654 614 713 139 674 634 614 634 238 654 634 674 634 159 693 594 654 575 713 654 674 713 179 139 674 693 654 119 654 674 674 654 614 634 179 654 693 693 139 713 654 693 674 634 713 674 733 654 238 60 733 159 674 119 0 674 159
0 179 674 614 119 654 139 634 218 99 614 594 139 674 713 634 634 634 674 634 654 713 733 674 159 614 674 674 80 654 159 139 654 654 634 654 159 614 20 674 654 614 634 693 654 634 654 654 674 218 99 634 634 594 634 179 654 80 654 515 634 159 654 575 654 713 654 634 594 179 674 99 733 693 674 614 654 634 654 0 654
0 614 713 139 654 575 674 654 674 614 139 654 594 693 198 179 674 674 575 80 614 733 733 179 634 674 674 179 634 674 614 674 198 614 654 634 575 179 634 555 654 634 693 713 693 713 139 179 693 693 654 159 674 634 634 713 654 674 139 594 674 634 99 654 674 713 693 674 713 693 693 674 198 198 753 179 693 99 159 614 0
SETUP_COST
0.0 2780.0 3180.0 1980.0 1600.0 1600.0 2380.0 2380.0 3580.0 1980.0 1980.0 1600.0 2380.0 2780.0 3580.0 2780.0 1600.0 3960.0 1980.0 2380.0 800.0 2380.0 3580.0 2780.0 1980.0 1980.0 3580.0 800.0 1600.0 2780.0 2780.0 1600.0 3580.0 2380.0 1600.0 3180.0 1980.0 1600.0 2380.0 1600.0 3580.0 1980.0 1980.0 3180.0 2380.0 3180.0 2780.0 1980.0 3580.0 2780.0 1980.0 2380.0 2780.0 3180.0 3180.0 1980.0 3180.0 3180.0 2780.0 1600.0 3180.0 2780.0 1980.0 2380.0 400.0 3580.0 2780.0 2380.0 3180.0 2380.0 2780.0 2380.0 3580.0 3180.0 3180.0 1600.0 1600.0 2380.0 1980.0 3180.0 800.0
0.0 0.0 13080.0 11500.0 2780.0 12280.0 2380.0 13860.0 3580.0 3180.0 13480.0 13860.0 1980.0 13860.0 13860.0 13080.0 12680.0 13480.0 11500.0 11880.0 13080.0 15060.0 14260.0 12680.0 2380.0 13480.0 12280.0 13860.0 3580.0 13080.0 3180.0 3180.0 12680.0 12280.0 13080.0 11500.0 3180.0 13080.0 3580.0 11880.0 13080.0 12680.0 12680.0 13480.0 13080.0 14260.0 13080.0 13860.0 11880.0 4360.0 2780.0 12680.0 11880.0 12280.0 13080.0 4360.0 13480.0 3580.0 12680.0 12680.0 12680.0 2780.0 12680.0 13860.0 13480.0 14260.0 12280.0 13860.0 13860.0 3180.0 13860.0 2380.0 14260.0 13860.0 13480.0 13080.0 12680.0 12680.0 13080.0 3580.0 12280.0
0.0 14260.0 0.0 13080.0 11880.0 12680.0 12680.0 1980.0 13860.0 11880.0 12280.0 11880.0 11880.0 2780.0 13480.0 12680.0 12680.0 12280.0 3180.0 13080.0 1200.0 13080.0 3580.0 12280.0 11880.0 12280.0 3580.0 13860.0 11500.0 2780.0 11500.0 12680.0 14260.0 2780.0 13080.0 13480.0 10700.0 13080.0 11880.0 2780.0 13480.0 1600.0 13480.0 11500.0 12680.0 3580.0 12680.0 12680.0 13480.0 11880.0 11880.0 12680.0 3180.0 13080.0 13080.0 11880.0 3580.0 12680.0 12680.0 1200.0 12680.0 12280.0 12680.0 2380.0 3580.0 12680.0 1980.0 13080.0 13080.0 12680.0 3180.0 12680.0 15060.0 13480.0 13080.0 13080.0 1980.0 12280.0 12680.0 11500.0 13080.0
0.0 13480.0 11880.0 0.0 11880.0 12280.0 11500.0 13080.0 13080.0 12280.0 1980.0 12680.0 11100.0 13080.0 2780.0 2780.0 12280.0 13480.0 12680.0 800.0 12280.0 13860.0 14660.0 1200.0 11880.0 13080.0 13480.0 2780.0 13080.0 13080.0 12280.0 12680.0 3180.0 13080.0 12280.0 11880.0 11880.0 2380.0 13080.0 12680.0 12280.0 11880.0 13480.0 12280.0 13860.0 13480.0 1600.0 2380.0 12680.0 13080.0 11500.0 1200.0 11100.0 12280.0 11880.0 13480.0 12280.0 13080.0 2780.0 12280.0 11880.0 11500.0 3180.0 13480.0 12680.0 13080.0 11100.0 12680.0 12680.0 13480.0 13480.0 11500.0 2780.0 2780.0 12280.0 2380.0 11500.0 1600.0 1980.0 12680.0 2780.0
0.0 3960.0 12280.0 13080.0 0.0 11500.0 3180.0 13860.0 3180.0 2380.0 13080.0 13480.0 2380.0 13860.0 14260.0 13860.0 13480.0 13860.0 11880.0 13480.0 13080.0 14660.0 14660.0 13860.0 2380.0 13860.0 13480.0 13480.0 3180.0 13080.0 2780.0 3580.0 14260.0 12280.0 13080.0 13080.0 1980.0 13860.0 3180.0 11500.0 13480.0 12280.0 13860.0 13480.0 14260.0 14260.0 13860.0 11100.0 13080.0 3580.0 3180.0 12680.0 13480.0 12680.0 13080.0 3580.0 14260.0 3180.0 13080.0 12680.0 13480.0 3180.0 11880.0 13860.0 13480.0 13080.0 13860.0 13480.0 14660.0 3960.0 13860.0 3580.0 15440.0 14260.0 15060.0 12680.0 13860.0 12280.0 13480.0 3180.0 12680.0
0.0 13860.0 13480.0 11880.0 13480.0 0.0 12280.0 13080.0 12680.0 12280.0 11880.0 2780.0 11880.0 12680.0 14260.0 12680.0 2380.0 2780.0 10700.0 12280.0 12680.0 3960.0 13480.0 13080.0 11500.0 2780.0 12680.0 12680.0 13080.0 12680.0 12680.0 12280.0 13480.0 11500.0 1980.0 3180.0 11880.0 12680.0 13080.0 11500.0 1980.0 11500.0 2780.0 3180.0 3180.0 13080.0 12680.0 13080.0 3580.0 14260.0 12280.0 12280.0 12280.0 1600.0 1600.0 14260.0 13480.0 12680.0 11880.0 11500.0 2380.0 12280.0 11100.0 12680.0 12680.0 3580.0 12680.0 3580.0 3960.0 13080.0 12680.0 12680.0 14660.0 13480.0 3960.0 12680.0 12680.0 11100.0 12680.0 12680.0 11880.0
0.0 3580.0 12680.0 12680.0 1980.0 11880.0 0.0 12280.0 3180.0 2380.0 11500.0 12680.0 1600.0 12680.0 13080.0 11880.0 11500.0 13080.0 12280.0 13080.0 11500.0 13480.0 13860.0 13080.0 1600.0 12680.0 13860.0 11880.0 1980.0 12280.0 1200.0 1600.0 13480.0 12680.0 11500.0 11880.0 2780.0 11880.0 2380.0 11880.0 12280.0 11500.0 12680.0 11500.0 13080.0 13080.0 12280.0 12680.0 13080.0 1980.0 1980.0 10700.0 13080.0 12280.0 11880.0 2380.0 13480.0 3180.0 12680.0 11880.0 13080.0 2380.0 12680.0 12680.0 11880.0 13080.0 13080.0 13480.0 13480.0 2780.0 13480.0 400.0 13080.0 13860.0 13480.0 11880.0 12680.0 12280.0 12680.0 3180.0 13080.0
0.0 13860.0 3580.0 12280.0 13080.0 12680.0 13080.0 0.0 13480.0 12680.0 13480.0 11880.0 11500.0 2780.0 13860.0 14260.0 13080.0 13860.0 2780.0 13080.0 2380.0 13860.0 3180.0 13480.0 11500.0 12280.0 3580.0 12680.0 13080.0 2780.0 12280.0 12280.0 13480.0 2780.0 11880.0 13480.0 13480.0 12280.0 13080.0 2380.0 13080.0 1200.0 14260.0 14260.0 12280.0 3580.0 13080.0 13080.0 13860.0 14260.0 12680.0 13080.0 2780.0 12680.0 12680.0 11500.0 3180.0 13480.0 12280.0 2380.0 13480.0 12280.0 12680.0 3180.0 2380.0 12680.0 3180.0 13480.0 12280.0 13860.0 3580.0 13080.0 14660.0 13080.0 14660.0 12680.0 3180.0 11880.0 12680.0 13860.0 12280.0
0.0 3180.0 13080.0 13080.0 1200.0 11500.0 2780.0 12280.0 0.0 2380.0 11880.0 11500.0 1980.0 12680.0 13860.0 12280.0 11500.0 13080.0 11880.0 12680.0 10700.0 12280.0 13480.0 12680.0 1980.0 11880.0 13480.0 10700.0 1600.0 12680.0 2780.0 1600.0 13480.0 12280.0 11880.0 13080.0 2780.0 12280.0 2380.0 12280.0 13480.0 11880.0 11500.0 13480.0 12280.0 13080.0 12680.0 11880.0 13480.0 2380.0 1600.0 12680.0 13480.0 13080.0 13080.0 1980.0 13080.0 2780.0 12680.0 11500.0 13080.0 2780.0 11880.0 11880.0 10700.0 13480.0 13480.0 12680.0 13080.0 1980.0 13080.0 3180.0 14660.0 11880.0 12680.0 11880.0 11500.0 12280.0 11880.0 2780.0 12680.0
0.0 3180.0 13080.0 13480.0 3180.0 13480.0 3960.0 13480.0 3580.0 0.0 13480.0 13480.0 2380.0 13860.0 12280.0 14260.0 13480.0 14660.0 13480.0 13080.0 12680.0 14260.0 15060.0 12680.0 2380.0 13860.0 13480.0 12680.0 3180.0 13080.0 2380.0 3580.0 14660.0 12280.0 13480.0 13080.0 3180.0 14260.0 3580.0 14260.0 14260.0 12680.0 11880.0 14260.0 12280.0 14260.0 13080.0 13080.0 12280.0 3960.0 2780.0 13480.0 13860.0 13860.0 13860.0 3580.0 12680.0 2380.0 13480.0 13480.0 11880.0 3180.0 13860.0 13480.0 12280.0 12280.0 12280.0 11500.0 13860.0 3960.0 14660.0 3180.0 15440.0 12680.0 13480.0 13080.0 12280.0 13080.0 13860.0 3580.0 13860.0
0.0 13080.0 12680.0 1980.0 12280.0 11880.0 13080.0 11880.0 13480.0 13080.0 0.0 12680.0 11500.0 12280.0 3580.0 800.0 11880.0 13860.0 12280.0 2380.0 12280.0 13860.0 13860.0 1980.0 12680.0 12680.0 12680.0 2380.0 12280.0 11100.0 11880.0 12680.0 3580.0 12680.0 12280.0 13080.0 12680.0 2780.0 11500.0 13080.0 12680.0 11100.0 11880.0 13860.0 12280.0 13860.0 1200.0 2780.0 11880.0 13860.0 11100.0 1980.0 12680.0 13080.0 13080.0 13080.0 13480.0 13480.0 2380.0 11880.0 12280.0 12280.0 2380.0 13080.0 12280.0 12280.0 11880.0 13860.0 13480.0 13860.0 14260.0 12680.0 4360.0 3580.0 13080.0 2780.0 12280.0 2380.0 2780.0 13480.0 3180.0
0.0 12280.0 13860.0 12680.0 12280.0 2780.0 12280.0 11100.0 12680.0 12680.0 12680.0 0.0 11880.0 13080.0 14260.0 13480.0 3180.0 3580.0 13080.0 13080.0 11500.0 3960.0 13860.0 13480.0 11880.0 400.0 12680.0 12680.0 12280.0 13480.0 11500.0 12280.0 14260.0 11500.0 1980.0 3180.0 12280.0 12680.0 13080.0 12680.0 1980.0 11880.0 3180.0 3180.0 2780.0 13480.0 13080.0 12680.0 3580.0 14260.0 12680.0 11500.0 13080.0 2380.0 1600.0 11880.0 13480.0 12680.0 12680.0 11100.0 2780.0 12680.0 11500.0 12280.0 12680.0 3180.0 13480.0 3580.0 2780.0 12680.0 12680.0 12280.0 13480.0 13480.0 4360.0 12680.0 13480.0 11100.0 12680.0 12680.0 13080.0
0.0 3960.0 13080.0 11880.0 3180.0 12680.0 1980.0 13480.0 3180.0 3180.0 13080.0 13480.0 0.0 12680.0 14260.0 13860.0 13080.0 12680.0 13080.0 12280.0 12680.0 13080.0 14260.0 12680.0 3180.0 13480.0 13480.0 12680.0 3180.0 13860.0 2380.0 2380.0 13480.0 13480.0 11880.0 11880.0 3180.0 12680.0 3180.0 12680.0 12280.0 12680.0 13860.0 13080.0 13080.0 13860.0 13080.0 13080.0 13860.0 3960.0 2380.0 12280.0 12280.0 11500.0 11880.0 3960.0 13480.0 3180.0 14260.0 13080.0 12280.0 800.0 13080.0 13480.0 12680.0 13860.0 12680.0 13860.0 12680.0 2780.0 12680.0 2380.0 13080.0 12280.0 13860.0 12680.0 12680.0 11100.0 11500.0 3960.0 13860.0
0.0 13080.0 2380.0 12680.0 12680.0 13080.0 13480.0 2780.0 11500.0 12680.0 13080.0 12280.0 11500.0 0.0 13480.0 13480.0 12680.0 11880.0 3180.0 12680.0 1980.0 13480.0 3580.0 12280.0 11880.0 12280.0 3960.0 12280.0 12680.0 1200.0 12680.0 12680.0 14260.0 3180.0 12280.0 13480.0 12680.0 13080.0 13480.0 2780.0 13480.0 1600.0 13080.0 13480.0 12280.0 3960.0 12680.0 12680.0 11880.0 13860.0 12680.0 13480.0 3180.0 12680.0 13080.0 11880.0 3180.0 13080.0 12280.0 2780.0 12280.0 12280.0 13080.0 3180.0 1980.0 12280.0 1980.0 13480.0 13480.0 13480.0 3960.0 13080.0 14660.0 13080.0 13480.0 13080.0 1980.0 12280.0 12680.0 13860.0 12680.0
0.0 11500.0 11880.0 1600.0 12280.0 12680.0 12280.0 12280.0 11880.0 11500.0 1600.0 11880.0 11100.0 11880.0 0.0 2380.0 12680.0 12680.0 11880.0 1200.0 11880.0 13480.0 13480.0 2780.0 10700.0 11880.0 11500.0 1980.0 12280.0 12280.0 11500.0 11880.0 3580.0 10300.0 12280.0 12280.0 12280.0 2780.0 12680.0 12680.0 12280.0 10700.0 11880.0 13080.0 12280.0 12280.0 2380.0 2780.0 10700.0 13480.0 12680.0 2380.0 12280.0 11880.0 11880.0 13480.0 12280.0 13480.0 1600.0 12280.0 12680.0 11500.0 2780.0 11880.0 11880.0 10300.0 12680.0 12680.0 13080.0 13080.0 12680.0 11500.0 3580.0 2780.0 13860.0 800.0 12680.0 1200.0 1980.0 12280.0 3180.0
0.0 14260.0 12280.0 2780.0 11880.0 11500.0 13480.0 11500.0 13480.0 13080.0 2780.0 12680.0 12280.0 13480.0 4760.0 0.0 11100.0 13480.0 11880.0 3180.0 11500.0 13080.0 14260.0 1980.0 12280.0 12680.0 12280.0 1600.0 12280.0 13480.0 12280.0 12680.0 3580.0 11880.0 12680.0 13860.0 12680.0 3180.0 13080.0 12680.0 13480.0 12280.0 12680.0 13480.0 13080.0 13860.0 2380.0 2380.0 13080.0 13480.0 10700.0 1200.0 13480.0 12680.0 13080.0 12680.0 13860.0 12680.0 2780.0 11500.0 12680.0 13080.0 1600.0 12280.0 11500.0 13860.0 13860.0 13480.0 13480.0 13080.0 13860.0 13480.0 5160.0 3180.0 13860.0 3180.0 12680.0 1980.0 1980.0 12680.0 2780.0
0.0 13860.0 13480.0 11880.0 13480.0 400.0 12280.0 12680.0 12680.0 12280.0 12280.0 1980.0 11880.0 13080.0 14260.0 12680.0 0.0 2780.0 11100.0 12680.0 12680.0 3180.0 13480.0 13080.0 11500.0 2380.0 12680.0 13080.0 11880.0 12680.0 12680.0 12680.0 13480.0 11500.0 2380.0 2780.0 12280.0 12280.0 12280.0 11500.0 2380.0 11880.0 2780.0 3580.0 3180.0 12680.0 13080.0 11880.0 3580.0 14260.0 12280.0 12680.0 12680.0 1600.0 1980.0 13860.0 13480.0 11880.0 12280.0 10300.0 2380.0 12680.0 11500.0 11500.0 12680.0 3580.0 13080.0 2780.0 3580.0 13080.0 13080.0 12680.0 14660.0 13480.0 3960.0 12680.0 13080.0 11500.0 12680.0 11880.0 11880.0
0.0 13080.0 11500.0 12680.0 12280.0 1980.0 12680.0 13080.0 11880.0 11880.0 13080.0 2780.0 11500.0 12680.0 12280.0 13080.0 1600.0 0.0 12280.0 12280.0 11880.0 3180.0 14260.0 11100.0 11500.0 2380.0 12680.0 12280.0 12680.0 13080.0 11880.0 12680.0 14260.0 12280.0 2380.0 3180.0 11500.0 13080.0 12680.0 13080.0 2780.0 11500.0 3180.0 1980.0 800.0 13860.0 11500.0 11500.0 1980.0 12680.0 11100.0 11880.0 12280.0 2380.0 2780.0 13080.0 11880.0 11880.0 12280.0 11880.0 1200.0 12280.0 12680.0 13080.0 12280.0 2380.0 10700.0 1980.0 1980.0 13480.0 13860.0 11880.0 13860.0 12280.0 1980.0 12680.0 11100.0 11880.0 12680.0 12280.0 13080.0
0.0 13480.0 2780.0 11500.0 13080.0 11500.0 12280.0 3180.0 12680.0 12280.0 12680.0 12680.0 11880.0 2780.0 13860.0 13480.0 12280.0 12280.0 0.0 11880.0 2380.0 14660.0 3180.0 12680.0 11500.0 12680.0 2380.0 13080.0 13080.0 1980.0 12280.0 13080.0 14260.0 1200.0 13080.0 12680.0 12680.0 13080.0 13080.0 1200.0 12280.0 1600.0 13080.0 13480.0 12680.0 3180.0 13080.0 13480.0 13860.0 14260.0 11880.0 12680.0 1980.0 11500.0 12680.0 14260.0 3180.0 13080.0 11500.0 2380.0 11880.0 12280.0 12280.0 3580.0 2780.0 13480.0 2380.0 13480.0 13860.0 13080.0 3580.0 12680.0 14260.0 13080.0 13480.0 13080.0 2380.0 11880.0 12280.0 12680.0 11500.0
0.0 14260.0 13480.0 1980.0 13480.0 12680.0 12280.0 13860.0 12680.0 12280.0 2780.0 13860.0 10700.0 13080.0 3960.0 3180.0 12680.0 12680.0 13080.0 0.0 13080.0 13080.0 13860.0 2780.0 13480.0 12680.0 13860.0 2780.0 13480.0 13080.0 12680.0 12680.0 2780.0 13860.0 12280.0 11500.0 13480.0 2780.0 13480.0 13080.0 12280.0 12680.0 13860.0 13480.0 13080.0 13860.0 3180.0 3180.0 14260.0 13860.0 12680.0 2380.0 12280.0 11880.0 11880.0 13480.0 11880.0 13080.0 4360.0 12680.0 12280.0 11100.0 3180.0 13860.0 12680.0 13480.0 12680.0 12280.0 12680.0 13080.0 13080.0 12680.0 2380.0 2380.0 13480.0 2780.0 13080.0 1200.0 1600.0 13480.0 3580.0
0.0 13480.0 2780.0 12680.0 11100.0 12280.0 13480.0 1980.0 13080.0 13080.0 11500.0 11500.0 12280.0 1980.0 13860.0 12280.0 11880.0 13480.0 2380.0 12280.0 0.0 14260.0 2780.0 12680.0 12280.0 11880.0 2780.0 13480.0 11100.0 2380.0 12280.0 12680.0 13080.0 1600.0 13080.0 13480.0 12280.0 13080.0 11880.0 1980.0 13080.0 1600.0 13080.0 14260.0 13480.0 3580.0 12280.0 11500.0 13080.0 14260.0 11500.0 12280.0 3180.0 13080.0 13080.0 13080.0 3580.0 13080.0 12280.0 1980.0 13480.0 13080.0 11500.0 3180.0 3180.0 13480.0 3180.0 13860.0 14260.0 11880.0 2380.0 13080.0 14260.0 12680.0 14260.0 13080.0 3180.0 12280.0 11500.0 13480.0 13480.0
0.0 14260.0 13480.0 13480.0 14260.0 3960.0 12680.0 14260.0 13080.0 13480.0 13480.0 4360.0 12680.0 13860.0 14660.0 14260.0 3580.0 4760.0 13080.0 13480.0 13480.0 0.0 15060.0 13080.0 12280.0 2380.0 14660.0 13860.0 14260.0 13860.0 13480.0 13860.0 15060.0 13480.0 3580.0 3580.0 13860.0 14260.0 14660.0 13860.0 3960.0 12280.0 4360.0 3580.0 1980.0 15060.0 13480.0 12680.0 3180.0 14660.0 13480.0 12680.0 12680.0 3580.0 3580.0 14660.0 13080.0 13080.0 13480.0 13080.0 3580.0 13080.0 13480.0 14260.0 13480.0 4360.0 13080.0 3180.0 3960.0 15060.0 14660.0 12680.0 15060.0 13480.0 3960.0 14260.0 12680.0 13080.0 13860.0 14260.0 13860.0
0.0 13860.0 1980.0 10700.0 11880.0 11880.0 11500.0 2380.0 13080.0 12680.0 12680.0 12680.0 11500.0 2780.0 13080.0 13080.0 12280.0 11500.0 2380.0 11100.0 1600.0 13860.0 0.0 11500.0 12280.0 12680.0 2380.0 13080.0 12280.0 3180.0 11500.0 12680.0 13480.0 2380.0 12680.0 12280.0 12280.0 12680.0 13480.0 1600.0 11500.0 1600.0 12680.0 12680.0 11880.0 3180.0 12280.0 12680.0 13080.0 13080.0 11880.0 11500.0 1200.0 10700.0 12280.0 13480.0 2380.0 12280.0 13080.0 2380.0 11100.0 11880.0 12280.0 1980.0 2780.0 12680.0 1200.0 12680.0 12680.0 12280.0 3580.0 11880.0 13480.0 11500.0 12680.0 13080.0 1600.0 11880.0 12280.0 13080.0 13080.0
0.0 12680.0 10700.0 2380.0 11880.0 11500.0 13080.0 12280.0 13860.0 12280.0 2380.0 12280.0 11500.0 12680.0 3580.0 2380.0 11500.0 12680.0 11880.0 2380.0 11500.0 13480.0 13860.0 0.0 11500.0 12680.0 12280.0 2780.0 11880.0 12680.0 11500.0 13080.0 3580.0 12280.0 13080.0 13080.0 11100.0 3180.0 12280.0 12680.0 12680.0 11500.0 12680.0 11880.0 13080.0 13860.0 800.0 2380.0 11500.0 12280.0 10700.0 1200.0 12680.0 12680.0 12680.0 12280.0 12680.0 12280.0 1980.0 11500.0 11100.0 11880.0 1980.0 12280.0 13480.0 12280.0 12280.0 13080.0 13480.0 13080.0 13480.0 13080.0 3960.0 3580.0 13480.0 1980.0 12280.0 1600.0 2380.0 11880.0 2780.0
0.0 3580.0 12680.0 11500.0 1980.0 12680.0 1980.0 12280.0 2780.0 2780.0 12680.0 12680.0 400.0 11500.0 13860.0 13080.0 13080.0 12680.0 13080.0 11880.0 11500.0 13480.0 13080.0 12280.0 0.0 12680.0 12680.0 12680.0 1980.0 11880.0 1200.0 1980.0 13860.0 13080.0 11880.0 12280.0 2380.0 12680.0 3180.0 12280.0 11880.0 10300.0 13080.0 13080.0 12680.0 13480.0 12680.0 12680.0 13080.0 3580.0 2380.0 12280.0 11880.0 11880.0 11880.0 2780.0 12280.0 3580.0 11500.0 13080.0 12280.0 1200.0 12680.0 13480.0 12280.0 13080.0 12280.0 12680.0 12680.0 2780.0 12680.0 1980.0 13480.0 12680.0 13480.0 12680.0 12280.0 11100.0 11500.0 2780.0 13860.0
0.0 12280.0 13480.0 12280.0 13080.0 2380.0 11880.0 13080.0 12680.0 12280.0 12680.0 2380.0 11880.0 12680.0 14260.0 13480.0 3180.0 3180.0 13080.0 12680.0 12280.0 3580.0 14260.0 13480.0 11500.0 0.0 12680.0 12680.0 12280.0 13080.0 12280.0 12280.0 14260.0 11500.0 1600.0 3180.0 11880.0 12280.0 12680.0 12280.0 1980.0 11500.0 2780.0 2780.0 3180.0 13080.0 13080.0 12680.0 3580.0 13860.0 12680.0 11500.0 12680.0 1980.0 1600.0 13860.0 13480.0 12280.0 12680.0 11100.0 2780.0 12280.0 11100.0 11880.0 12280.0 3960.0 13080.0 3180.0 3960.0 12680.0 12680.0 12280.0 14260.0 13860.0 4360.0 12680.0 13480.0 10700.0 12680.0 12280.0 12680.0
0.0 14660.0 3580.0 13080.0 11880.0 13080.0 13480.0 2780.0 12280.0 12680.0 12680.0 12280.0 11500.0 3180.0 14260.0 13080.0 13080.0 13860.0 3180.0 12680.0 1200.0 13080.0 3580.0 13480.0 11880.0 12680.0 0.0 12680.0 11880.0 3180.0 12680.0 13480.0 13480.0 1600.0 13080.0 11880.0 11880.0 13860.0 13080.0 2780.0 13480.0 1600.0 10700.0 14660.0 11100.0 3580.0 13480.0 11880.0 13860.0 14260.0 12280.0 13080.0 2780.0 12680.0 13080.0 13480.0 1980.0 12280.0 12680.0 2780.0 13480.0 12280.0 12680.0 2380.0 2380.0 14660.0 3180.0 12680.0 13860.0 12680.0 3180.0 13480.0 14260.0 12680.0 14260.0 13860.0 2380.0 12280.0 12680.0 13080.0 13480.0
0.0 13480.0 12680.0 3180.0 11500.0 11880.0 12280.0 13080.0 13080.0 11880.0 3180.0 12680.0 12280.0 12680.0 3580.0 3580.0 12280.0 13480.0 12280.0 3580.0 11880.0 11880.0 14260.0 1980.0 12280.0 11880.0 13080.0 0.0 12680.0 13480.0 13080.0 11500.0 3580.0 11880.0 11500.0 13480.0 12680.0 1600.0 12280.0 11880.0 13480.0 12280.0 13480.0 13080.0 12280.0 13080.0 2380.0 1980.0 13080.0 12280.0 12280.0 2380.0 13860.0 13480.0 13080.0 12280.0 13480.0 13080.0 3180.0 12280.0 12680.0 13080.0 2380.0 12680.0 11880.0 13860.0 13080.0 11880.0 12680.0 13480.0 13480.0 12680.0 3960.0 2780.0 12680.0 1980.0 11100.0 1980.0 3180.0 13480.0 3180.0
0.0 2780.0 12280.0 11880.0 1980.0 11500.0 2380.0 11500.0 3180.0 3180.0 10700.0 10700.0 1600.0 11880.0 13860.0 11500.0 11500.0 13480.0 11880.0 11500.0 11880.0 14260.0 13080.0 11880.0 1980.0 11100.0 12280.0 12680.0 0.0 11500.0 1600.0 2780.0 13480.0 11880.0 12680.0 12680.0 2380.0 13080.0 1600.0 12680.0 12280.0 10700.0 12280.0 13860.0 12680.0 13860.0 11500.0 12680.0 12280.0 3580.0 400.0 11500.0 12280.0 12680.0 12280.0 2380.0 13080.0 2780.0 11500.0 11500.0 12680.0 2380.0 11500.0 12680.0 12680.0 12680.0 12280.0 13480.0 13480.0 3180.0 13080.0 2380.0 13480.0 13080.0 13860.0 13080.0 12680.0 11500.0 12280.0 2780.0 12680.0
0.0 13860.0 3180.0 12280.0 12680.0 12280.0 12680.0 2780.0 13860.0 12680.0 11880.0 13080.0 10700.0 2780.0 12680.0 12680.0 13080.0 13080.0 2380.0 12680.0 1980.0 13480.0 3580.0 13080.0 13080.0 13080.0 3580.0 12280.0 12680.0 0.0 11880.0 11880.0 13480.0 2780.0 11500.0 12680.0 13480.0 11880.0 12680.0 1980.0 12680.0 2780.0 13480.0 13860.0 13480.0 3180.0 12680.0 13480.0 12680.0 13860.0 13080.0 12680.0 2780.0 11880.0 12280.0 13480.0 3180.0 12680.0 13860.0 2780.0 11500.0 11500.0 13080.0 2780.0 1980.0 11500.0 2780.0 13480.0 13080.0 13480.0 3180.0 13080.0 13480.0 12680.0 14260.0 12280.0 2780.0 11500.0 11880.0 13480.0 13860.0
0.0 3580.0 13080.0 12680.0 800.0 12280.0 2780.0 11500.0 3180.0 2780.0 11500.0 11500.0 1980.0 12280.0 13860.0 12280.0 12280.0 13860.0 12680.0 12680.0 10700.0 14260.0 13080.0 13080.0 1600.0 11880.0 13080.0 13480.0 1200.0 12280.0 0.0 2380.0 13480.0 11880.0 12680.0 13480.0 2380.0 12280.0 1980.0 11880.0 13080.0 11500.0 13080.0 12680.0 13480.0 13860.0 12280.0 11880.0 13480.0 3960.0 1200.0 12280.0 13080.0 13080.0 13080.0 2380.0 13080.0 3180.0 12280.0 12280.0 13480.0 2380.0 11880.0 13480.0 13080.0 13860.0 13080.0 13480.0 12280.0 1980.0 12680.0 3180.0 14660.0 12680.0 14660.0 12280.0 13480.0 12280.0 11880.0 3180.0 13080.0
0.0 3180.0 13480.0 13080.0 1980.0 12280.0 3180.0 13080.0 3580.0 2380.0 12680.0 12280.0 1980.0 13080.0 14260.0 13480.0 12280.0 14260.0 12680.0 13480.0 11500.0 12680.0 14260.0 13480.0 1980.0 11500.0 13860.0 11500.0 1980.0 13480.0 2780.0 0.0 12280.0 12280.0 12680.0 13860.0 2780.0 13080.0 3180.0 13080.0 13080.0 11880.0 13860.0 14260.0 13480.0 11880.0 13480.0 12680.0 14260.0 3180.0 2380.0 12280.0 13480.0 13080.0 12680.0 2780.0 13480.0 1980.0 13080.0 11880.0 13860.0 2780.0 12280.0 13080.0 11500.0 14260.0 13080.0 13480.0 13480.0 2780.0 13480.0 3180.0 15060.0 13860.0 13860.0 13080.0 12280.0 11880.0 12680.0 3180.0 13080.0
0.0 13080.0 11500.0 3180.0 13080.0 11880.0 12680.0 12280.0 13860.0 11500.0 1980.0 11880.0 12680.0 13480.0 3180.0 2380.0 12280.0 13480.0 12280.0 2380.0 12680.0 13480.0 14660.0 1980.0 12680.0 12280.0 13480.0 1980.0 11500.0 13080.0 12680.0 13480.0 0.0 13080.0 13080.0 13480.0 11880.0 3580.0 13080.0 11880.0 13080.0 11880.0 13080.0 13080.0 12680.0 14660.0 2380.0 3580.0 13480.0 13080.0 11500.0 2380.0 11880.0 13080.0 12680.0 12680.0 12680.0 13480.0 2780.0 12280.0 12680.0 13080.0 2780.0 13480.0 13480.0 13080.0 11880.0 12680.0 11880.0 14260.0 12680.0 12680.0 3580.0 3580.0 13080.0 3580.0 10700.0 2380.0 2780.0 12680.0 800.0
0.0 13860.0 2780.0 11500.0 12280.0 12680.0 12280.0 1980.0 11500.0 11500.0 11500.0 11880.0 10700.0 1600.0 13480.0 12280.0 12680.0 13080.0 3180.0 12280.0 1600.0 13480.0 3180.0 12680.0 10700.0 11880.0 1600.0 11880.0 12280.0 1980.0 11500.0 12280.0 13860.0 0.0 12280.0 12680.0 12680.0 12680.0 12680.0 2380.0 12280.0 400.0 11880.0 13480.0 12280.0 1980.0 12680.0 13080.0 13080.0 13860.0 12680.0 12680.0 1980.0 11880.0 11880.0 13480.0 2380.0 13480.0 11500.0 2380.0 12680.0 11500.0 12680.0 3180.0 1600.0 13480.0 2380.0 12680.0 13080.0 13080.0 2780.0 12280.0 13480.0 12680.0 13860.0 12680.0 2380.0 11100.0 11880.0 13080.0 14260.0
0.0 13080.0 12280.0 12680.0 11500.0 1200.0 11500.0 12280.0 13080.0 11500.0 12280.0 1600.0 12280.0 11500.0 13080.0 12680.0 1600.0 2780.0 11500.0 13080.0 11100.0 2380.0 13480.0 12680.0 12280.0 1600.0 13480.0 11100.0 11880.0 12680.0 12680.0 10700.0 12680.0 12280.0 0.0 2780.0 12280.0 11100.0 11500.0 11100.0 3180.0 12280.0 2780.0 2380.0 3180.0 11880.0 11500.0 12280.0 1980.0 12680.0 11880.0 11500.0 13080.0 2380.0 2780.0 12280.0 13860.0 12280.0 12680.0 11880.0 3180.0 13080.0 11880.0 11880.0 10700.0 2780.0 13480.0 2380.0 3180.0 12680.0 13080.0 11880.0 13080.0 13080.0 3180.0 11100.0 11880.0 11880.0 12280.0 13480.0 12680.0
0.0 14260.0 13080.0 13480.0 13080.0 1600.0 12680.0 13080.0 13860.0 12680.0 13480.0 2780.0 13080.0 13480.0 14260.0 13860.0 1600.0 3960.0 12280.0 13860.0 12280.0 4360.0 14660.0 13860.0 13080.0 2380.0 13860.0 13080.0 13080.0 13860.0 12280.0 13860.0 11880.0 12680.0 3580.0 0.0 13480.0 12280.0 12680.0 12680.0 1980.0 13080.0 3960.0 3580.0 3960.0 13480.0 14260.0 13080.0 3580.0 14260.0 13080.0 13080.0 13080.0 3180.0 3180.0 14260.0 14260.0 13080.0 13480.0 11500.0 3580.0 13860.0 12680.0 12680.0 13860.0 3960.0 13480.0 3580.0 3180.0 12280.0 14260.0 13080.0 14260.0 13080.0 2380.0 12280.0 11880.0 12280.0 12280.0 13080.0 12680.0
0.0 3580.0 13080.0 13080.0 1600.0 12680.0 2380.0 11880.0 3580.0 1600.0 11880.0 11880.0 2380.0 13080.0 13480.0 12680.0 12280.0 11880.0 13080.0 12680.0 11100.0 13860.0 13480.0 12680.0 2380.0 12280.0 13480.0 13860.0 1200.0 12680.0 800.0 2380.0 13860.0 12680.0 13080.0 13860.0 0.0 13080.0 1600.0 12680.0 13480.0 11880.0 13080.0 13480.0 12280.0 13860.0 12680.0 12280.0 13480.0 2380.0 1600.0 12680.0 13480.0 13080.0 13480.0 2780.0 13480.0 2780.0 12680.0 11500.0 13080.0 3180.0 12280.0 12280.0 13480.0 13480.0 12280.0 12680.0 13080.0 2380.0 13080.0 2380.0 14660.0 13480.0 13860.0 13080.0 12680.0 12680.0 12280.0 1200.0 13860.0
0.0 13480.0 13480.0 2380.0 11880.0 12280.0 11100.0 13080.0 12680.0 10700.0 1980.0 12280.0 12280.0 13480.0 2380.0 2380.0 12280.0 13080.0 11500.0 3180.0 12280.0 12680.0 14260.0 2780.0 12280.0 12680.0 13080.0 1200.0 13080.0 12680.0 11880.0 12280.0 3180.0 12280.0 11880.0 12680.0 13480.0 0.0 11100.0 12280.0 12680.0 12280.0 12280.0 11880.0 12680.0 12680.0 2780.0 2780.0 12680.0 13080.0 12680.0 1200.0 13080.0 12280.0 12280.0 13080.0 13480.0 12680.0 2780.0 12280.0 12680.0 13080.0 3180.0 11500.0 12280.0 12280.0 12680.0 11880.0 12680.0 13480.0 13480.0 11100.0 2380.0 2780.0 13480.0 400.0 11500.0 2380.0 1980.0 13480.0 2380.0
0.0 3580.0 13480.0 13480.0 1980.0 13080.0 3580.0 12280.0 3960.0 3580.0 14260.0 11500.0 3180.0 14660.0 15060.0 14660.0 14260.0 14260.0 13480.0 13860.0 13080.0 15060.0 15060.0 13480.0 3180.0 11880.0 14260.0 14260.0 3580.0 14660.0 2780.0 3580.0 12680.0 13080.0 13480.0 13860.0 3180.0 13860.0 0.0 13080.0 13480.0 13080.0 14660.0 14660.0 14260.0 13860.0 13860.0 12680.0 13080.0 4760.0 3580.0 13080.0 13860.0 13860.0 13080.0 3180.0 15060.0 3960.0 14260.0 12680.0 13860.0 2780.0 12680.0 12280.0 13860.0 14660.0 14260.0 14660.0 14260.0 3960.0 14260.0 3580.0 14660.0 14260.0 13080.0 13080.0 12680.0 12280.0 13480.0 3960.0 13480.0
0.0 13860.0 3580.0 11880.0 12680.0 10700.0 12280.0 2780.0 12680.0 11500.0 12280.0 12680.0 11880.0 2780.0 13480.0 12680.0 12680.0 13080.0 800.0 12680.0 1980.0 14260.0 3580.0 13080.0 11500.0 13080.0 2780.0 13080.0 12680.0 2780.0 11880.0 12680.0 13480.0 1200.0 12280.0 11880.0 12280.0 12680.0 13480.0 0.0 12280.0 1600.0 13080.0 13480.0 13480.0 3180.0 13080.0 13080.0 13860.0 14260.0 12280.0 12680.0 2380.0 11880.0 11880.0 13860.0 3180.0 12680.0 12280.0 1600.0 12280.0 12680.0 11500.0 2780.0 2780.0 13480.0 2780.0 12680.0 13860.0 13080.0 2780.0 12680.0 14660.0 13480.0 14260.0 13080.0 2780.0 11500.0 12680.0 13080.0 11880.0
0.0 14260.0 13480.0 12680.0 12280.0 800.0 13080.0 12680.0 13080.0 12280.0 12680.0 2780.0 12280.0 13480.0 13860.0 13480.0 2780.0 3180.0 11500.0 13080.0 11880.0 3180.0 13860.0 13080.0 12280.0 2780.0 13080.0 13480.0 12680.0 13080.0 11500.0 13080.0 13860.0 11880.0 2780.0 2380.0 12680.0 13480.0 13480.0 11100.0 0.0 12280.0 3580.0 3960.0 3580.0 13860.0 13480.0 13080.0 3960.0 12280.0 12680.0 13080.0 13080.0 2380.0 2380.0 12280.0 13480.0 13080.0 12680.0 12280.0 2780.0 13080.0 11880.0 13080.0 13080.0 3580.0 13480.0 3180.0 3580.0 13480.0 13480.0 13080.0 12680.0 13480.0 4360.0 13480.0 13480.0 11880.0 13080.0 13480.0 12280.0
0.0 13860.0 2780.0 11500.0 11880.0 12680.0 12280.0 1980.0 13080.0 13080.0 12680.0 12680.0 11880.0 1600.0 13860.0 13080.0 13080.0 13080.0 2780.0 11880.0 1200.0 14660.0 3580.0 12280.0 12680.0 12680.0 3960.0 13480.0 12280.0 2380.0 11500.0 13080.0 14260.0 2780.0 12680.0 13080.0 13080.0 13480.0 13080.0 2380.0 11880.0 0.0 13480.0 13480.0 12680.0 4360.0 12680.0 12680.0 13080.0 13860.0 12280.0 12280.0 1600.0 13480.0 13080.0 13080.0 3180.0 13860.0 13480.0 2780.0 13080.0 12680.0 12680.0 3960.0 3180.0 13860.0 1980.0 13480.0 13080.0 13080.0 3580.0 11880.0 14260.0 13480.0 13480.0 13480.0 2380.0 12680.0 12680.0 12680.0 13860.0
0.0 14260.0 13480.0 13080.0 11500.0 2780.0 13860.0 12680.0 11880.0 12280.0 12280.0 1980.0 12280.0 12680.0 14260.0 12680.0 2780.0 3180.0 13080.0 12280.0 11100.0 3180.0 13480.0 13080.0 12680.0 2380.0 13860.0 12680.0 11880.0 13080.0 12280.0 13080.0 13080.0 12680.0 3580.0 1600.0 11880.0 13480.0 12680.0 12680.0 3580.0 12280.0 0.0 4360.0 800.0 13480.0 13080.0 11500.0 3580.0 13860.0 11880.0 12680.0 12280.0 3580.0 3180.0 13860.0 11880.0 11880.0 13080.0 12680.0 3580.0 13080.0 12280.0 12280.0 12280.0 3960.0 12680.0 1980.0 3180.0 12680.0 13080.0 13860.0 14260.0 12280.0 3580.0 13480.0 11880.0 12680.0 12280.0 12680.0 13080.0
0.0 14260.0 13080.0 11500.0 12280.0 1980.0 12280.0 12680.0 13480.0 11500.0 12680.0 2780.0 10700.0 11880.0 13480.0 13480.0 3180.0 3180.0 12280.0 12280.0 11500.0 3580.0 13080.0 12680.0 10700.0 2780.0 13080.0 12680.0 12280.0 12280.0 11500.0 12680.0 13860.0 13080.0 1980.0 2380.0 12680.0 11880.0 12280.0 12680.0 1980.0 10700.0 3180.0 0.0 2780.0 13860.0 13080.0 13080.0 3180.0 14260.0 12680.0 12680.0 12280.0 1980.0 1980.0 13480.0 12280.0 13860.0 11500.0 13080.0 2380.0 11500.0 12680.0 12680.0 12680.0 3180.0 12680.0 2780.0 2780.0 13080.0 13080.0 12280.0 13480.0 12680.0 3580.0 11880.0 12680.0 11100.0 11880.0 13080.0 11880.0
0.0 14260.0 12680.0 13080.0 12680.0 2780.0 13860.0 13480.0 11500.0 11880.0 13080.0 2780.0 11880.0 13480.0 13480.0 13860.0 2780.0 3960.0 13080.0 11880.0 11880.0 2780.0 13860.0 12280.0 13080.0 3180.0 13860.0 11880.0 12680.0 13080.0 13080.0 13080.0 14260.0 13480.0 2780.0 2780.0 13080.0 13480.0 13080.0 12680.0 3580.0 12280.0 2780.0 3960.0 0.0 14260.0 12680.0 11100.0 3180.0 13480.0 12680.0 12680.0 11880.0 3180.0 3180.0 13480.0 11500.0 11500.0 13860.0 12680.0 3180.0 12680.0 13480.0 13080.0 11880.0 3580.0 12280.0 1600.0 3580.0 13480.0 14260.0 13860.0 13860.0 11880.0 3580.0 13480.0 12280.0 12680.0 13080.0 12680.0 12680.0
0.0 14660.0 3180.0 13860.0 12680.0 12680.0 13080.0 2780.0 14260.0 11880.0 13080.0 13080.0 13480.0 3580.0 13480.0 12280.0 12680.0 14660.0 3180.0 13860.0 1980.0 13480.0 4360.0 13480.0 13080.0 13480.0 3580.0 13480.0 12680.0 3580.0 11880.0 13860.0 11880.0 3180.0 13480.0 13860.0 13080.0 13860.0 13480.0 3180.0 13860.0 3180.0 13080.0 13480.0 13480.0 0.0 13860.0 13080.0 13860.0 14260.0 11880.0 11100.0 3180.0 13480.0 13480.0 13480.0 1980.0 13480.0 13480.0 2780.0 13480.0 13860.0 13080.0 3580.0 3580.0 13860.0 3580.0 12680.0 12280.0 13480.0 3960.0 13080.0 13860.0 13480.0 13080.0 13480.0 800.0 13480.0 13080.0 14260.0 12680.0
0.0 12280.0 12280.0 3180.0 13480.0 13080.0 13860.0 13860.0 14260.0 13080.0 3580.0 13860.0 12280.0 13860.0 4760.0 3960.0 12680.0 13080.0 12680.0 1980.0 13080.0 14260.0 15440.0 1600.0 12680.0 14260.0 13860.0 2780.0 13480.0 14260.0 12680.0 13860.0 3180.0 13860.0 13480.0 13080.0 12280.0 3960.0 13480.0 13080.0 13860.0 12680.0 14260.0 13480.0 13480.0 15060.0 0.0 3960.0 11100.0 13480.0 12280.0 2780.0 13860.0 13080.0 13480.0 13860.0 13480.0 13860.0 3580.0 12680.0 12280.0 12280.0 3580.0 13860.0 14260.0 13860.0 13480.0 13860.0 13860.0 14660.0 13480.0 14260.0 3960.0 3960.0 14660.0 2780.0 13480.0 2780.0 3180.0 13080.0 2380.0
0.0 13480.0 13860.0 3580.0 13480.0 13860.0 14660.0 13860.0 13480.0 13860.0 3580.0 13860.0 13480.0 14660.0 4360.0 4360.0 13480.0 15440.0 14260.0 3180.0 12680.0 15060.0 15060.0 3960.0 13080.0 13860.0 15060.0 3580.0 13480.0 14260.0 12680.0 14660.0 5160.0 14260.0 14660.0 14260.0 13860.0 4760.0 14260.0 14260.0 14660.0 13080.0 13860.0 14660.0 14660.0 15060.0 4360.0 0.0 12280.0 15060.0 13860.0 1980.0 14260.0 14260.0 14660.0 15060.0 13480.0 13480.0 3960.0 13860.0 13480.0 13480.0 3580.0 14660.0 13480.0 13480.0 14660.0 13860.0 14660.0 14260.0 14660.0 14660.0 5160.0 4760.0 15440.0 3960.0 14660.0 3580.0 3580.0 15060.0 4360.0
0.0 11500.0 11500.0 12280.0 13480.0 3180.0 13080.0 13480.0 13480.0 12280.0 13480.0 3180.0 11500.0 13480.0 13860.0 14260.0 3180.0 3580.0 12280.0 11100.0 12680.0 3580.0 14660.0 13480.0 13080.0 3580.0 13080.0 13080.0 13080.0 13860.0 12680.0 13480.0 13480.0 13080.0 2780.0 1980.0 11880.0 13480.0 13080.0 13080.0 3180.0 13080.0 3580.0 2780.0 3580.0 14660.0 13860.0 13860.0 0.0 13080.0 13480.0 13480.0 13080.0 2380.0 2780.0 13480.0 12280.0 13860.0 13480.0 12680.0 2780.0 11500.0 13480.0 13860.0 13480.0 3960.0 13080.0 2780.0 3180.0 13860.0 12280.0 13480.0 13480.0 13480.0 3960.0 11880.0 13080.0 11880.0 12280.0 12680.0 13080.0
0.0 2780.0 13080.0 11500.0 2380.0 11880.0 2380.0 11500.0 3180.0 1600.0 12680.0 11100.0 800.0 11880.0 13080.0 13480.0 13480.0 13080.0 12280.0 12280.0 11500.0 11500.0 12280.0 12680.0 400.0 11500.0 13080.0 13080.0 2380.0 12280.0 1600.0 2380.0 13860.0 12280.0 12280.0 12680.0 2380.0 12680.0 2780.0 11500.0 12280.0 10700.0 13080.0 13480.0 13080.0 13860.0 12680.0 13080.0 12680.0 0.0 2780.0 12280.0 12280.0 11880.0 11880.0 400.0 12280.0 1200.0 11500.0 11880.0 12680.0 1200.0 11880.0 13080.0 12680.0 11880.0 12680.0 12680.0 13080.0 2780.0 13080.0 1980.0 13480.0 12280.0 13860.0 13080.0 12680.0 11100.0 11880.0 2380.0 11500.0
0.0 3580.0 12280.0 12680.0 1600.0 11100.0 3180.0 13080.0 3180.0 2780.0 12680.0 12680.0 2380.0 13860.0 14660.0 12280.0 11100.0 13480.0 11500.0 13080.0 11880.0 13860.0 13860.0 11880.0 2380.0 13080.0 11880.0 13480.0 2380.0 13480.0 1980.0 3180.0 14260.0 12280.0 13080.0 13480.0 2380.0 13080.0 2780.0 12280.0 13080.0 12280.0 12280.0 13480.0 12680.0 13480.0 12280.0 12280.0 13080.0 3580.0 0.0 11100.0 13080.0 12680.0 12680.0 3580.0 13860.0 2380.0 12680.0 11100.0 12280.0 2780.0 11880.0 12280.0 13480.0 13860.0 13480.0 13480.0 13860.0 3580.0 13860.0 3180.0 15060.0 14260.0 14660.0 13080.0 12680.0 11880.0 13480.0 2380.0 12680.0
0.0 14260.0 12680.0 3580.0 11880.0 13080.0 13860.0 12280.0 14260.0 13080.0 2380.0 12280.0 12680.0 13080.0 4360.0 3180.0 13080.0 14660.0 13480.0 3180.0 11500.0 15060.0 13860.0 3580.0 12680.0 12680.0 14260.0 3580.0 12280.0 13480.0 11500.0 13480.0 3960.0 13080.0 13860.0 13860.0 12680.0 3180.0 13080.0 13080.0 14260.0 12680.0 12280.0 13080.0 12680.0 15060.0 3180.0 2380.0 13480.0 13860.0 12280.0 0.0 14260.0 13860.0 13860.0 13080.0 13860.0 13860.0 3180.0 13080.0 14260.0 13480.0 2380.0 14260.0 14260.0 14660.0 14260.0 14260.0 13080.0 12680.0 13480.0 14260.0 5160.0 3580.0 15060.0 2780.0 13860.0 3180.0 2380.0 13860.0 3180.0
0.0 13080.0 1200.0 12280.0 12280.0 11880.0 12680.0 2780.0 12280.0 11500.0 13080.0 13080.0 11500.0 2780.0 12280.0 13080.0 11880.0 13080.0 2380.0 12680.0 1980.0 13860.0 3960.0 11100.0 11500.0 13080.0 2780.0 12280.0 12680.0 2780.0 11880.0 11880.0 13860.0 2380.0 11880.0 12680.0 11500.0 12280.0 12680.0 2380.0 11880.0 1200.0 13080.0 12680.0 13080.0 3180.0 11500.0 13080.0 12280.0 12680.0 11100.0 11880.0 0.0 11880.0 11500.0 12680.0 3180.0 12680.0 12280.0 1600.0 11500.0 11500.0 12680.0 2780.0 1980.0 12280.0 400.0 11880.0 12280.0 13480.0 3580.0 13080.0 13860.0 13080.0 11880.0 12280.0 800.0 11880.0 12680.0 12280.0 13480.0
0.0 13860.0 11880.0 10700.0 11880.0 1980.0 11500.0 12280.0 13080.0 12280.0 12280.0 2380.0 11500.0 13480.0 13080.0 13080.0 2380.0 1200.0 12280.0 11100.0 11500.0 3580.0 13860.0 11500.0 12280.0 2780.0 13480.0 13080.0 12280.0 13480.0 11500.0 12680.0 13480.0 12280.0 2380.0 1980.0 12280.0 12680.0 13080.0 11880.0 1200.0 12280.0 3580.0 2380.0 1600.0 13480.0 11880.0 12680.0 2780.0 13080.0 11880.0 11500.0 11100.0 0.0 1980.0 13480.0 12280.0 12280.0 13080.0 12680.0 800.0 11880.0 11880.0 13480.0 13080.0 2380.0 11500.0 2780.0 2780.0 11880.0 13480.0 11500.0 13080.0 13080.0 2380.0 12680.0 11500.0 11880.0 12280.0 13080.0 13080.0
0.0 13480.0 12280.0 11100.0 11880.0 1200.0 11880.0 12680.0 13480.0 11500.0 12280.0 1980.0 11880.0 11880.0 13080.0 13080.0 1980.0 1980.0 11880.0 11500.0 11500.0 2780.0 13860.0 12280.0 12280.0 1980.0 13480.0 11500.0 11880.0 12680.0 11880.0 11100.0 12680.0 12280.0 400.0 2380.0 12680.0 11100.0 11880.0 11500.0 400.0 12280.0 3180.0 2780.0 2380.0 12280.0 11880.0 12680.0 2380.0 12680.0 12280.0 11880.0 11500.0 800.0 0.0 12680.0 13080.0 12680.0 13080.0 12280.0 1200.0 12280.0 12280.0 12280.0 11100.0 2780.0 11880.0 2780.0 3180.0 12680.0 13480.0 11880.0 13080.0 13080.0 3180.0 11500.0 11880.0 12280.0 12680.0 13480.0 12680.0
0.0 2780.0 12680.0 11500.0 1980.0 12280.0 1980.0 11500.0 2780.0 2780.0 12680.0 10700.0 400.0 11500.0 12680.0 13080.0 13080.0 13080.0 12680.0 11880.0 11500.0 13480.0 12280.0 12280.0 400.0 11100.0 12680.0 12680.0 1980.0 11880.0 1200.0 1980.0 13860.0 11880.0 11880.0 12280.0 2380.0 12680.0 3180.0 11880.0 11880.0 10300.0 13080.0 13080.0 12680.0 13860.0 13080.0 12680.0 13080.0 3580.0 2380.0 11880.0 11880.0 11880.0 11880.0 0.0 12280.0 3180.0 11500.0 11500.0 12280.0 1200.0 11880.0 12680.0 12280.0 11880.0 12280.0 12680.0 12680.0 2780.0 12680.0 1980.0 13480.0 11880.0 13480.0 12680.0 12280.0 11100.0 11500.0 2780.0 11500.0
0.0 13860.0 1980.0 13080.0 13080.0 13080.0 13860.0 3180.0 13080.0 11100.0 13080.0 13080.0 12280.0 3180.0 12680.0 13860.0 12680.0 13860.0 3180.0 13480.0 2380.0 11880.0 2380.0 11880.0 12280.0 13080.0 3580.0 13480.0 12680.0 1600.0 12280.0 13080.0 15060.0 2780.0 12680.0 13860.0 12280.0 13080.0 13080.0 3180.0 12680.0 1980.0 12280.0 13480.0 11880.0 3580.0 12280.0 12680.0 13080.0 12680.0 12280.0 13080.0 1980.0 12680.0 12280.0 12680.0 0.0 11500.0 13480.0 2780.0 12280.0 12680.0 13860.0 2380.0 2780.0 12680.0 1600.0 10700.0 13080.0 13860.0 3580.0 13480.0 14660.0 11880.0 13080.0 13480.0 1600.0 13080.0 13480.0 12680.0 13080.0
0.0 3580.0 13480.0 13080.0 3180.0 11500.0 3580.0 13480.0 3580.0 800.0 13480.0 13480.0 2780.0 14260.0 12680.0 13860.0 13860.0 13480.0 11880.0 13080.0 12680.0 14660.0 14260.0 13080.0 2780.0 13480.0 13860.0 13080.0 2780.0 13480.0 2380.0 3580.0 14260.0 12680.0 13480.0 13480.0 1600.0 13860.0 1980.0 12280.0 13480.0 12680.0 12280.0 14660.0 12680.0 14260.0 11880.0 13480.0 12680.0 3960.0 3180.0 13860.0 13860.0 13080.0 13080.0 3960.0 13080.0 0.0 13480.0 11880.0 12280.0 3580.0 12680.0 12680.0 12680.0 12680.0 12680.0 11880.0 13480.0 3960.0 14260.0 3180.0 15440.0 13080.0 13860.0 13480.0 12680.0 12280.0 12680.0 1600.0 11500.0
0.0 13480.0 13080.0 1980.0 11880.0 12680.0 13080.0 13080.0 13860.0 13080.0 2380.0 13080.0 11500.0 12280.0 3180.0 3180.0 12280.0 13080.0 12680.0 2780.0 11880.0 14260.0 11880.0 3180.0 11500.0 13080.0 13860.0 2780.0 12680.0 11100.0 12680.0 12280.0 3960.0 12680.0 11880.0 13080.0 13480.0 2380.0 13480.0 12280.0 13080.0 11500.0 13080.0 12680.0 13480.0 13860.0 3180.0 2380.0 13480.0 14260.0 12680.0 2780.0 12680.0 11880.0 12680.0 13860.0 12680.0 13080.0 0.0 12680.0 12280.0 11880.0 2780.0 13480.0 12680.0 12280.0 13080.0 13080.0 13480.0 13480.0 13860.0 11500.0 3960.0 1600.0 14260.0 2380.0 12280.0 1980.0 800.0 13080.0 3580.0
0.0 13860.0 3580.0 12280.0 13480.0 13080.0 13080.0 2780.0 14260.0 12280.0 12280.0 12280.0 13080.0 3580.0 13860.0 12680.0 12680.0 12680.0 3180.0 12680.0 3180.0 14660.0 4360.0 13080.0 13480.0 12280.0 3180.0 13480.0 11880.0 2780.0 13080.0 13080.0 14260.0 3180.0 13080.0 13080.0 13480.0 12280.0 12280.0 3180.0 13080.0 1980.0 12680.0 13860.0 13080.0 2780.0 13080.0 13860.0 13860.0 14660.0 11880.0 12680.0 2780.0 11880.0 12680.0 13860.0 3960.0 11880.0 13080.0 0.0 12680.0 13480.0 13080.0 1200.0 3180.0 14260.0 2780.0 12680.0 13480.0 13860.0 3180.0 12680.0 14660.0 13860.0 14260.0 12280.0 2780.0 12680.0 13480.0 11880.0 13080.0
0.0 13860.0 13480.0 13080.0 11500.0 2380.0 13480.0 11880.0 13860.0 11880.0 11880.0 1980.0 12280.0 12680.0 13080.0 12680.0 2380.0 3960.0 11880.0 13080.0 11100.0 3180.0 13480.0 13480.0 12280.0 2380.0 13480.0 12680.0 11500.0 13080.0 10700.0 13080.0 13860.0 12280.0 3180.0 3960.0 13080.0 12680.0 12680.0 12680.0 3580.0 11880.0 3580.0 2780.0 3580.0 14260.0 13080.0 12280.0 3180.0 14260.0 11880.0 12680.0 13480.0 2780.0 3580.0 12680.0 11880.0 11500.0 13080.0 12680.0 0.0 13080.0 12280.0 13480.0 13860.0 1600.0 13480.0 2380.0 2780.0 12280.0 13080.0 13480.0 15060.0 13080.0 4360.0 13080.0 13480.0 12680.0 12280.0 13080.0 13080.0
0.0 4360.0 13860.0 12680.0 2780.0 13080.0 2380.0 13860.0 4760.0 3180.0 13480.0 13080.0 3180.0 13480.0 14660.0 13860.0 12680.0 13480.0 13080.0 13080.0 12280.0 12680.0 13860.0 13480.0 3580.0 13480.0 13080.0 13080.0 2780.0 13080.0 3180.0 2380.0 13080.0 13480.0 12280.0 11500.0 3960.0 12680.0 3180.0 12680.0 12280.0 13480.0 13480.0 13480.0 13860.0 13860.0 13480.0 13080.0 14260.0 3960.0 3180.0 12680.0 13080.0 12280.0 11880.0 3960.0 12680.0 3960.0 14260.0 12680.0 13080.0 0.0 13480.0 13860.0 12680.0 14260.0 13480.0 13480.0 11880.0 2780.0 13080.0 2380.0 14660.0 14260.0 13480.0 12680.0 13080.0 11100.0 13480.0 3960.0 13480.0
0.0 13860.0 13480.0 1980.0 12680.0 12680.0 12680.0 12680.0 11880.0 11880.0 1980.0 11880.0 11100.0 12280.0 3580.0 2380.0 12280.0 12680.0 13080.0 2380.0 11880.0 13860.0 13480.0 2780.0 10700.0 12280.0 11880.0 2380.0 12280.0 12280.0 11880.0 12680.0 3960.0 10700.0 12680.0 12680.0 11100.0 2780.0 12280.0 13080.0 12280.0 11100.0 12280.0 13860.0 12680.0 12680.0 2780.0 3180.0 13480.0 13480.0 11880.0 2380.0 12280.0 12280.0 12280.0 13480.0 12680.0 11880.0 1600.0 11880.0 12680.0 11500.0 0.0 13080.0 12280.0 13860.0 12680.0 12680.0 13480.0 13080.0 13080.0 12680.0 3580.0 3180.0 13860.0 3180.0 12680.0 1200.0 1980.0 11880.0 1980.0
0.0 14660.0 2780.0 12280.0 13080.0 12680.0 13080.0 3580.0 13860.0 12680.0 13080.0 13480.0 13080.0 3180.0 13860.0 13480.0 12680.0 11880.0 2780.0 12680.0 2380.0 13860.0 3580.0 12680.0 13080.0 13080.0 1980.0 12680.0 13080.0 2780.0 13080.0 11880.0 13080.0 3580.0 11880.0 11880.0 13080.0 12280.0 13080.0 2380.0 11880.0 3180.0 12680.0 13860.0 12280.0 1600.0 13080.0 13080.0 13860.0 13480.0 13080.0 12280.0 2780.0 11880.0 11500.0 13860.0 3180.0 13480.0 12280.0 2780.0 12680.0 13480.0 13480.0 0.0 1980.0 13860.0 2380.0 13860.0 13480.0 13480.0 2380.0 12680.0 14260.0 13480.0 13860.0 12280.0 1980.0 13480.0 12680.0 14260.0 13860.0
0.0 13480.0 2780.0 12680.0 11500.0 11500.0 12680.0 1980.0 13480.0 12280.0 11880.0 11500.0 11880.0 2380.0 14260.0 12280.0 11500.0 13860.0 1600.0 12680.0 400.0 11880.0 3180.0 12280.0 11880.0 11500.0 3180.0 10700.0 11500.0 2380.0 12680.0 11500.0 13480.0 1980.0 11500.0 13860.0 12680.0 11880.0 12280.0 1980.0 13480.0 1600.0 13080.0 13080.0 12680.0 2780.0 12680.0 11880.0 13480.0 12280.0 11500.0 12280.0 3180.0 12680.0 13080.0 11880.0 3580.0 12680.0 12680.0 1200.0 13080.0 12680.0 11880.0 2380.0 0.0 13080.0 3180.0 12280.0 12680.0 11880.0 2380.0 13080.0 14260.0 12680.0 12680.0 12280.0 1200.0 12280.0 11880.0 12680.0 12680.0
0.0 12680.0 11880.0 12680.0 13480.0 3580.0 13480.0 13480.0 12680.0 12280.0 12680.0 2780.0 11880.0 13080.0 11500.0 13480.0 3580.0 2780.0 13080.0 12280.0 12680.0 3960.0 14260.0 13480.0 11500.0 2780.0 12680.0 13080.0 13080.0 13480.0 12680.0 11880.0 13860.0 11500.0 3180.0 3180.0 12280.0 13860.0 12680.0 13860.0 3180.0 11500.0 2780.0 3180.0 3180.0 13080.0 13480.0 13860.0 1600.0 13480.0 13480.0 13480.0 13080.0 3180.0 2780.0 13480.0 13480.0 13480.0 12680.0 12280.0 3580.0 12280.0 13860.0 11880.0 12680.0 0.0 13080.0 3580.0 3960.0 14260.0 13860.0 12680.0 14660.0 13860.0 4360.0 12280.0 13480.0 12280.0 13080.0 12280.0 14260.0
0.0 12680.0 800.0 12280.0 12280.0 11500.0 12280.0 2380.0 13480.0 11500.0 12680.0 12680.0 11500.0 2380.0 11880.0 12680.0 11500.0 12680.0 1980.0 12680.0 1600.0 13480.0 3580.0 10700.0 11100.0 13080.0 2380.0 13080.0 12280.0 2780.0 11500.0 12680.0 13860.0 1980.0 12680.0 13080.0 11100.0 13480.0 12280.0 2780.0 12680.0 800.0 12680.0 12280.0 13080.0 3580.0 11100.0 12680.0 11880.0 12280.0 11100.0 11500.0 2380.0 12280.0 12280.0 12680.0 2780.0 12280.0 11880.0 1600.0 11100.0 11880.0 12280.0 2380.0 2780.0 11880.0 0.0 12280.0 11880.0 13080.0 3180.0 12680.0 13480.0 13480.0 11500.0 12280.0 400.0 11500.0 12280.0 11880.0 13080.0
0.0 13480.0 11880.0 12680.0 12680.0 2380.0 13480.0 13080.0 12680.0 10700.0 13080.0 3180.0 12280.0 13080.0 12280.0 13480.0 2380.0 3580.0 13080.0 13080.0 11880.0 3960.0 14660.0 11500.0 11880.0 2380.0 13480.0 12680.0 12680.0 13080.0 11880.0 13080.0 14660.0 12280.0 2780.0 3180.0 11880.0 13480.0 12680.0 13480.0 3180.0 11500.0 1980.0 3180.0 1200.0 14260.0 11880.0 12280.0 2380.0 13080.0 11880.0 12680.0 13080.0 3180.0 3180.0 13480.0 12680.0 11500.0 13080.0 12280.0 1980.0 12680.0 13480.0 13480.0 12680.0 2380.0 11500.0 0.0 2780.0 13480.0 13480.0 13480.0 14260.0 11500.0 2380.0 13080.0 11500.0 12680.0 13480.0 12680.0 12680.0
0.0 14260.0 13080.0 12680.0 13480.0 2780.0 13480.0 12680.0 14260.0 11880.0 12280.0 1980.0 12280.0 13080.0 13860.0 13080.0 2780.0 4360.0 13480.0 13080.0 13080.0 2780.0 13480.0 12680.0 11880.0 2380.0 13860.0 14260.0 11880.0 12680.0 13080.0 13860.0 15060.0 13480.0 3580.0 3580.0 13480.0 14260.0 13480.0 13860.0 3580.0 11880.0 2380.0 3580.0 2780.0 14660.0 13080.0 13480.0 3580.0 13480.0 12280.0 13080.0 13080.0 3180.0 3180.0 13480.0 11500.0 12680.0 13080.0 13080.0 3180.0 12680.0 13080.0 13480.0 13860.0 3180.0 12680.0 1600.0 0.0 14260.0 14260.0 13480.0 15060.0 12680.0 3580.0 14260.0 12680.0 12280.0 13080.0 13480.0 13860.0
0.0 3580.0 13480.0 11880.0 2780.0 13480.0 2780.0 12680.0 3580.0 3180.0 13080.0 13080.0 2780.0 13860.0 12280.0 13860.0 13860.0 14260.0 12280.0 12680.0 11880.0 15060.0 14660.0 13080.0 2380.0 13480.0 13860.0 13860.0 2780.0 14260.0 1980.0 3180.0 14660.0 12280.0 13080.0 13480.0 3580.0 13480.0 2380.0 13080.0 13080.0 12680.0 13860.0 13860.0 14660.0 14260.0 13480.0 13480.0 12680.0 4760.0 3180.0 13080.0 12680.0 13480.0 12680.0 3580.0 13860.0 3960.0 13480.0 13860.0 13480.0 3180.0 13480.0 13860.0 13480.0 12280.0 12680.0 14260.0 13860.0 0.0 13860.0 3180.0 14660.0 12680.0 14260.0 13080.0 13080.0 11880.0 13480.0 4360.0 13480.0
0.0 13860.0 3960.0 13480.0 12680.0 13480.0 13860.0 1600.0 13080.0 13480.0 13480.0 12680.0 12280.0 3580.0 14660.0 13860.0 13860.0 14660.0 3580.0 13480.0 1980.0 13080.0 3960.0 14260.0 12280.0 13080.0 1200.0 13480.0 12680.0 3580.0 13080.0 13480.0 14260.0 2380.0 13080.0 12680.0 12680.0 13480.0 13860.0 3180.0 13860.0 1980.0 11500.0 13860.0 11880.0 3960.0 14260.0 12680.0 12680.0 11880.0 13080.0 12280.0 3580.0 13480.0 13480.0 12280.0 2780.0 12680.0 13080.0 2380.0 13860.0 13080.0 13480.0 3180.0 3180.0 13480.0 3580.0 13480.0 13480.0 12680.0 0.0 13860.0 15060.0 13480.0 15060.0 13480.0 3180.0 12680.0 13480.0 13860.0 13080.0
0.0 3960.0 13080.0 13080.0 2380.0 11500.0 2380.0 12680.0 3580.0 1980.0 12280.0 12680.0 2780.0 12680.0 13860.0 13080.0 11500.0 13860.0 11880.0 13480.0 11880.0 13080.0 14260.0 13860.0 2780.0 12680.0 13860.0 11880.0 2380.0 13080.0 1980.0 1200.0 13480.0 12680.0 11100.0 13480.0 3180.0 11500.0 2380.0 11880.0 13480.0 12680.0 13480.0 12680.0 13860.0 12680.0 12280.0 12680.0 13080.0 2780.0 2780.0 12280.0 13860.0 13080.0 13080.0 2780.0 14660.0 2780.0 13080.0 11500.0 13480.0 3580.0 12280.0 12680.0 11500.0 13860.0 13860.0 13080.0 13860.0 3180.0 13860.0 0.0 13860.0 13860.0 13860.0 11880.0 12680.0 12280.0 13080.0 2780.0 13080.0
0.0 12280.0 13080.0 2380.0 11500.0 11880.0 11500.0 12280.0 10700.0 12680.0 1980.0 11880.0 11880.0 11880.0 3960.0 2380.0 11500.0 13080.0 12280.0 2780.0 11100.0 12280.0 13480.0 2780.0 11500.0 10700.0 12680.0 800.0 11500.0 12680.0 12280.0 11880.0 3580.0 11500.0 11880.0 13080.0 11880.0 2380.0 12680.0 12280.0 12280.0 11880.0 11880.0 12680.0 12280.0 13080.0 2780.0 1980.0 13480.0 12680.0 11880.0 1600.0 13080.0 12280.0 11880.0 12280.0 13480.0 12680.0 2780.0 11100.0 12280.0 12680.0 1200.0 12280.0 10700.0 13480.0 13480.0 12680.0 13080.0 12280.0 12680.0 11500.0 0.0 1980.0 13080.0 1980.0 11500.0 800.0 1980.0 12680.0 2780.0
0.0 13480.0 13080.0 1600.0 12280.0 12280.0 12680.0 12280.0 13080.0 11880.0 2780.0 12680.0 12280.0 11880.0 3580.0 3180.0 12680.0 13080.0 12680.0 1980.0 11500.0 13860.0 14260.0 2380.0 12680.0 11500.0 13860.0 2380.0 12280.0 12680.0 11500.0 11880.0 3580.0 12280.0 11500.0 13080.0 13080.0 1980.0 12680.0 12280.0 12280.0 10700.0 13480.0 12280.0 13080.0 13480.0 2780.0 2780.0 13080.0 13860.0 12280.0 2380.0 12280.0 13480.0 12680.0 13080.0 12680.0 11500.0 3580.0 11880.0 13080.0 13080.0 1980.0 13080.0 12280.0 13480.0 12280.0 13080.0 13080.0 13080.0 13860.0 12280.0 3580.0 0.0 13860.0 2380.0 12680.0 1980.0 2780.0 13080.0 2780.0
0.0 14260.0 13860.0 12280.0 13080.0 2780.0 11880.0 13480.0 12680.0 13080.0 13080.0 2780.0 13080.0 13480.0 14660.0 13860.0 3180.0 3180.0 13080.0 13080.0 12680.0 3580.0 14660.0 13480.0 13480.0 3180.0 13480.0 12680.0 13480.0 13860.0 13080.0 12280.0 14260.0 13480.0 1980.0 2780.0 13480.0 12280.0 11880.0 12680.0 1980.0 13480.0 1980.0 3180.0 2380.0 12680.0 13080.0 12680.0 3580.0 13860.0 13480.0 12280.0 13080.0 1980.0 1600.0 13860.0 13480.0 13480.0 14260.0 13480.0 2780.0 11500.0 13080.0 13480.0 12280.0 3960.0 13080.0 3960.0 3180.0 12680.0 12680.0 12280.0 14260.0 13080.0 0.0 12680.0 13480.0 10700.0 13480.0 13860.0 13860.0
0.0 13480.0 13080.0 2380.0 12280.0 12280.0 12680.0 13860.0 13480.0 10700.0 3580.0 13860.0 12680.0 13480.0 1980.0 3960.0 13080.0 13480.0 11500.0 2780.0 12680.0 12680.0 14260.0 2780.0 12680.0 12680.0 13480.0 1200.0 13480.0 13080.0 13080.0 12680.0 4360.0 12280.0 12280.0 13480.0 13480.0 2780.0 13480.0 12280.0 13080.0 12680.0 12280.0 13480.0 12680.0 13860.0 3180.0 3180.0 12280.0 13080.0 12680.0 2380.0 13080.0 12280.0 13480.0 13480.0 13080.0 12680.0 2380.0 13480.0 12280.0 13480.0 3180.0 13860.0 12680.0 12280.0 12680.0 11880.0 13480.0 13860.0 14260.0 12680.0 3580.0 2780.0 13480.0 0.0 11880.0 2380.0 1980.0 13860.0 2380.0
0.0 14260.0 3180.0 13080.0 12680.0 12280.0 12280.0 3960.0 13480.0 11500.0 13480.0 13480.0 13480.0 3960.0 13080.0 13080.0 11880.0 13860.0 2380.0 13480.0 2380.0 14260.0 4360.0 12680.0 13480.0 13480.0 3180.0 13480.0 13080.0 3580.0 13080.0 13480.0 14660.0 3180.0 13480.0 13860.0 12680.0 13860.0 13860.0 3180.0 13860.0 3180.0 12680.0 13480.0 13080.0 4360.0 13480.0 13480.0 13480.0 13480.0 11500.0 12280.0 3580.0 13080.0 13860.0 13860.0 2380.0 13080.0 13860.0 1980.0 13080.0 13860.0 13080.0 3180.0 3180.0 13080.0 3180.0 12280.0 11880.0 13860.0 4360.0 12680.0 13480.0 13480.0 12680.0 13860.0 0.0 13080.0 12680.0 13480.0 13480.0
0.0 13860.0 13480.0 1980.0 12680.0 12280.0 11500.0 13480.0 14260.0 12280.0 2380.0 13080.0 12680.0 12680.0 3960.0 3180.0 12680.0 12680.0 12680.0 2380.0 12280.0 13480.0 14260.0 2780.0 12680.0 12680.0 13080.0 1980.0 12680.0 13480.0 12680.0 11500.0 3580.0 12680.0 11500.0 13080.0 13480.0 1980.0 12680.0 11880.0 11500.0 13080.0 13080.0 12680.0 13080.0 13080.0 2380.0 1980.0 13480.0 13480.0 13080.0 1600.0 12280.0 11880.0 11100.0 13480.0 13860.0 13480.0 3580.0 13080.0 12280.0 13080.0 2380.0 13080.0 11880.0 13860.0 12680.0 13480.0 14260.0 12280.0 12280.0 11880.0 3960.0 3960.0 13860.0 1980.0 13080.0 0.0 3180.0 14260.0 3180.0
0.0 13080.0 12680.0 2380.0 13080.0 11880.0 13480.0 13480.0 13080.0 13080.0 3580.0 13480.0 13080.0 11880.0 4360.0 3960.0 13860.0 13080.0 12280.0 2780.0 12680.0 13860.0 14660.0 3580.0 13080.0 12280.0 14260.0 2780.0 13480.0 12680.0 12280.0 12680.0 4760.0 13080.0 12680.0 13480.0 12680.0 3180.0 13860.0 11880.0 13080.0 11500.0 14260.0 13080.0 13480.0 14260.0 3580.0 2780.0 13480.0 13860.0 13080.0 2380.0 13080.0 13480.0 13480.0 13080.0 12280.0 12680.0 3580.0 13080.0 13860.0 13860.0 2780.0 14260.0 13080.0 13860.0 13480.0 12680.0 14260.0 13480.0 14660.0 13080.0 4760.0 1200.0 14660.0 3180.0 13480.0 2380.0 0.0 13480.0 3180.0
0.0 3580.0 13480.0 12280.0 2380.0 13080.0 2780.0 12680.0 4360.0 1980.0 12280.0 11880.0 2780.0 13480.0 14260.0 12680.0 12680.0 12680.0 13480.0 12680.0 13080.0 14260.0 14660.0 13480.0 3180.0 12280.0 13480.0 13480.0 1600.0 13080.0 3180.0 2780.0 13080.0 13080.0 12680.0 13080.0 3180.0 12280.0 400.0 13480.0 13080.0 12280.0 12680.0 13860.0 13080.0 12680.0 13080.0 13080.0 13480.0 4360.0 1980.0 12680.0 12680.0 11880.0 12680.0 3580.0 13080.0 1600.0 13080.0 10300.0 12680.0 3180.0 13080.0 11500.0 13080.0 14260.0 13080.0 12680.0 11880.0 3580.0 13480.0 1980.0 14660.0 13860.0 13480.0 12280.0 13080.0 12680.0 13080.0 0.0 13080.0
0.0 12280.0 14260.0 2780.0 13080.0 11500.0 13480.0 13080.0 13480.0 12280.0 2780.0 13080.0 11880.0 13860.0 3960.0 3580.0 13480.0 13480.0 11500.0 1600.0 12280.0 14660.0 14660.0 3580.0 12680.0 13480.0 13480.0 3580.0 12680.0 13480.0 12280.0 13480.0 3960.0 12280.0 13080.0 12680.0 11500.0 3580.0 12680.0 11100.0 13080.0 12680.0 13860.0 14260.0 13860.0 14260.0 2780.0 3580.0 13860.0 13860.0 13080.0 3180.0 13480.0 12680.0 12680.0 14260.0 13080.0 13480.0 2780.0 11880.0 13480.0 12680.0 1980.0 13080.0 13480.0 14260.0 13860.0 13480.0 14260.0 13860.0 13860.0 13480.0 3960.0 3960.0 15060.0 3580.0 13860.0 1980.0 3180.0 12280.0 0.0
