80 3
1360 6851 9 9
612 7701 8 6
340 8891 1 3
1003 7089 2 7
1649 6120 1 8
493 7055 2 1
1173 8160 2 4
17 7565 8 5
17 7922 2 5
1258 7701 8 5
782 7650 6 5
1105 8024 2 8
1496 8296 1 6
1326 8245 10 9
272 7429 1 5
561 6052 5 3
1054 5933 6 10
697 6222 2 6
595 8449 10 1
459 8806 8 2
1649 7701 8 7
408 7497 2 10
1020 6800 5 10
170 8449 3 2
1156 7021 9 9
1360 7548 7 4
1343 6103 10 6
1666 7514 8 10
765 8534 3 9
748 7599 7 4
697 6749 3 6
1326 6919 2 2
119 8704 4 5
476 8364 1 5
1632 8823 9 3
34 7684 6 6
1105 7769 4 3
204 5712 2 7
1564 5882 8 9
680 5865 10 2
1105 6103 4 5
748 6953 7 6
323 7208 1 2
1700 5491 3 5
612 6596 5 9
850 5525 2 1
782 6392 4 4
1292 5746 4 9
1428 8602 7 8
136 5984 3 10
1173 6324 6 4
1462 7582 9 5
51 8007 1 9
255 6409 10 9
1462 6528 1 6
1564 6375 6 5
510 7888 3 6
1530 6851 3 10
527 8755 4 8
884 6426 10 7
1207 6069 7 3
1105 8296 5 5
1479 5916 2 8
1241 6953 8 7
1615 6188 10 8
1003 7939 2 5
1037 8007 2 9
527 7718 10 4
102 6035 10 2
527 8483 2 4
731 8738 5 9
1530 5814 8 3
663 8636 10 3
1700 8313 7 4
1139 8721 8 7
935 5372 10 8
799 8177 7 9
1156 5831 5 10
170 6970 1 9
136 6528 7 2
SETUP
0 697 459 425 255 425 357 408 527 374 255 238 374 306 799 442 357 595 357 561 153 272 714 425 306 289 510 170 221 442 391 323 408 289 238 442 510 306 493 391 612 306 357 442 510 714 459 476 459 306 306 374 510 476 493 374 561 476 578 391 476 544 255 476 85 493 595 646 544 561 425 425 646 391 595 340 391 408 527 527 153
0 0 408 357 476 510 612 442 731 442 544 493 527 714 833 748 459 612 272 510 561 748 782 374 544 459 612 714 527 663 527 578 408 527 493 289 476 663 578 510 714 544 629 697 646 527 408 714 442 799 408 612 510 527 612 612 765 595 629 476 391 697 510 578 629 697 357 391 697 663 680 578 663 697 595 680 408 493 595 731 578
0 357 0 357 476 289 510 425 510 442 408 408 425 476 578 595 238 221 391 510 323 510 833 153 357 493 646 561 374 663 289 272 561 442 612 595 85 459 187 340 527 374 578 374 255 408 187 476 442 408 187 391 510 306 612 476 527 340 510 255 204 544 425 357 527 595 136 425 442 442 697 561 442 527 374 493 187 391 255 340 510
0 510 306 0 136 408 272 544 629 357 493 527 170 612 646 680 357 527 408 153 442 510 629 272 425 510 578 391 510 374 459 425 578 493 340 459 374 476 493 408 374 442 595 357 544 527 306 357 561 459 306 323 170 272 255 527 544 510 595 374 323 357 510 476 476 340 255 544 612 374 340 340 561 493 493 323 306 221 493 629 493
0 731 527 425 0 323 561 612 510 238 578 442 391 680 561 680 629 680 289 561 527 391 510 646 408 408 595 289 595 255 493 425 697 459 340 578 544 510 646 289 765 425 612 646 714 833 663 238 629 340 578 612 578 493 663 408 510 578 646 578 544 578 442 663 476 255 629 544 646 595 357 629 765 374 714 204 510 442 663 629 578
0 510 578 476 459 0 544 561 340 357 391 391 357 561 850 527 578 544 119 612 408 561 629 629 289 306 646 442 476 527 374 425 663 272 340 544 493 493 442 357 578 306 306 578 442 714 629 442 510 595 544 595 629 408 459 663 544 459 476 340 459 544 255 425 357 578 646 663 476 374 527 612 782 544 663 544 561 221 527 323 289
0 578 510 408 408 238 0 527 527 272 238 374 238 374 782 425 391 612 340 544 289 442 714 510 170 459 510 323 357 493 255 391 408 374 306 425 578 221 408 476 459 187 459 102 595 765 476 442 323 476 425 51 476 340 340 493 289 527 459 408 391 425 391 493 408 595 493 425 408 442 595 68 663 527 646 255 493 289 510 391 238
0 425 340 544 561 306 629 0 646 493 527 357 391 595 867 714 255 476 408 527 442 748 833 323 306 425 663 646 493 697 408 527 612 561 442 476 408 578 527 612 578 323 595 595 510 714 340 646 595 748 204 425 697 493 629 306 629 408 527 272 357 561 544 374 578 731 476 442 561 493 816 680 748 663 612 612 493 374 544 544 578
0 646 391 476 187 357 391 357 0 408 187 187 306 255 731 187 306 527 289 544 85 221 646 374 238 221 391 102 153 374 323 255 340 221 170 374 442 340 510 374 544 238 119 476 255 646 408 425 391 255 255 306 459 408 442 323 476 340 527 323 408 493 204 425 34 442 527 595 476 510 374 459 595 340 527 374 323 340 459 459 221
0 697 442 408 357 544 544 663 782 0 629 493 374 680 527 816 493 663 442 544 527 493 442 408 459 493 714 391 595 238 544 408 765 544 323 629 510 493 629 527 731 476 425 629 578 663 442 595 595 391 442 595 561 476 646 459 697 561 731 510 459 544 629 612 459 340 391 323 697 578 476 612 697 408 629 510 442 425 629 680 680
0 646 408 425 442 374 527 374 578 544 0 204 408 408 663 204 323 544 476 561 255 476 561 374 340 272 680 357 170 272 306 442 425 391 357 391 476 476 340 561 527 238 442 510 578 697 255 578 493 510 272 476 544 510 408 425 544 459 527 340 425 578 374 442 289 357 476 629 459 561 510 595 731 578 578 527 510 408 578 459 493
0 510 510 527 476 476 561 170 595 510 323 0 408 527 748 510 425 459 476 663 374 527 612 476 340 85 680 493 374 357 340 442 612 323 357 578 510 510 612 544 561 340 612 527 493 714 510 680 476 442 374 391 680 510 459 476 578 374 510 255 510 578 289 357 493 459 578 595 493 374 595 629 731 578 595 544 476 221 527 561 578
0 357 272 170 289 289 425 578 561 442 425 425 0 476 782 612 238 425 408 323 323 374 493 306 476 510 663 561 391 425 289 476 578 459 391 510 357 459 459 425 374 476 595 493 459 561 340 527 595 629 187 408 323 102 306 578 527 391 510 272 153 187 442 357 527 510 357 391 459 221 510 493 578 578 595 493 408 68 323 612 544
0 425 459 357 408 476 442 323 391 442 306 153 187 0 663 493 425 408 476 374 204 561 561 493 119 238 578 493 272 255 221 442 408 340 357 289 544 374 459 493 459 136 408 408 425 748 527 476 153 578 374 323 391 289 340 119 442 493 425 357 340 374 323 459 408 357 493 561 357 408 510 374 663 578 680 425 493 238 459 357 391
0 340 391 221 340 408 357 323 408 238 153 153 119 323 0 340 357 493 289 306 170 408 459 425 51 238 391 289 238 408 136 442 374 34 357 255 459 306 289 374 493 68 340 340 476 578 391 391 85 442 306 340 374 221 408 425 357 408 357 289 272 306 272 374 425 34 476 493 289 323 544 374 408 408 510 204 442 170 391 272 374
0 476 221 544 255 187 357 323 527 408 255 255 391 323 748 0 136 357 289 476 170 289 731 204 306 306 510 170 238 459 391 340 425 289 255 459 306 391 408 442 459 323 476 442 391 595 238 493 476 323 85 306 527 476 510 391 391 289 408 153 238 561 272 255 102 510 357 442 408 391 442 425 629 408 493 425 374 289 425 510 306
0 459 289 476 510 68 527 459 408 272 442 442 391 629 629 578 0 238 170 510 459 612 680 255 340 357 646 493 442 459 442 374 663 323 391 544 289 561 391 374 340 357 357 612 272 510 289 408 544 646 187 408 646 425 408 697 578 153 272 34 306 561 306 136 425 561 255 323 527 323 578 578 510 561 374 595 255 170 306 374 357
0 408 170 340 459 272 544 408 408 255 459 442 408 510 578 578 221 0 374 442 357 612 680 136 340 476 629 510 425 476 323 374 612 476 561 595 187 493 289 238 340 357 527 510 34 391 170 272 425 578 170 374 493 289 595 612 340 119 493 238 187 595 459 340 425 578 119 408 493 425 680 442 425 510 323 527 170 374 340 442 510
0 612 476 357 357 306 442 595 646 255 425 425 408 595 748 612 493 561 0 510 425 476 510 561 323 204 646 442 493 425 425 306 680 306 238 578 544 391 578 255 561 340 595 527 595 714 544 578 663 544 442 493 510 306 561 612 646 459 374 357 340 459 391 459 357 459 595 561 578 442 408 510 748 425 697 425 527 323 408 561 306
0 374 289 187 306 306 442 595 578 459 442 442 17 493 799 629 255 442 425 0 340 391 510 323 493 527 680 578 408 442 306 476 425 476 408 306 374 476 476 442 391 493 612 510 476 561 272 544 527 646 204 425 340 119 323 595 408 408 527 289 170 204 442 374 544 527 374 408 476 238 527 493 595 595 612 510 425 85 340 595 561
0 561 306 391 204 272 459 272 510 425 102 102 221 170 748 289 221 442 374 459 0 578 646 289 153 187 493 459 68 357 238 510 255 136 442 289 357 408 425 476 459 170 442 442 476 680 323 374 306 527 170 221 374 323 357 255 459 374 442 238 340 408 119 340 391 459 442 527 391 425 561 527 595 578 527 408 323 272 374 374 476
0 629 697 459 527 527 612 714 799 323 544 544 510 714 850 731 714 561 238 595 561 0 612 697 442 204 612 442 629 459 527 544 816 425 459 697 612 612 731 476 680 459 629 697 476 816 731 697 663 510 663 493 612 527 578 578 765 493 595 374 578 612 408 459 595 544 680 646 680 476 374 680 850 663 697 459 578 323 629 663 527
0 425 204 102 221 391 374 510 493 306 357 357 272 408 748 544 340 357 323 255 255 408 0 357 408 187 612 408 323 459 221 289 510 391 204 544 289 374 391 357 306 170 442 425 391 510 340 459 561 527 391 408 255 34 357 510 459 442 527 357 85 374 374 459 340 442 340 459 391 187 408 425 510 102 578 408 391 323 459 374 476
0 289 34 391 391 136 408 272 459 323 323 323 340 391 595 510 85 255 255 408 221 544 748 0 272 408 493 476 289 527 187 289 476 357 476 459 102 357 221 374 408 289 442 391 289 442 34 476 289 442 34 255 544 323 476 476 425 238 357 119 51 527 340 204 476 493 170 272 357 340 646 476 476 561 408 408 204 238 289 374 425
0 425 357 238 323 357 323 374 357 323 221 221 85 289 680 408 306 442 391 391 136 442 561 374 0 306 459 374 187 476 102 544 374 255 459 255 425 272 340 476 442 17 289 289 442 629 408 357 357 527 255 340 391 187 374 374 323 374 306 238 221 255 238 340 374 578 425 442 255 289 578 374 646 612 578 306 442 136 357 238 340
0 425 527 442 391 510 493 510 595 425 340 340 323 527 663 527 544 374 391 578 374 459 527 510 255 0 595 408 425 272 340 357 612 238 272 493 425 442 527 459 476 255 527 527 408 629 544 595 476 357 493 306 595 425 374 425 561 306 425 170 425 493 204 272 408 374 493 680 493 289 510 544 646 493 510 476 391 136 442 476 578
0 697 476 510 442 340 595 493 442 391 323 323 357 391 714 255 374 527 442 578 238 544 816 442 374 408 0 425 289 578 476 578 476 357 510 408 391 544 493 374 476 391 34 425 170 833 476 408 544 578 323 459 595 442 578 493 391 255 629 408 493 527 340 476 357 680 595 527 391 561 697 646 680 646 646 578 493 408 476 408 561
0 544 544 459 85 323 306 425 578 306 374 272 306 442 646 561 493 493 204 612 289 119 561 527 238 136 510 0 340 289 323 170 527 357 85 391 442 255 442 272 595 238 510 391 459 561 408 323 578 153 442 340 612 408 493 221 544 306 493 289 442 476 340 391 221 340 578 493 476 408 272 357 493 238 425 289 238 255 442 459 425
0 493 255 408 442 204 442 204 476 425 34 34 238 408 697 238 153 374 323 391 255 510 595 221 170 119 578 391 0 289 221 459 272 340 374 238 323 391 374 442 408 136 408 408 408 612 255 476 357 459 102 323 391 340 289 272 442 306 374 187 272 425 323 272 323 391 391 476 374 408 544 493 612 595 510 425 340 238 425 357 459
0 493 425 170 221 340 323 561 680 323 408 391 153 459 408 595 374 561 221 323 306 425 306 442 459 357 476 323 374 0 442 187 561 442 102 595 459 272 459 289 510 391 510 408 476 578 425 459 476 391 323 374 340 255 425 459 595 340 510 408 289 323 408 493 238 102 425 527 595 357 255 374 714 323 663 289 476 204 459 527 459
0 595 340 425 238 306 221 289 272 238 136 136 255 204 748 323 255 476 289 493 34 408 663 323 187 221 493 289 102 391 0 459 289 170 374 323 391 170 374 493 493 187 357 204 510 714 357 408 340 442 204 255 408 357 374 289 238 408 476 272 357 442 153 374 289 493 442 374 170 459 561 289 612 527 561 221 357 306 408 408 255
0 765 561 663 459 476 663 612 680 272 459 442 527 510 629 646 561 408 561 697 357 476 697 527 459 340 714 374 425 493 493 0 561 493 442 646 289 612 391 425 476 459 697 680 306 408 561 527 663 510 510 578 680 629 697 578 612 153 340 442 578 697 459 374 289 595 510 595 646 612 629 629 680 578 629 646 493 459 306 544 510
0 510 272 442 425 323 510 306 408 340 153 136 272 408 697 340 255 425 408 493 323 612 697 238 204 221 595 510 119 408 289 391 0 238 306 340 272 459 391 374 340 221 493 493 459 493 272 561 459 561 204 425 119 374 221 204 527 408 476 289 289 459 425 374 425 510 221 493 442 493 646 578 340 527 272 493 85 323 272 442 221
0 442 374 255 340 374 340 289 374 340 119 119 102 306 697 306 323 459 408 408 153 459 578 391 34 204 374 391 204 374 119 561 391 0 476 272 442 289 357 493 459 34 306 306 459 544 374 374 374 544 272 357 408 204 391 391 340 391 323 255 238 272 255 357 391 476 459 459 272 306 595 391 663 629 595 323 459 153 374 255 357
0 714 476 476 136 255 221 476 595 238 306 306 425 374 680 493 425 493 119 629 204 340 544 442 357 306 561 221 272 374 374 85 459 340 0 493 357 170 357 204 561 289 544 306 391 493 323 357 510 374 374 272 578 408 544 442 510 238 408 442 459 527 323 442 136 374 595 544 527 561 459 289 697 221 595 204 442 425 374 442 357
0 578 391 493 544 425 561 391 544 459 272 221 323 493 816 459 374 544 527 544 374 697 816 357 255 306 612 629 238 527 340 510 136 255 425 0 408 510 510 493 459 272 544 544 578 612 391 612 323 646 340 544 255 425 340 323 578 527 561 391 408 510 221 493 544 629 340 629 493 544 765 374 459 646 391 544 204 374 408 476 340
0 561 306 493 442 323 442 493 476 391 340 340 459 408 510 527 357 153 442 578 238 612 782 289 391 425 697 493 306 595 221 187 493 374 561 527 0 374 119 272 459 391 561 408 187 544 323 408 544 646 306 459 612 425 578 493 442 272 442 272 323 646 357 289 476 527 272 544 374 561 765 493 544 459 357 425 306 493 187 272 459
0 629 510 459 204 289 68 476 459 68 289 323 289 391 578 476 442 425 119 595 238 238 493 476 221 255 510 119 306 289 204 289 459 374 204 476 510 0 204 374 493 238 493 153 459 663 510 442 374 272 391 102 527 391 391 340 340 408 442 289 442 476 340 289 204 391 459 391 374 493 391 119 578 357 442 51 323 340 476 272 289
0 680 476 663 476 442 748 561 510 561 680 391 646 680 544 680 527 323 561 748 595 714 799 459 595 476 714 595 646 510 646 425 646 578 612 595 493 765 0 391 391 595 612 833 357 561 493 578 612 748 476 697 748 595 527 799 663 442 340 544 510 629 680 187 527 561 442 714 799 544 748 629 425 544 238 663 408 391 272 765 714
0 561 629 527 510 51 595 612 391 374 442 442 408 612 884 578 629 595 170 663 459 612 680 680 340 357 697 493 527 578 425 476 612 323 391 493 544 544 374 0 629 357 357 629 493 765 680 493 561 646 595 646 680 459 510 714 595 459 527 391 510 595 306 476 408 612 697 697 527 425 561 663 510 595 544 595 357 272 391 374 340
0 612 561 561 459 102 544 629 289 425 476 459 459 527 595 459 578 391 204 714 374 493 697 527 391 272 663 391 442 408 391 374 629 374 425 527 391 561 357 51 0 391 391 595 425 629 561 527 595 527 527 561 714 493 561 595 629 442 238 323 544 629 340 255 306 510 510 731 561 476 612 527 221 544 527 595 391 306 272 425 391
0 663 425 306 323 391 306 357 357 323 221 204 340 272 816 408 323 442 374 459 119 493 748 391 272 289 459 374 187 476 85 527 374 255 442 408 459 255 340 493 459 0 289 272 425 697 425 340 425 527 272 340 459 442 459 374 306 357 476 238 442 510 221 323 374 561 510 442 238 544 646 374 663 612 561 289 442 391 493 221 323
0 765 510 595 408 306 578 476 425 357 306 306 425 374 680 493 425 510 425 544 204 629 782 493 357 391 680 510 272 561 442 544 459 340 595 391 357 527 476 340 442 357 0 408 153 833 527 374 510 663 374 425 578 527 544 459 442 238 612 442 527 612 323 459 442 663 612 578 374 629 765 646 646 612 629 561 476 476 442 578 544
0 493 425 323 323 153 187 442 442 187 306 289 153 357 697 493 391 527 255 459 204 357 612 459 85 374 544 238 272 425 170 408 459 340 323 340 493 136 323 391 527 85 374 0 510 697 493 425 442 391 340 238 476 255 442 459 391 442 374 323 306 340 306 408 323 510 510 510 323 357 510 238 697 476 561 170 442 204 425 306 153
0 765 527 595 561 255 646 697 374 221 544 544 425 612 544 544 578 357 374 408 459 578 646 493 544 561 748 476 510 442 425 408 697 527 527 680 221 595 323 204 306 544 493 612 0 697 493 238 612 595 510 680 476 527 561 680 306 102 476 340 544 612 510 323 391 544 476 442 595 629 680 714 510 476 493 629 476 476 306 476 476
0 408 476 561 680 493 663 527 527 442 561 544 459 493 867 595 442 527 595 510 476 731 867 442 612 493 850 612 527 663 442 561 425 595 680 612 374 612 493 510 697 629 629 629 561 0 476 782 442 765 391 170 544 493 629 612 510 595 714 459 493 646 578 561 544 765 510 442 578 391 884 561 442 646 374 646 187 510 374 646 629
0 408 153 510 510 255 544 391 578 442 442 442 391 510 731 629 204 374 374 374 340 663 867 136 391 527 629 595 408 646 323 408 544 476 595 425 238 493 340 493 527 408 561 510 408 459 0 612 255 561 153 374 663 442 612 595 561 357 476 238 187 578 459 323 595 612 289 391 476 459 765 595 595 680 527 527 323 357 408 493 544
0 765 527 680 442 578 493 544 272 459 408 391 527 459 884 442 510 680 544 748 306 476 884 493 459 476 646 357 374 646 272 510 561 442 442 595 595 442 595 629 765 459 374 459 510 748 527 0 578 510 459 459 663 629 646 561 272 612 731 493 544 697 408 578 289 697 476 408 442 731 629 561 782 595 714 476 527 578 680 476 476
0 272 391 408 527 527 663 510 680 510 323 340 255 289 884 510 476 612 544 238 459 527 646 527 357 425 697 561 408 544 442 646 306 340 595 170 459 612 578 663 612 357 629 629 646 782 493 697 0 714 425 255 408 357 510 408 629 629 646 510 391 340 323 595 612 646 510 629 595 459 595 544 629 731 561 476 374 306 561 578 510
0 493 425 323 408 425 391 289 425 272 289 119 153 357 748 476 391 510 238 459 204 102 612 442 85 204 544 323 255 459 170 476 374 323 391 255 391 340 425 374 527 85 374 357 510 697 476 425 442 0 340 408 476 255 442 85 391 272 374 323 306 340 306 408 442 493 510 527 323 357 476 459 697 544 646 238 442 204 425 306 357
0 391 153 510 374 119 527 391 459 323 442 442 408 493 680 527 68 289 221 391 340 663 731 119 391 408 476 544 408 510 306 408 578 374 442 578 221 476 340 425 391 408 408 510 323 527 153 459 408 561 0 221 663 442 459 595 544 204 340 85 170 595 357 187 476 612 289 374 476 306 629 595 561 612 425 510 306 221 357 425 408
0 544 612 680 510 578 493 544 544 510 408 391 510 323 884 595 510 731 561 493 306 680 867 578 442 476 748 561 374 578 272 646 374 442 561 442 629 442 629 629 595 459 578 476 714 850 612 680 272 714 459 0 476 612 476 442 510 663 731 544 629 612 408 629 561 680 578 646 442 714 833 391 697 782 629 476 442 561 629 680 510
0 391 153 323 306 255 408 391 476 408 374 374 391 442 578 561 204 374 306 476 289 510 697 119 323 459 612 391 340 544 306 272 442 340 187 578 221 357 323 255 221 340 544 493 391 374 153 544 408 544 153 374 0 272 102 510 544 357 442 221 170 391 357 323 323 561 102 391 476 408 629 459 408 408 340 391 153 357 340 476 527
0 391 170 68 187 357 340 476 459 408 323 323 238 391 714 510 306 323 459 221 221 578 697 323 374 408 629 459 289 442 187 442 476 357 408 510 255 357 357 323 272 374 544 391 357 476 306 425 527 527 357 374 221 0 323 476 425 425 493 323 51 425 340 425 476 408 306 425 357 153 408 391 476 561 544 391 357 289 425 510 442
0 561 340 238 221 221 306 442 408 323 374 272 340 459 714 561 459 493 204 391 289 425 629 493 272 357 612 306 357 459 357 170 357 255 102 510 408 255 442 170 119 272 510 391 476 578 408 442 561 459 459 289 391 170 0 527 578 323 340 442 221 527 408 374 221 459 476 578 510 323 544 374 323 306 612 289 425 391 391 493 442
0 425 357 238 323 374 323 221 357 340 221 51 85 289 680 408 306 442 391 391 136 459 544 374 17 136 476 391 187 391 102 476 306 255 391 170 425 272 357 476 459 17 289 289 442 629 408 357 357 476 255 340 391 187 374 0 323 374 306 255 238 255 238 340 374 425 442 459 255 289 578 391 629 476 561 306 374 136 357 238 289
0 493 255 442 476 357 527 493 289 187 459 459 493 510 680 476 306 408 459 527 357 425 612 221 425 510 646 391 425 408 323 510 612 493 459 646 323 493 323 561 527 442 408 527 442 476 255 459 510 527 255 476 493 374 561 612 0 340 459 221 272 646 459 306 306 510 204 136 340 493 646 595 510 459 442 527 255 340 442 204 493
0 680 442 527 476 391 561 612 595 136 459 459 493 527 476 646 476 272 493 663 374 612 561 408 510 544 765 510 425 357 340 323 612 493 442 646 136 510 238 340 442 527 544 527 306 612 408 527 561 510 425 578 680 544 578 578 578 0 374 289 459 663 476 221 578 459 391 442 493 697 595 629 646 493 476 544 425 544 221 391 391
0 663 595 357 408 221 493 680 510 425 476 510 323 459 374 663 544 459 340 493 425 612 476 595 391 425 663 493 476 187 459 357 663 408 289 629 374 442 306 170 391 391 527 578 476 748 595 629 459 561 493 544 510 425 578 578 595 510 0 544 476 510 476 374 408 289 578 697 561 527 425 306 425 323 357 459 170 374 51 544 510
0 612 357 544 595 408 612 595 561 255 459 442 561 646 612 646 408 204 510 629 493 731 680 340 544 527 646 629 425 425 459 340 646 629 527 527 255 561 357 357 306 544 663 646 238 476 374 459 612 646 357 578 697 476 442 680 544 136 255 0 391 731 595 102 578 527 323 561 561 612 663 544 476 544 340 595 221 476 272 425 510
0 612 476 527 374 442 374 425 408 374 272 272 357 340 748 459 391 612 442 629 170 544 799 459 323 357 629 425 238 527 153 595 425 306 510 459 510 323 510 629 629 340 493 340 646 442 493 544 476 578 340 391 544 459 527 425 391 374 612 408 0 544 289 510 425 442 527 510 306 340 697 425 765 663 697 357 493 374 544 544 391
0 527 510 408 459 578 561 714 782 340 595 544 374 663 646 782 612 663 408 544 510 204 306 629 578 391 714 391 561 238 527 425 459 578 340 340 578 510 697 527 595 459 663 646 663 731 646 697 646 544 561 595 561 340 476 612 544 561 748 561 391 0 561 646 476 340 646 663 476 391 493 612 782 391 731 323 527 238 697 680 663
0 459 391 289 374 408 357 323 391 374 136 153 119 323 714 340 357 391 425 425 170 493 595 408 51 221 391 425 221 391 136 442 408 34 493 289 255 306 357 510 493 51 340 323 425 578 391 391 272 561 306 391 442 221 408 425 357 408 340 289 272 306 0 374 408 493 476 493 289 323 612 425 697 646 595 340 493 170 391 272 374
0 561 306 493 561 306 646 544 493 391 595 595 476 612 527 680 357 153 425 578 493 714 629 272 476 476 544 595 561 340 459 255 544 561 425 425 323 595 425 255 221 493 578 663 187 391 306 408 561 697 306 527 646 425 357 731 493 272 153 374 323 663 561 0 510 442 255 544 629 561 561 459 425 476 459 612 306 510 204 578 595
0 629 374 459 170 340 374 340 561 391 170 170 289 238 714 357 289 510 272 527 68 204 629 357 221 204 425 85 136 357 306 238 323 204 153 357 425 323 493 357 527 221 442 459 544 629 391 408 374 238 238 289 442 391 408 306 527 391 510 306 391 476 187 408 0 408 510 578 459 493 357 442 578 323 510 357 306 323 442 442 221
0 646 442 187 323 561 459 612 697 221 442 442 357 629 306 629 544 595 272 340 476 374 442 459 357 255 697 272 527 425 442 425 680 340 340 544 527 510 578 510 561 357 629 544 629 714 493 544 374 408 493 510 357 459 442 493 663 544 612 408 510 510 459 459 476 0 442 527 595 527 527 527 697 374 680 187 493 374 646 578 561
0 306 51 238 357 153 425 289 391 306 340 340 289 391 476 527 102 272 255 374 238 561 731 17 221 357 510 476 306 527 204 306 493 374 493 476 119 374 238 374 425 238 459 408 306 272 51 493 306 459 51 272 391 170 476 493 442 255 374 119 68 476 357 221 408 493 0 289 374 306 561 493 306 510 238 425 51 255 255 374 442
0 374 136 306 408 221 510 374 459 68 408 408 374 476 544 595 170 340 340 391 323 544 493 102 306 425 595 442 374 289 289 391 561 442 391 544 204 459 306 442 510 306 476 476 340 357 136 561 391 442 119 340 459 238 459 527 527 289 442 204 153 561 425 289 476 391 85 0 442 374 527 578 391 323 323 493 119 204 323 459 510
0 578 323 510 510 425 459 561 374 272 493 476 425 561 748 544 374 493 510 595 408 493 697 306 357 544 714 425 459 493 408 578 646 527 493 578 408 391 391 544 595 357 204 272 340 561 340 544 578 561 323 493 561 442 646 629 85 408 544 289 357 612 510 391 340 595 289 204 0 561 680 510 578 527 527 442 323 408 527 272 340
0 340 289 476 595 374 510 527 697 578 561 561 527 629 561 748 323 493 493 561 476 782 884 255 527 646 748 680 527 782 442 544 714 595 476 612 357 612 459 544 510 527 680 595 527 459 289 680 527 680 272 493 629 425 391 714 680 476 595 357 306 714 578 442 612 595 408 510 595 0 646 561 714 663 646 646 459 136 527 612 663
0 629 527 425 425 561 527 357 561 289 425 255 289 493 578 493 527 646 340 561 340 238 323 578 221 340 238 340 391 510 306 493 510 459 425 391 527 476 561 510 629 221 272 493 408 833 612 561 578 153 476 561 578 357 578 221 527 408 510 459 408 357 442 544 561 272 646 612 459 493 0 595 833 408 765 272 578 340 561 442 493
0 629 544 510 374 374 459 527 680 476 170 357 391 578 833 357 323 544 357 578 425 578 714 527 323 442 680 459 340 425 408 323 595 306 255 527 595 408 510 442 391 340 595 544 578 731 425 612 357 612 425 510 408 442 272 595 646 476 595 357 493 578 527 442 391 527 510 646 561 578 680 0 595 459 680 442 544 442 612 544 595
0 476 476 493 255 425 340 425 85 357 272 255 374 323 442 255 374 323 374 612 170 289 595 442 306 68 459 170 238 323 391 170 425 289 255 459 374 408 425 425 391 306 187 425 340 561 476 493 476 323 323 357 527 476 425 391 544 238 340 119 476 561 272 187 102 425 425 663 544 340 442 408 0 408 323 459 323 187 374 527 289
0 527 493 374 238 357 323 425 408 340 289 272 408 340 765 476 391 476 238 527 187 442 323 459 323 102 527 323 255 357 153 204 442 306 119 476 476 272 408 306 527 68 357 340 493 595 442 408 493 442 340 374 527 357 476 442 374 340 527 272 408 323 289 374 255 459 578 510 306 391 561 391 731 0 612 323 493 238 493 289 391
0 442 578 629 595 408 510 697 425 612 612 544 612 663 493 595 629 476 527 646 510 595 697 561 544 408 799 527 578 629 595 510 731 527 476 731 578 646 153 357 323 544 476 595 493 646 578 697 561 663 578 561 782 561 391 731 799 493 476 374 442 391 612 323 442 510 578 697 748 306 663 578 357 561 0 680 374 153 289 731 629
0 629 476 425 170 374 374 510 646 34 459 340 374 527 544 646 527 578 85 578 374 204 459 442 306 204 595 85 425 255 391 238 595 391 170 476 510 323 527 323 646 323 459 459 544 646 476 408 612 238 476 425 578 374 578 306 629 391 459 374 425 544 408 476 306 357 425 357 544 493 357 442 578 323 510 0 323 340 476 527 391
0 646 476 663 527 374 561 680 340 272 527 527 629 578 697 510 374 357 493 714 425 544 697 442 561 323 731 442 493 493 408 391 680 544 510 714 204 578 323 323 510 544 459 612 391 731 476 612 731 578 323 544 799 629 595 663 476 476 595 374 493 595 527 442 357 595 459 578 408 510 697 629 272 476 204 612 0 340 204 459 544
0 306 442 476 459 459 374 680 646 561 578 510 527 629 731 765 493 646 442 510 476 663 833 408 510 595 748 544 544 697 442 408 595 493 340 578 510 493 612 408 374 527 765 459 680 510 442 544 680 646 425 425 629 408 255 731 646 561 595 510 306 697 578 612 476 697 561 561 612 170 510 425 578 561 799 527 612 0 629 731 595
0 680 612 646 510 187 595 697 527 493 544 544 527 408 850 697 663 476 289 782 459 697 595 595 459 374 799 595 510 629 425 391 697 442 391 612 629 544 493 136 425 340 476 612 510 714 629 612 561 697 612 595 799 578 629 527 561 527 476 510 629 578 425 323 527 731 578 680 578 544 697 663 629 272 459 578 459 391 0 493 476
0 629 374 544 527 408 374 612 510 272 459 459 476 612 612 289 425 221 442 646 459 561 697 340 408 544 459 442 425 442 476 357 663 578 527 527 272 323 119 357 323 425 340 340 255 493 374 272 629 595 374 425 697 493 459 663 221 136 272 17 391 663 561 119 391 544 340 357 153 629 680 442 493 561 357 374 238 493 289 0 476
0 578 680 612 561 306 578 731 391 612 561 561 442 629 867 561 680 510 408 425 476 595 884 646 578 595 765 476 527 765 578 561 714 561 561 731 374 714 476 255 782 578 493 663 544 884 680 374 765 629 629 629 765 544 731 697 425 595 714 476 595 629 544 561 408 816 629 561 527 646 748 646 748 714 714 748 595 493 561 612 0
