100 5
32 679 893 1 7
99 203 409 5 1
81 442 652 10 9
7 590 806 4 5
60 373 593 7 1
84 266 500 5 6
93 664 830 9 6
56 332 532 6 3
44 495 661 6 4
26 274 492 10 2
38 332 554 3 8
56 631 861 9 8
67 258 494 5 9
41 600 798 2 7
17 310 512 2 8
68 218 434 5 9
57 276 436 6 3
83 583 819 8 8
100 407 611 4 4
24 730 920 5 4
54 195 433 4 8
85 519 679 5 6
60 575 795 10 5
1 579 777 4 10
97 545 763 10 7
53 343 515 7 2
82 285 459 8 9
9 207 379 7 3
26 599 815 5 10
53 381 565 2 10
79 342 508 8 6
54 477 705 2 10
8 401 575 4 3
68 654 890 5 6
17 651 829 7 4
55 359 537 1 5
7 675 879 9 1
32 174 398 2 5
12 180 392 5 5
80 458 644 4 1
76 332 520 8 8
11 394 556 5 5
81 445 627 8 3
4 528 726 10 5
34 678 862 8 2
69 620 818 7 9
87 685 875 2 7
62 207 403 9 4
85 670 890 10 7
55 260 434 6 3
67 581 799 9 10
82 727 901 2 7
92 381 597 10 5
15 673 861 10 2
68 289 519 9 3
74 333 499 2 9
60 509 695 5 9
38 383 581 8 5
62 512 708 10 9
97 417 599 3 4
76 479 695 2 9
95 501 683 6 4
77 512 688 8 6
88 285 491 7 9
17 475 667 6 1
90 275 461 5 9
38 422 592 6 9
78 216 452 9 10
63 730 898 8 4
25 668 870 7 9
79 527 751 9 5
29 451 627 9 2
18 272 500 9 5
39 247 461 3 4
60 322 510 8 6
37 629 789 8 1
27 382 552 9 1
83 644 814 3 4
35 430 600 9 9
100 261 435 8 7
83 592 812 8 9
90 216 378 4 10
97 398 590 8 2
99 614 844 1 3
85 200 372 9 3
32 392 618 2 3
38 646 842 4 2
52 324 524 4 9
44 298 506 1 4
27 516 682 2 8
20 563 753 5 3
33 272 508 9 1
1 532 764 6 1
67 449 655 2 6
24 580 762 6 9
20 395 579 3 9
23 202 386 5 9
86 549 725 3 6
70 359 595 8 2
91 518 702 8 10
SETUP
0 7 8 7 8 3 1 5 6 7 9 6 7 5 9 5 5 8 10 10 5 10 5 3 5 7 7 7 4 6 6 5 5 9 7 6 7 5 9 6 7 7 9 10 6 5 5 5 5 4 6 8 6 6 6 6 8 7 7 7 7 5 5 8 6 7 6 8 11 8 7 8 7 9 4 3 4 6 9 7 6 9 4 7 6 5 7 4 7 4 4 7 7 8 7 9 7 8 6 5 7
0 0 30 33 33 28 27 32 31 33 36 33 8 32 9 9 33 34 33 34 30 36 7 29 31 32 8 33 30 29 32 6 31 34 33 30 29 30 32 32 30 30 35 35 32 31 5 30 30 29 32 8 35 29 32 31 31 33 34 31 33 32 30 9 8 30 33 34 37 36 30 32 4 33 29 33 30 31 10 9 31 33 32 33 32 7 33 29 8 29 32 32 33 33 32 32 32 34 32 28 33
0 34 0 7 33 30 35 30 32 31 34 7 36 29 35 33 32 34 33 31 31 33 28 31 32 33 34 33 7 33 5 33 32 34 8 30 9 32 32 9 7 33 31 36 32 32 33 30 32 31 33 31 33 33 7 30 33 32 6 32 35 6 30 33 29 31 32 33 38 31 31 33 31 33 33 30 31 30 34 32 6 34 29 30 29 30 33 31 31 6 29 32 8 33 31 34 31 34 7 32 32
0 35 5 0 30 29 34 30 31 30 33 7 32 30 34 32 30 33 31 33 30 34 31 28 30 31 32 30 5 27 6 31 30 29 7 28 4 30 28 7 4 29 33 33 32 30 32 31 30 29 30 31 33 28 6 29 31 34 8 30 33 6 29 33 32 27 31 33 36 35 27 29 31 30 29 32 29 31 34 32 4 32 32 30 30 29 32 29 33 4 32 31 6 32 32 33 31 33 6 27 30
0 35 34 33 0 29 34 30 9 30 34 30 32 7 34 34 33 31 33 32 30 33 32 32 32 31 32 33 32 28 32 31 31 34 28 32 33 30 32 32 28 28 35 7 28 32 33 31 30 29 33 30 7 9 27 29 8 7 30 30 33 33 29 31 28 6 32 10 33 11 8 7 31 33 33 31 32 7 35 34 31 31 7 33 32 33 33 29 33 32 32 33 32 33 33 34 29 8 32 34 9
0 33 33 30 30 0 32 6 31 32 8 32 33 30 31 33 6 6 34 33 7 33 30 30 28 4 33 31 32 5 33 28 32 7 30 31 30 27 32 35 31 30 9 33 5 28 31 31 32 26 29 32 32 30 29 29 31 32 32 30 5 32 29 31 30 30 32 33 35 34 30 32 33 33 32 30 6 31 35 32 31 32 29 33 8 30 30 26 33 31 6 30 30 33 8 8 30 31 29 31 33
0 34 32 31 32 27 0 32 30 6 35 31 31 31 33 34 32 33 34 10 29 9 30 27 30 31 32 7 28 31 30 29 5 33 31 5 32 4 33 30 32 31 34 34 30 29 29 5 29 28 5 33 34 31 30 6 32 31 33 31 31 30 30 33 31 32 8 35 11 35 32 33 31 34 28 31 28 31 34 34 32 33 31 32 31 32 7 3 33 28 30 31 32 8 31 33 6 33 30 32 33
0 37 29 35 33 8 33 0 33 34 12 35 35 33 36 29 7 11 35 34 9 32 32 34 31 10 33 34 31 6 30 31 33 9 33 32 32 33 35 33 32 32 10 36 8 35 33 33 33 33 35 35 35 32 32 33 33 35 35 33 8 34 33 34 33 34 33 35 37 35 34 31 34 32 31 32 9 33 35 35 30 33 33 33 8 34 29 33 35 33 8 33 35 28 9 12 30 31 32 30 34
0 37 35 34 6 32 35 31 0 31 37 34 37 5 28 35 32 32 37 36 31 34 30 33 33 33 34 33 30 34 32 35 32 30 34 32 36 31 34 32 31 34 35 11 34 33 34 32 34 30 34 33 9 10 33 30 3 9 33 33 36 34 32 32 31 7 33 10 38 7 8 6 33 32 30 32 33 8 36 34 34 33 8 33 33 34 33 30 31 32 33 34 34 34 33 34 33 9 33 35 6
0 35 32 36 32 32 6 30 35 0 36 33 35 33 34 34 33 35 35 9 33 11 33 33 30 34 34 7 33 31 27 34 6 35 31 7 32 7 34 36 32 30 36 33 31 34 32 7 33 31 9 33 33 34 30 8 34 35 33 31 36 32 33 35 31 31 8 36 11 35 33 33 33 34 33 31 33 33 36 35 34 34 32 32 32 33 7 7 35 33 32 32 35 8 33 30 3 30 30 33 34
0 35 34 34 32 7 35 7 29 31 0 30 37 30 31 34 6 9 32 31 4 32 30 29 32 8 31 34 27 9 29 33 30 8 27 30 33 33 28 33 33 27 6 32 5 31 32 29 33 30 32 33 31 32 32 32 31 34 33 31 9 31 31 32 31 30 31 34 32 35 32 32 31 30 32 32 5 30 35 33 31 33 30 28 6 31 31 32 29 30 5 31 27 34 5 10 30 35 32 35 33
0 36 10 9 32 33 36 31 29 31 36 0 38 33 31 35 34 31 35 35 30 33 31 34 35 33 33 33 5 35 7 35 31 34 9 32 11 30 35 7 7 33 35 36 35 30 32 31 30 30 31 31 35 32 9 33 28 33 5 33 36 6 33 31 28 32 33 36 33 35 34 33 31 34 30 33 32 32 35 35 8 34 33 32 32 33 32 30 35 7 32 33 8 33 33 35 33 35 10 35 35
0 10 33 34 33 30 35 29 33 31 33 33 0 30 9 6 32 34 33 34 33 33 5 33 31 33 10 33 31 32 33 6 30 31 32 27 33 31 33 33 30 30 33 34 33 33 9 32 34 29 32 9 35 29 31 31 34 34 33 31 32 32 30 8 7 29 31 34 37 35 32 30 9 31 31 32 29 33 11 9 31 33 32 32 31 4 32 30 9 29 34 32 34 32 33 33 33 35 31 31 29
0 33 31 29 5 30 33 30 6 29 34 31 33 0 33 30 30 33 34 33 29 35 26 29 28 30 32 30 28 30 30 31 30 32 29 28 32 31 30 33 31 29 33 9 30 31 30 27 29 28 32 29 6 5 28 31 6 4 29 29 33 30 30 30 27 4 30 8 34 5 3 5 29 31 31 28 30 3 32 32 31 33 4 32 31 30 30 30 30 30 29 31 32 33 29 33 30 7 28 30 6
0 10 32 32 28 30 32 28 29 32 34 31 10 30 0 7 32 29 35 33 32 31 4 32 32 30 6 31 27 31 29 8 31 34 31 29 33 28 32 29 31 31 33 33 31 30 7 29 32 27 31 7 33 32 30 31 26 31 31 33 35 33 31 5 5 31 31 32 36 33 31 32 6 33 27 30 30 30 8 6 31 32 30 30 32 6 30 27 7 29 30 32 31 31 30 33 30 31 33 33 33
0 12 34 33 33 29 34 31 30 33 35 33 6 32 7 0 31 33 35 34 30 35 7 32 32 31 9 34 33 27 33 7 32 34 30 32 33 30 33 36 28 30 35 35 31 32 8 32 33 29 33 8 35 34 30 29 32 35 33 30 33 33 29 6 6 32 32 33 35 36 34 33 9 30 33 32 32 32 9 7 31 32 31 32 31 7 34 29 8 32 33 33 33 32 34 34 31 33 33 34 33
0 35 33 32 29 4 33 4 30 32 7 30 34 29 33 31 0 4 32 31 5 31 30 30 31 3 31 32 28 7 30 31 30 7 27 29 30 29 32 30 28 27 8 32 3 30 28 30 30 28 31 31 31 31 31 28 30 30 31 29 8 31 28 29 29 29 26 34 32 34 32 30 31 31 28 28 5 27 33 33 29 30 30 32 6 28 31 28 29 30 5 32 31 31 6 8 28 32 31 31 27
0 34 32 28 32 5 34 7 31 31 9 31 33 30 33 31 5 0 31 33 6 27 30 30 32 3 33 33 29 5 31 32 31 7 31 30 31 31 31 31 30 29 6 31 7 33 32 31 30 29 33 29 32 31 33 31 30 27 31 32 9 30 31 26 29 29 27 34 34 34 30 30 30 31 29 28 6 31 29 33 32 28 30 30 7 31 31 30 32 30 5 33 34 34 7 4 31 35 29 30 30
0 32 32 33 29 29 33 32 32 30 35 29 32 32 34 34 30 32 0 27 30 34 30 5 2 32 31 30 31 29 32 27 31 31 28 33 31 30 6 33 30 4 34 33 29 6 32 32 6 4 32 31 33 33 28 30 32 31 30 4 28 28 5 31 29 28 30 34 30 35 29 30 31 6 6 7 31 31 31 34 33 6 31 7 31 32 29 29 30 31 33 4 31 33 32 32 29 34 28 9 31
0 35 32 32 33 28 9 31 31 5 35 27 34 30 33 34 29 33 33 0 32 8 31 30 31 32 32 7 29 33 30 31 5 30 31 6 33 5 31 31 29 31 32 33 31 32 31 5 32 30 8 33 35 33 32 4 30 34 29 30 33 26 28 29 30 26 5 33 11 35 32 28 32 29 29 32 31 31 29 34 32 33 31 30 29 32 7 5 33 30 31 31 32 9 32 30 6 33 30 33 29
0 33 32 34 31 6 34 7 34 29 10 30 35 32 32 33 5 9 31 33 0 31 32 30 31 8 32 32 30 8 28 32 27 7 32 29 33 31 31 32 30 31 10 33 7 30 31 28 33 30 31 34 34 31 32 31 32 32 31 31 9 29 30 32 33 30 31 34 36 37 30 31 30 32 32 32 7 29 34 33 33 32 33 28 2 31 33 30 32 31 8 29 33 34 5 9 29 33 32 35 31
0 36 34 34 33 32 12 33 35 7 33 33 31 32 36 33 32 36 35 10 30 0 30 31 34 32 31 10 32 33 33 34 6 35 31 7 33 7 34 35 31 31 32 29 34 33 34 7 30 31 9 31 30 33 34 7 33 33 31 33 36 33 32 33 29 33 8 35 11 35 33 33 32 34 34 30 32 33 35 34 33 26 32 33 32 33 4 7 34 32 31 32 35 10 33 36 7 35 28 32 31
0 8 30 29 30 30 34 30 31 29 33 31 8 29 9 5 30 33 33 34 29 35 0 29 31 32 7 31 30 30 30 6 30 32 30 28 31 31 29 33 30 31 34 36 32 31 5 27 29 29 32 4 30 30 31 30 31 29 28 31 33 30 30 8 2 28 30 33 35 30 28 30 4 31 30 27 30 28 6 7 30 34 29 31 31 5 32 30 5 30 29 31 32 32 28 33 31 33 32 30 31
0 33 32 32 30 30 34 32 31 29 35 29 33 31 34 33 30 34 8 33 32 35 28 0 3 30 32 31 32 30 31 33 28 32 30 30 33 31 6 34 30 5 36 34 30 3 32 30 7 5 28 32 33 29 29 30 31 32 30 5 34 28 5 31 30 30 31 33 34 33 30 31 32 7 7 5 27 31 34 32 30 8 32 8 32 32 30 30 33 26 32 4 34 31 31 32 30 33 29 8 32
0 31 31 32 28 28 31 30 32 29 33 29 31 30 32 33 32 31 7 31 30 33 29 7 0 30 31 28 31 27 31 30 30 33 27 31 30 28 7 33 28 2 34 31 27 5 32 30 5 3 31 29 31 32 26 29 32 32 29 2 32 31 4 31 27 30 29 34 32 33 31 31 30 7 6 6 32 31 34 33 31 5 30 7 31 31 28 27 33 32 31 6 31 32 32 34 28 33 26 8 33
0 35 31 32 31 4 34 4 30 30 7 29 34 28 30 29 2 6 33 33 3 32 28 31 30 0 30 32 28 4 29 31 30 5 29 30 30 29 32 31 29 29 7 30 4 31 29 29 28 29 32 31 29 29 31 29 27 31 31 30 8 28 29 31 29 26 28 31 34 33 31 28 31 29 28 26 4 29 34 30 29 32 28 29 4 28 31 28 30 30 3 31 31 31 6 8 30 33 30 28 29
0 10 34 34 31 31 30 31 32 31 34 32 11 31 7 8 28 32 33 33 28 33 7 32 31 30 0 33 28 33 31 7 30 33 30 29 33 28 33 33 30 30 31 34 30 30 5 28 28 30 31 7 33 31 32 31 29 33 32 32 34 32 31 7 5 31 29 31 34 36 32 27 2 28 30 31 31 29 9 8 31 33 31 30 30 6 33 30 6 31 31 31 31 34 30 34 30 35 32 32 30
0 32 32 34 26 30 9 29 30 6 35 31 33 30 32 33 33 32 33 8 30 9 30 30 32 32 33 0 29 29 32 32 5 34 29 5 33 6 32 33 29 29 35 33 29 32 32 4 30 27 8 27 33 32 28 5 29 33 29 30 34 32 30 31 29 30 7 34 9 35 33 32 27 33 31 32 31 30 35 33 31 32 30 31 32 31 4 5 32 31 30 32 28 6 30 35 5 34 27 34 33
0 33 8 7 30 30 34 29 33 31 33 7 35 28 34 32 32 34 34 35 30 35 29 32 31 33 33 33 0 33 5 31 29 32 6 28 7 31 32 9 6 31 31 36 33 32 30 27 31 31 33 32 32 30 7 30 31 32 6 31 33 6 29 33 30 30 31 32 36 33 31 31 29 32 32 30 28 28 35 31 5 34 28 33 32 29 32 30 30 3 28 30 7 32 28 33 30 33 7 33 32
0 35 33 31 31 2 32 4 32 32 9 33 33 30 32 33 6 7 34 33 3 33 30 30 30 5 34 32 32 0 31 30 30 9 31 30 31 28 31 34 26 31 9 33 7 30 32 31 32 27 31 33 33 32 30 27 31 33 32 28 7 32 27 31 30 30 30 34 34 35 32 31 33 32 32 30 6 32 32 33 29 30 30 30 5 31 32 27 32 30 6 31 31 30 7 9 32 31 30 32 33
0 34 9 9 30 30 34 32 34 31 35 7 33 31 35 32 31 33 34 32 31 35 31 32 28 33 33 31 7 30 0 33 29 33 5 33 6 31 33 9 6 28 35 33 30 33 34 32 31 30 34 31 32 33 4 32 34 33 7 30 34 6 31 33 30 30 31 35 34 36 31 31 32 32 32 29 33 33 34 34 7 33 31 33 32 32 30 30 33 8 31 30 9 35 33 33 26 34 4 32 32
0 6 30 32 28 28 31 31 33 30 33 30 6 30 8 8 28 31 32 31 30 33 4 29 26 30 6 28 30 27 31 0 30 30 27 31 30 28 29 33 28 27 33 32 28 30 6 31 30 28 30 5 32 32 26 29 32 30 29 27 27 31 29 6 3 28 29 34 32 34 28 29 5 30 30 31 30 30 8 8 31 30 30 31 31 6 28 28 7 30 31 27 31 32 31 34 28 33 26 33 30
0 30 30 33 31 29 7 30 32 3 33 28 33 31 33 33 28 32 34 9 32 9 31 28 31 31 34 5 30 31 29 32 0 30 30 7 33 6 29 32 29 30 33 34 30 30 30 7 33 30 6 32 34 32 32 5 31 30 29 30 33 27 29 30 31 28 4 34 10 35 28 29 32 30 30 31 29 30 32 35 32 33 33 31 30 30 7 5 32 29 33 27 32 8 33 32 5 31 32 33 30
0 33 32 31 32 3 31 4 31 26 9 30 33 30 32 33 5 7 34 33 7 33 29 30 30 5 33 32 32 7 27 30 27 0 31 30 31 28 31 34 26 29 9 31 7 28 32 30 32 27 29 32 33 30 30 27 31 32 31 28 7 29 27 32 30 30 30 33 34 33 30 31 32 32 32 30 6 31 34 32 30 28 30 32 7 31 31 27 32 30 6 29 31 31 5 5 28 30 30 32 26
0 34 8 9 34 30 34 29 32 30 32 3 36 31 33 33 30 33 30 29 32 35 32 32 32 33 29 34 5 33 7 31 29 31 0 32 10 31 33 8 7 26 34 37 32 32 33 31 32 28 33 33 35 34 7 32 30 34 7 33 33 5 32 33 31 28 31 32 30 36 31 30 31 31 30 33 32 32 33 31 8 34 31 31 31 32 33 31 32 7 32 30 9 32 33 34 33 35 7 35 31
0 35 32 33 31 29 9 28 32 5 31 32 35 29 33 30 30 32 31 8 33 9 29 32 29 31 33 7 30 31 31 29 5 30 31 0 33 5 31 32 28 29 32 35 31 32 32 5 32 29 8 32 34 28 30 4 33 32 32 30 31 31 29 31 30 28 4 33 10 33 32 29 32 30 30 31 28 31 35 32 29 33 32 31 30 28 6 4 33 29 32 31 33 5 32 32 7 33 30 33 30
0 33 4 8 30 29 33 30 31 30 33 7 32 30 33 33 30 33 32 33 27 33 30 28 30 32 33 29 4 30 5 32 29 30 4 30 0 30 28 7 5 29 33 34 32 30 32 30 27 30 30 30 33 31 6 28 32 33 8 29 33 5 30 33 32 27 30 33 34 35 27 29 30 29 29 32 29 31 35 34 7 33 31 29 28 29 32 30 33 3 31 30 6 32 31 33 30 35 6 34 30
0 34 36 34 29 31 10 32 29 8 31 33 36 33 32 34 33 35 33 9 32 9 33 30 33 33 35 5 33 32 31 33 7 34 31 5 34 0 32 33 30 31 33 33 32 28 34 8 32 31 4 32 35 29 31 6 32 33 34 32 35 33 30 31 32 31 8 33 9 36 34 32 32 33 33 33 31 34 35 32 31 35 34 31 33 32 7 6 33 31 33 33 28 10 35 32 7 34 32 35 32
0 37 34 34 32 30 33 30 29 33 35 32 36 32 32 33 28 32 9 33 32 33 31 5 7 30 31 34 30 34 33 32 32 33 30 29 32 32 0 33 30 5 35 33 30 7 30 29 8 6 33 32 30 31 33 31 32 33 32 5 34 33 6 32 30 31 29 31 34 36 33 32 31 3 6 6 31 30 34 35 31 7 33 9 33 31 34 31 32 31 33 9 28 32 30 35 31 35 33 9 30
0 33 9 9 28 31 35 30 31 32 36 7 34 31 33 34 33 33 35 34 31 35 32 32 33 33 34 27 6 30 8 33 31 34 5 31 9 32 33 0 5 30 36 34 30 34 33 30 31 28 31 28 34 33 4 31 30 32 5 31 35 8 31 32 30 30 33 35 35 36 34 32 29 33 32 33 33 31 35 34 8 33 31 32 33 32 30 31 33 7 32 33 5 31 32 36 31 35 4 35 33
0 33 7 5 31 26 31 28 31 32 33 7 32 29 31 32 30 30 35 32 30 32 29 29 29 28 33 31 6 30 7 28 30 32 5 31 5 27 30 8 0 30 33 32 30 29 31 30 30 26 30 32 32 31 5 26 30 32 7 27 30 6 26 30 30 29 29 33 33 33 31 30 32 31 31 29 29 31 33 32 4 32 29 31 31 30 31 26 30 4 30 30 5 30 32 33 31 30 5 31 32
0 37 33 35 35 32 37 29 35 34 36 31 37 31 33 33 32 35 12 29 35 36 32 7 9 34 36 34 33 34 34 35 33 33 33 34 36 33 8 35 33 0 36 37 34 9 33 33 10 3 35 35 37 36 33 32 33 35 32 9 36 30 7 33 33 30 32 35 38 36 32 32 35 7 7 9 33 33 33 34 33 12 31 9 33 32 33 33 35 33 35 10 35 32 35 34 34 35 34 9 33
0 36 34 30 33 7 35 8 33 32 10 32 35 28 34 33 6 7 32 31 7 33 29 32 31 5 34 34 31 7 33 33 33 9 33 31 33 33 33 33 31 32 0 32 8 34 33 30 32 31 30 30 33 30 32 31 31 32 32 33 10 31 32 27 30 30 29 35 35 33 31 32 31 33 30 30 8 31 35 34 32 34 31 33 8 33 33 32 33 33 6 34 35 35 7 6 33 35 32 31 33
0 34 33 34 9 30 35 32 8 31 35 32 35 6 33 31 30 33 35 35 30 34 31 31 33 28 33 33 31 32 32 32 29 32 31 33 29 32 32 33 32 31 35 0 32 33 32 32 30 31 34 34 7 7 33 30 5 6 33 32 34 30 30 33 32 4 30 9 36 10 6 6 34 31 31 28 32 7 33 33 32 35 5 32 31 31 34 31 33 32 30 30 34 34 34 35 33 9 33 31 7
0 34 34 34 34 6 33 6 34 31 9 32 33 30 36 32 7 10 36 34 6 37 30 32 32 7 31 34 32 7 31 33 29 8 33 32 33 33 33 35 33 30 7 30 0 33 33 32 31 32 32 33 30 33 33 31 34 33 32 33 6 31 31 33 31 31 32 33 35 35 31 32 32 33 32 29 7 33 33 32 31 28 30 33 8 30 31 32 32 32 5 30 33 33 8 8 26 31 30 31 33
0 36 34 33 33 29 33 30 29 31 34 34 34 31 32 32 32 33 6 32 30 35 31 7 7 31 34 33 31 33 32 31 31 32 33 28 32 29 6 34 28 4 34 32 33 0 32 31 5 4 26 34 33 27 32 29 32 34 33 5 33 33 4 33 32 30 31 31 32 34 32 31 30 7 7 6 31 32 33 30 29 8 31 7 31 30 33 28 31 31 32 8 32 33 33 30 33 33 32 9 30
0 11 34 33 31 29 35 30 31 32 33 33 11 29 6 7 30 30 34 33 31 32 5 31 32 29 8 32 31 32 33 7 32 33 32 30 33 27 31 34 31 31 34 32 33 28 0 31 31 26 29 8 31 30 32 30 30 31 33 32 33 32 30 6 6 30 31 33 35 34 32 31 7 32 32 29 31 31 8 7 30 33 29 32 32 5 33 26 8 31 31 33 30 33 32 32 33 34 32 32 32
0 35 32 31 28 30 10 28 32 6 32 32 35 29 33 30 31 33 32 8 29 10 29 32 30 32 32 8 29 31 32 30 5 30 29 1 30 5 30 33 29 29 32 34 31 31 28 0 30 29 7 33 31 28 30 5 29 33 32 30 31 32 29 32 30 28 5 33 9 34 31 30 27 30 30 31 29 26 35 33 30 33 32 31 30 28 6 4 29 29 31 31 31 6 27 33 7 34 30 32 31
0 33 32 34 31 30 34 32 34 29 35 30 35 32 32 33 30 34 6 33 26 31 33 5 6 33 32 32 30 33 28 32 27 31 32 29 33 31 6 32 30 6 35 33 32 6 31 28 0 6 31 34 34 31 32 29 32 32 31 7 32 29 5 32 33 30 31 34 36 37 30 31 30 7 7 7 31 29 34 33 33 7 33 3 27 31 33 30 32 31 32 4 33 34 30 34 29 33 32 10 32
0 36 33 33 33 30 34 30 33 32 33 34 35 28 30 33 33 34 10 35 32 34 29 7 6 33 33 33 30 33 33 32 31 35 32 31 34 30 6 34 34 8 33 36 33 7 30 30 7 0 33 32 34 33 32 30 30 32 32 6 34 33 5 33 30 32 31 32 37 33 31 33 32 8 7 6 30 30 35 31 30 9 28 8 34 29 33 30 32 30 32 7 32 32 32 33 32 33 32 8 34
0 35 33 32 32 28 8 29 33 5 33 33 33 30 33 31 32 32 30 7 29 9 30 31 30 30 33 8 31 32 31 30 6 31 32 2 31 4 30 33 27 28 33 34 32 31 31 6 28 28 0 34 33 26 31 3 31 33 33 29 32 32 28 32 31 29 6 32 7 34 33 30 32 31 31 30 30 32 33 30 28 32 31 31 30 29 8 3 32 30 31 32 31 7 32 33 7 32 31 33 29
0 6 33 33 30 29 32 30 32 32 33 33 10 29 6 7 33 32 34 35 29 34 4 31 30 32 8 33 28 31 32 6 31 32 31 28 31 30 31 32 31 31 33 33 32 32 5 28 29 26 33 0 33 30 31 29 28 32 32 28 33 33 30 7 5 30 30 32 34 33 32 32 1 33 30 31 30 28 10 6 30 34 28 31 30 5 32 30 5 30 30 32 30 32 29 34 32 34 31 33 33
0 36 35 35 5 32 31 32 8 31 35 33 35 8 33 34 29 33 34 34 28 34 33 33 30 32 26 33 30 32 32 33 30 34 30 30 34 29 34 34 31 30 32 10 31 31 31 29 28 31 32 30 0 7 31 32 5 9 30 32 33 32 32 33 28 7 30 7 35 12 8 3 28 29 31 32 32 5 35 34 32 34 7 31 30 32 32 31 32 32 32 32 32 35 31 35 32 10 31 33 6
0 34 32 31 7 27 32 28 7 30 32 32 32 4 32 30 30 31 29 30 30 33 29 30 29 29 32 32 30 31 30 29 30 30 31 26 30 28 29 32 26 27 32 8 31 30 30 30 31 27 30 33 7 0 30 27 5 7 32 28 31 31 26 31 30 3 29 6 33 8 7 5 31 30 30 29 29 6 32 29 27 31 5 30 30 28 31 26 30 29 30 31 30 31 31 31 31 6 30 32 6
0 34 9 7 30 28 32 30 33 29 33 4 30 31 33 33 31 30 31 30 29 32 31 31 31 30 30 33 6 26 5 31 30 32 1 30 7 29 32 9 3 26 33 31 26 31 32 30 29 28 32 29 31 33 0 28 31 32 4 29 32 6 28 30 27 29 31 33 31 35 32 31 29 32 31 30 32 31 33 32 6 30 31 31 31 32 32 28 33 6 30 31 7 31 31 33 27 32 6 33 32
0 35 34 33 31 30 10 30 31 7 33 32 36 29 34 34 33 35 35 12 31 10 30 28 31 33 35 5 31 33 31 33 5 34 33 7 35 7 33 36 33 33 34 37 33 30 34 6 33 31 6 32 33 32 32 0 34 33 33 32 35 31 30 34 31 32 7 33 10 34 32 34 32 35 33 31 29 32 35 32 30 35 29 33 33 30 8 7 31 29 29 32 33 8 32 34 7 34 32 34 35
0 35 32 32 7 30 35 28 4 32 34 31 36 5 29 32 32 29 35 33 32 31 28 32 32 30 31 31 27 33 29 33 31 34 33 29 33 28 32 29 32 32 33 9 34 30 32 29 32 27 31 32 8 7 33 31 0 6 31 33 34 33 31 29 29 6 31 9 37 8 6 7 30 33 27 30 30 5 33 33 31 32 5 30 32 31 30 27 32 29 30 32 31 31 30 33 30 9 32 33 9
0 35 33 32 8 30 32 31 9 32 36 32 35 3 34 33 32 33 35 35 32 35 28 32 30 32 34 33 30 32 32 32 33 35 32 30 33 30 32 36 29 31 36 10 32 32 33 30 32 29 33 32 9 7 31 30 8 0 31 30 34 31 29 33 30 7 32 10 36 8 6 8 32 32 33 30 33 6 28 35 32 35 7 32 31 33 33 29 33 33 32 34 33 34 31 36 32 9 31 31 4
0 32 6 9 32 30 33 32 31 28 34 5 34 32 34 31 29 33 33 35 33 33 32 29 32 32 33 31 4 32 5 33 27 30 6 31 9 30 30 7 5 31 33 35 31 31 31 31 34 31 32 33 34 33 8 30 32 31 0 32 34 3 30 31 32 27 30 33 36 37 29 28 32 29 29 32 30 31 33 35 8 33 32 30 29 31 32 30 33 5 32 28 8 34 32 33 30 33 6 34 30
0 33 32 30 31 26 30 31 31 31 34 32 34 30 32 32 31 30 10 34 30 32 27 5 4 29 33 31 29 30 31 28 29 32 30 29 28 28 6 31 31 5 35 33 30 4 32 29 5 2 30 30 32 31 29 30 30 31 30 0 30 31 5 30 28 30 27 34 31 32 30 31 30 7 4 4 31 30 33 33 31 8 30 7 31 31 30 27 31 31 31 5 30 33 30 33 31 31 29 6 33
0 34 34 33 31 4 34 8 31 30 9 31 34 29 34 31 8 9 33 34 3 34 30 32 28 8 34 31 30 5 31 31 30 4 30 30 33 29 32 35 30 30 11 35 5 28 34 31 32 30 29 32 35 30 29 29 32 33 32 30 0 32 28 34 30 31 32 33 35 34 31 33 30 34 33 31 4 32 35 32 31 32 32 30 5 33 30 30 33 29 7 31 32 35 8 7 31 33 29 34 30
0 34 9 6 33 28 33 32 30 31 35 2 33 32 33 33 31 32 33 34 31 34 31 29 30 31 34 33 6 32 7 30 29 32 7 33 7 30 30 8 7 32 33 33 32 31 33 32 31 29 32 32 34 33 6 28 29 33 3 29 32 0 27 28 30 29 30 35 35 36 31 31 32 32 31 31 30 33 36 34 8 34 31 32 32 32 32 28 33 5 31 30 7 34 34 32 33 31 6 32 32
0 33 33 30 30 26 31 30 31 32 33 32 31 30 32 33 31 31 9 32 31 33 29 4 3 29 33 30 31 30 31 28 31 32 30 31 30 28 7 33 31 5 34 33 30 4 31 31 7 2 30 32 33 31 29 26 31 33 32 3 30 31 0 31 30 30 29 33 33 34 31 32 32 8 6 5 30 32 35 32 31 8 29 8 33 30 30 27 32 29 29 5 30 32 32 33 31 30 29 6 33
0 9 32 28 33 30 33 31 31 32 34 31 9 30 8 7 30 30 31 33 30 32 6 30 32 28 8 32 29 30 31 7 31 32 31 30 31 32 31 31 31 31 30 32 32 33 7 31 30 29 33 4 31 31 33 32 29 32 32 32 34 30 31 0 7 29 27 34 34 34 30 30 5 31 29 28 32 31 9 8 32 33 30 32 31 6 34 31 7 31 30 33 34 34 32 29 32 35 33 30 32
0 8 33 34 29 31 33 30 33 28 35 31 10 31 8 8 31 34 33 35 28 34 6 31 32 33 9 33 30 31 29 8 28 32 31 29 33 32 32 33 32 31 34 35 32 33 6 28 28 28 34 3 34 31 30 31 30 33 27 30 34 30 32 8 0 29 32 34 36 35 30 30 3 31 31 33 32 30 10 8 32 35 30 30 30 7 33 31 7 32 32 30 33 32 30 32 30 32 32 35 31
0 36 30 33 7 29 34 31 5 29 34 31 35 6 33 34 28 32 32 33 32 32 31 30 32 31 31 31 28 33 29 32 31 29 30 30 33 28 33 30 28 30 31 10 30 30 30 29 33 29 31 33 9 7 32 29 7 8 32 30 33 30 29 32 30 0 29 7 35 10 8 2 31 28 28 31 30 5 34 33 31 32 5 28 28 31 30 29 32 30 30 32 31 33 31 33 30 8 29 33 3
0 35 33 31 32 31 11 31 29 7 32 31 36 30 32 31 29 28 34 9 30 5 30 29 32 27 31 6 27 31 30 32 6 31 30 4 32 6 34 30 31 30 33 32 31 31 31 4 30 30 7 32 31 31 32 6 29 30 33 32 34 30 30 28 31 28 0 33 7 34 33 30 30 30 27 28 30 30 32 32 31 31 29 31 30 30 8 5 32 30 29 32 33 8 30 32 5 35 32 30 31
0 36 32 28 8 30 34 30 4 32 33 34 34 4 30 33 32 33 34 35 32 35 29 30 31 31 33 32 31 30 33 32 31 32 33 31 31 29 30 31 31 32 33 10 33 30 28 30 32 26 30 32 8 6 32 30 6 7 32 31 34 33 30 33 30 5 31 0 36 9 5 6 32 32 32 30 30 6 28 31 30 34 4 33 32 29 33 28 32 30 32 33 32 32 32 34 32 9 32 30 7
0 33 32 32 32 28 6 30 27 1 35 30 34 31 30 32 30 29 33 9 30 6 30 31 30 30 34 7 29 29 27 31 3 26 31 5 32 4 31 33 28 30 34 32 32 29 32 6 33 28 5 33 33 30 30 3 30 31 27 29 28 29 28 29 31 28 6 34 0 34 30 30 32 30 30 31 28 32 29 33 30 29 31 31 30 32 7 3 33 28 32 29 32 7 31 30 3 30 30 33 27
0 32 32 31 6 31 34 31 1 29 35 30 34 6 29 33 30 28 30 32 31 30 28 30 32 31 32 32 31 33 30 31 27 31 31 30 32 32 30 33 31 31 33 9 31 32 32 30 32 31 29 31 8 6 32 31 4 5 31 32 33 29 31 28 29 5 30 9 35 0 5 6 31 32 31 30 26 4 32 33 30 31 5 33 32 31 33 31 31 26 30 28 33 34 31 32 31 8 32 32 6
0 33 28 33 4 29 34 28 5 29 32 30 30 4 33 32 28 32 32 33 31 32 29 26 29 31 31 28 28 29 29 32 28 29 30 30 33 29 27 30 29 30 31 9 30 28 30 29 32 29 29 29 7 5 30 30 7 8 31 30 34 29 29 32 30 1 29 7 35 8 0 2 30 28 28 31 27 5 34 33 31 32 6 29 28 28 31 29 32 27 30 30 29 30 31 32 30 9 29 33 3
0 35 33 33 5 30 35 30 6 31 33 30 35 6 34 33 26 30 32 32 30 32 31 31 32 29 32 32 29 32 30 32 31 33 28 29 32 27 32 31 29 28 30 8 29 29 29 28 31 29 30 31 8 6 31 30 6 7 31 30 34 31 29 30 29 5 27 5 33 11 6 0 30 26 29 30 30 3 32 32 30 32 6 29 28 30 33 29 30 31 31 31 29 32 29 33 29 9 33 31 4
0 10 34 32 30 31 35 30 31 32 33 33 10 30 6 7 32 31 34 35 28 33 5 33 30 32 8 32 27 31 31 6 30 32 31 28 31 30 32 31 30 31 33 33 31 32 5 27 28 29 33 9 32 30 30 31 28 33 33 31 33 32 31 7 7 30 31 34 35 35 32 31 0 32 29 32 30 28 10 8 31 34 30 31 30 5 32 29 5 29 30 32 32 33 28 34 32 35 30 33 32
0 35 33 32 29 29 34 29 30 30 33 30 34 30 33 32 26 29 7 31 30 31 30 5 7 28 31 32 28 32 30 31 30 32 27 28 31 29 7 30 28 3 33 32 28 6 28 27 6 4 31 30 32 30 31 29 30 31 30 5 33 31 4 29 28 29 26 29 32 35 30 31 29 0 3 4 30 27 32 33 29 6 30 7 31 29 32 28 29 30 30 7 31 31 29 33 28 33 32 6 28
0 33 33 32 30 30 34 30 28 31 33 29 35 28 30 32 31 34 9 34 30 35 29 7 5 33 29 29 26 32 28 31 29 32 31 28 32 32 7 28 31 5 31 35 32 5 30 27 7 6 30 30 32 30 31 30 30 32 31 6 33 31 5 33 30 30 31 32 36 33 31 30 29 6 0 6 28 28 35 31 30 9 28 6 30 29 32 30 30 28 28 6 32 32 28 33 28 33 31 8 33
0 35 32 31 31 28 33 28 32 31 32 29 34 27 34 28 28 31 8 33 27 33 28 6 5 30 30 33 29 28 29 31 29 33 29 29 30 30 7 33 30 5 32 34 30 6 30 29 3 5 32 31 28 29 30 29 32 31 30 5 33 28 3 31 29 30 28 31 34 32 30 31 31 7 5 0 29 29 33 30 28 8 27 5 29 28 31 29 29 29 27 6 31 31 30 32 29 32 30 3 30
0 32 31 31 32 5 33 7 33 28 9 29 34 31 34 32 4 8 35 34 6 35 27 29 32 7 31 31 31 7 30 33 26 6 31 29 33 31 30 33 30 31 10 35 6 31 31 29 31 31 32 31 32 32 33 30 32 31 30 31 9 28 30 31 28 29 30 35 35 32 29 30 30 31 31 29 0 30 33 34 29 33 31 32 6 31 33 30 32 26 6 28 33 34 5 8 30 32 33 32 30
0 35 33 35 3 31 36 31 6 32 35 32 34 7 34 35 32 32 33 34 28 34 32 31 33 33 31 33 32 30 31 33 30 33 30 31 29 32 32 34 30 30 35 9 30 31 34 31 30 31 31 32 5 8 29 31 9 9 32 32 35 31 31 32 30 5 33 11 35 12 5 7 32 32 32 33 31 0 36 35 33 33 9 30 29 31 30 31 28 31 34 31 30 34 32 35 31 10 30 34 8
0 12 34 34 31 30 35 31 31 33 33 33 11 30 7 8 30 31 35 35 29 33 5 31 32 29 8 32 32 33 32 7 31 33 31 32 34 27 32 34 32 31 34 33 32 30 6 31 29 27 30 8 32 31 32 31 31 33 33 32 34 32 30 6 6 30 30 33 36 34 33 32 8 29 32 30 31 31 0 7 31 34 29 32 31 5 33 26 6 31 31 33 30 33 33 34 31 35 33 32 31
0 9 33 29 32 29 29 31 30 30 34 31 9 30 7 8 31 29 32 33 27 31 5 30 32 32 5 31 31 31 30 7 28 32 33 28 32 30 32 32 29 29 34 33 31 26 4 29 30 27 27 8 29 28 33 30 32 30 32 30 34 30 29 4 6 29 31 26 33 32 30 30 6 31 31 31 31 30 4 0 30 32 29 29 28 5 28 29 2 31 33 30 33 33 31 30 30 33 33 30 30
0 37 10 9 31 32 36 31 34 33 35 8 34 32 32 33 33 34 35 35 31 32 32 34 32 32 34 34 7 33 4 32 32 33 7 29 8 30 33 7 7 32 35 32 33 31 28 28 33 29 32 35 33 31 7 31 32 34 10 33 34 9 32 34 33 31 32 36 37 37 34 32 30 33 33 31 32 29 30 35 0 29 32 28 33 31 32 29 31 7 32 33 8 33 29 35 30 36 6 33 33
0 35 33 35 34 31 35 33 35 32 37 33 30 33 36 33 33 35 13 36 33 37 33 6 8 31 30 35 31 34 33 33 30 34 34 32 32 31 9 34 30 8 34 28 35 8 35 32 8 6 33 33 30 34 34 31 33 33 34 7 35 32 6 34 33 32 32 36 37 37 32 32 32 8 8 7 31 33 36 36 33 0 33 10 34 34 28 31 35 31 33 7 34 35 34 36 31 35 27 9 30
0 33 30 30 5 27 31 27 5 29 30 31 32 1 33 30 30 31 34 33 29 33 26 29 28 30 32 31 28 30 30 29 28 32 30 28 31 29 30 32 31 30 30 9 30 29 30 27 29 28 30 29 6 5 29 27 6 5 29 28 31 30 27 30 27 4 28 4 34 6 4 5 29 31 30 28 27 3 32 28 27 31 0 30 31 26 30 28 29 27 29 30 29 29 29 31 30 6 29 30 7
0 34 34 35 31 31 33 33 33 32 36 33 34 32 35 33 32 34 10 33 30 29 32 8 4 33 34 31 33 30 26 33 30 34 30 33 31 31 8 29 31 4 35 33 30 9 34 33 6 6 34 32 33 33 29 32 34 34 32 5 35 31 7 34 30 30 32 35 34 36 32 32 32 8 8 5 31 34 35 34 33 5 31 0 32 33 31 30 34 31 31 6 32 35 33 34 27 33 29 7 33
0 35 35 33 32 5 34 8 32 32 11 29 35 32 35 33 8 9 29 31 6 30 32 31 29 8 34 31 29 6 27 31 30 7 31 31 32 32 32 30 31 29 10 33 6 29 33 30 31 31 30 33 33 31 30 30 31 35 30 31 7 28 30 30 31 31 32 34 34 36 33 33 32 33 33 30 7 31 35 33 32 30 31 26 0 32 31 31 33 31 6 32 33 35 7 8 27 34 30 33 33
0 7 29 30 31 31 33 26 31 29 29 30 9 26 9 5 30 30 35 34 30 32 2 30 29 29 7 31 28 30 30 7 27 31 30 29 33 32 30 31 31 30 29 33 30 32 5 28 30 29 33 5 32 31 29 31 30 30 30 30 33 29 31 5 3 30 27 34 33 31 29 31 5 32 29 28 26 29 8 8 30 33 30 32 32 0 30 30 7 26 30 28 31 28 30 30 31 32 30 31 31
0 36 36 36 33 34 10 33 36 8 37 34 34 33 37 34 33 36 36 11 33 13 33 34 34 35 30 11 33 34 34 36 6 33 34 9 35 8 35 37 34 32 31 35 35 35 35 8 33 35 7 36 34 33 35 9 34 36 35 35 38 33 33 33 34 34 9 36 13 37 33 32 32 32 34 31 34 31 36 35 34 36 32 35 34 33 0 9 34 34 32 33 36 11 35 35 3 37 35 34 34
0 35 33 33 30 29 10 30 30 7 32 32 35 29 30 32 30 30 34 10 31 7 29 31 31 28 32 7 31 32 32 31 6 32 32 6 33 2 31 34 31 32 33 32 32 28 30 6 31 26 5 32 31 30 32 5 30 31 32 31 33 31 30 30 30 29 6 32 11 33 32 31 32 32 31 29 30 30 34 31 30 33 28 32 32 29 8 0 32 30 30 33 29 7 32 33 8 34 32 31 32
0 8 32 34 31 30 33 32 32 29 35 30 9 32 7 8 30 34 31 33 26 31 8 30 31 33 4 32 30 32 28 7 27 31 32 29 33 31 31 32 30 31 34 33 30 30 7 28 31 30 31 8 28 31 32 31 32 32 31 31 34 29 30 7 6 28 31 34 36 36 30 29 5 30 30 32 31 29 9 8 33 32 33 28 27 6 28 30 0 31 33 29 33 34 30 34 29 33 32 32 30
0 32 7 7 32 31 33 32 33 29 34 5 34 31 34 33 29 33 35 35 31 35 28 30 32 32 31 31 7 32 5 33 27 31 6 30 9 32 30 9 5 31 35 36 31 32 31 29 31 31 33 31 33 32 8 31 32 31 6 32 35 4 30 31 29 29 30 35 36 32 29 31 31 32 31 30 26 30 34 34 5 33 31 32 32 31 33 31 33 0 31 28 8 34 31 33 31 33 8 32 31
0 33 30 30 30 2 32 2 30 29 5 31 33 26 33 31 5 6 34 33 3 33 26 30 28 5 31 31 28 5 27 29 28 7 30 28 31 29 30 32 31 30 6 34 5 29 30 28 30 28 30 29 30 30 29 27 31 30 29 29 6 30 27 31 27 29 28 30 34 31 29 30 29 31 30 28 3 29 32 28 27 31 26 30 5 27 30 28 28 28 0 30 29 29 4 6 28 31 29 30 32
0 29 29 33 30 30 30 29 31 28 32 31 31 30 33 32 27 30 8 32 30 32 30 2 5 29 32 29 29 30 30 32 29 28 28 30 32 29 3 31 29 3 32 33 29 4 29 30 7 5 30 30 32 31 30 30 31 28 32 6 34 30 5 30 31 26 27 32 33 34 26 28 31 4 4 5 28 28 31 33 30 6 31 5 29 29 31 29 30 28 31 0 30 31 32 32 29 33 30 7 28
0 34 8 9 30 30 34 31 27 31 35 6 35 31 30 35 31 33 33 32 32 35 30 27 30 32 32 33 5 32 7 32 29 31 3 32 7 31 29 8 6 28 34 30 32 29 33 32 33 31 30 33 34 31 6 31 30 34 7 30 34 5 32 33 31 28 31 34 33 33 31 30 33 30 30 32 28 32 33 33 5 33 33 31 30 34 32 31 33 3 33 31 0 33 33 33 32 35 6 34 31
0 37 36 35 33 33 12 33 30 7 36 32 35 31 33 35 34 36 37 12 33 9 32 35 33 35 32 7 29 34 31 34 7 32 34 6 35 8 35 31 33 33 33 35 35 33 31 5 34 32 9 34 35 33 34 8 33 35 34 34 36 34 32 34 33 33 9 35 13 36 34 33 32 34 28 33 31 31 33 34 28 32 31 31 33 32 2 7 33 31 31 33 35 0 32 36 5 36 33 35 33
0 34 34 31 33 8 36 8 32 31 12 32 36 29 33 34 7 9 37 34 8 35 29 32 31 8 34 34 30 8 32 35 29 8 33 31 34 32 29 32 33 33 11 37 8 34 33 30 33 31 35 32 34 33 32 33 30 31 32 33 11 31 33 33 30 32 33 35 37 33 31 33 32 31 30 31 3 31 33 35 32 35 33 34 9 33 33 31 34 28 7 30 32 35 0 10 33 35 32 33 33
0 37 35 34 35 7 30 9 31 34 13 35 36 34 34 35 8 8 35 34 6 35 33 32 34 7 34 35 33 9 34 34 32 11 35 35 31 33 34 35 33 30 10 29 10 34 33 34 33 33 34 35 33 34 35 33 33 34 36 34 11 34 33 33 34 32 33 36 38 30 33 34 35 33 33 32 6 33 36 36 35 36 33 34 8 34 36 33 34 30 8 33 36 36 11 0 35 37 35 33 32
0 34 33 34 34 32 10 31 34 5 35 31 36 30 36 31 31 35 36 8 30 11 31 31 33 33 33 8 32 32 32 34 4 33 32 7 33 8 32 34 32 29 35 32 33 33 33 7 30 32 9 34 32 32 33 7 34 33 32 33 36 30 31 33 32 31 7 34 12 35 31 32 33 33 32 28 32 32 34 33 32 35 30 33 32 31 10 8 32 32 30 30 34 9 32 32 0 34 33 31 33
0 32 33 32 8 28 27 32 7 33 36 33 32 7 30 35 33 34 33 35 31 36 32 28 31 32 30 33 28 33 32 31 31 35 33 30 33 30 34 32 33 33 34 9 31 30 30 30 30 29 31 34 4 8 32 32 5 8 34 33 32 31 32 34 32 8 33 10 36 11 8 7 32 33 29 33 30 6 35 34 33 34 6 33 32 32 33 29 33 29 31 32 33 34 31 35 32 0 32 34 10
0 34 7 11 34 33 35 34 34 30 36 7 35 34 36 32 31 35 37 37 34 37 34 32 34 34 31 33 7 34 7 35 29 33 8 34 11 34 32 8 7 33 33 36 33 34 34 34 34 32 33 32 36 35 10 33 34 33 8 34 37 6 33 33 35 31 32 37 36 38 31 33 32 34 32 33 33 33 35 36 10 36 33 34 34 33 27 33 35 8 33 30 10 36 35 35 29 35 0 35 33
0 35 31 32 32 28 33 30 32 30 33 33 33 30 33 31 31 32 5 32 28 34 30 4 6 30 31 31 30 26 31 30 30 31 31 27 27 29 5 33 27 3 33 32 32 6 31 31 4 3 32 31 33 27 31 28 31 33 32 4 32 32 3 32 30 29 30 32 35 34 28 30 32 6 5 5 30 30 33 31 28 6 31 6 30 29 32 28 32 30 31 7 31 31 32 33 32 32 31 0 31
0 34 32 31 6 26 32 28 7 32 33 33 32 5 31 32 30 31 33 32 31 33 28 30 29 29 33 31 31 31 28 29 31 33 31 30 30 27 30 33 26 28 33 8 31 29 31 30 31 26 30 31 7 5 30 27 5 7 31 27 31 32 26 31 29 5 29 8 33 8 6 6 31 31 31 29 30 6 34 32 29 33 5 32 32 30 31 26 31 30 30 31 30 30 31 33 29 6 30 31 0
SETUP_COST
0.0 140.0 160.0 140.0 160.0 60.0 20.0 100.0 120.0 140.0 180.0 120.0 140.0 100.0 180.0 100.0 100.0 160.0 200.0 200.0 100.0 200.0 100.0 60.0 100.0 140.0 140.0 140.0 80.0 120.0 120.0 100.0 100.0 180.0 140.0 120.0 140.0 100.0 180.0 120.0 140.0 140.0 180.0 200.0 120.0 100.0 100.0 100.0 100.0 80.0 120.0 160.0 120.0 120.0 120.0 120.0 160.0 140.0 140.0 140.0 140.0 100.0 100.0 160.0 120.0 140.0 120.0 160.0 220.0 160.0 140.0 160.0 140.0 180.0 80.0 60.0 80.0 120.0 180.0 140.0 120.0 180.0 80.0 140.0 120.0 100.0 140.0 80.0 140.0 80.0 80.0 140.0 140.0 160.0 140.0 180.0 140.0 160.0 120.0 100.0 140.0
0.0 0.0 600.0 660.0 660.0 560.0 540.0 640.0 620.0 660.0 720.0 660.0 160.0 640.0 180.0 180.0 660.0 680.0 660.0 680.0 600.0 720.0 140.0 580.0 620.0 640.0 160.0 660.0 600.0 580.0 640.0 120.0 620.0 680.0 660.0 600.0 580.0 600.0 640.0 640.0 600.0 600.0 700.0 700.0 640.0 620.0 100.0 600.0 600.0 580.0 640.0 160.0 700.0 580.0 640.0 620.0 620.0 660.0 680.0 620.0 660.0 640.0 600.0 180.0 160.0 600.0 660.0 680.0 740.0 720.0 600.0 640.0 80.0 660.0 580.0 660.0 600.0 620.0 200.0 180.0 620.0 660.0 640.0 660.0 640.0 140.0 660.0 580.0 160.0 580.0 640.0 640.0 660.0 660.0 640.0 640.0 640.0 680.0 640.0 560.0 660.0
0.0 680.0 0.0 140.0 660.0 600.0 700.0 600.0 640.0 620.0 680.0 140.0 720.0 580.0 700.0 660.0 640.0 680.0 660.0 620.0 620.0 660.0 560.0 620.0 640.0 660.0 680.0 660.0 140.0 660.0 100.0 660.0 640.0 680.0 160.0 600.0 180.0 640.0 640.0 180.0 140.0 660.0 620.0 720.0 640.0 640.0 660.0 600.0 640.0 620.0 660.0 620.0 660.0 660.0 140.0 600.0 660.0 640.0 120.0 640.0 700.0 120.0 600.0 660.0 580.0 620.0 640.0 660.0 760.0 620.0 620.0 660.0 620.0 660.0 660.0 600.0 620.0 600.0 680.0 640.0 120.0 680.0 580.0 600.0 580.0 600.0 660.0 620.0 620.0 120.0 580.0 640.0 160.0 660.0 620.0 680.0 620.0 680.0 140.0 640.0 640.0
0.0 700.0 100.0 0.0 600.0 580.0 680.0 600.0 620.0 600.0 660.0 140.0 640.0 600.0 680.0 640.0 600.0 660.0 620.0 660.0 600.0 680.0 620.0 560.0 600.0 620.0 640.0 600.0 100.0 540.0 120.0 620.0 600.0 580.0 140.0 560.0 80.0 600.0 560.0 140.0 80.0 580.0 660.0 660.0 640.0 600.0 640.0 620.0 600.0 580.0 600.0 620.0 660.0 560.0 120.0 580.0 620.0 680.0 160.0 600.0 660.0 120.0 580.0 660.0 640.0 540.0 620.0 660.0 720.0 700.0 540.0 580.0 620.0 600.0 580.0 640.0 580.0 620.0 680.0 640.0 80.0 640.0 640.0 600.0 600.0 580.0 640.0 580.0 660.0 80.0 640.0 620.0 120.0 640.0 640.0 660.0 620.0 660.0 120.0 540.0 600.0
0.0 700.0 680.0 660.0 0.0 580.0 680.0 600.0 180.0 600.0 680.0 600.0 640.0 140.0 680.0 680.0 660.0 620.0 660.0 640.0 600.0 660.0 640.0 640.0 640.0 620.0 640.0 660.0 640.0 560.0 640.0 620.0 620.0 680.0 560.0 640.0 660.0 600.0 640.0 640.0 560.0 560.0 700.0 140.0 560.0 640.0 660.0 620.0 600.0 580.0 660.0 600.0 140.0 180.0 540.0 580.0 160.0 140.0 600.0 600.0 660.0 660.0 580.0 620.0 560.0 120.0 640.0 200.0 660.0 220.0 160.0 140.0 620.0 660.0 660.0 620.0 640.0 140.0 700.0 680.0 620.0 620.0 140.0 660.0 640.0 660.0 660.0 580.0 660.0 640.0 640.0 660.0 640.0 660.0 660.0 680.0 580.0 160.0 640.0 680.0 180.0
0.0 660.0 660.0 600.0 600.0 0.0 640.0 120.0 620.0 640.0 160.0 640.0 660.0 600.0 620.0 660.0 120.0 120.0 680.0 660.0 140.0 660.0 600.0 600.0 560.0 80.0 660.0 620.0 640.0 100.0 660.0 560.0 640.0 140.0 600.0 620.0 600.0 540.0 640.0 700.0 620.0 600.0 180.0 660.0 100.0 560.0 620.0 620.0 640.0 520.0 580.0 640.0 640.0 600.0 580.0 580.0 620.0 640.0 640.0 600.0 100.0 640.0 580.0 620.0 600.0 600.0 640.0 660.0 700.0 680.0 600.0 640.0 660.0 660.0 640.0 600.0 120.0 620.0 700.0 640.0 620.0 640.0 580.0 660.0 160.0 600.0 600.0 520.0 660.0 620.0 120.0 600.0 600.0 660.0 160.0 160.0 600.0 620.0 580.0 620.0 660.0
0.0 680.0 640.0 620.0 640.0 540.0 0.0 640.0 600.0 120.0 700.0 620.0 620.0 620.0 660.0 680.0 640.0 660.0 680.0 200.0 580.0 180.0 600.0 540.0 600.0 620.0 640.0 140.0 560.0 620.0 600.0 580.0 100.0 660.0 620.0 100.0 640.0 80.0 660.0 600.0 640.0 620.0 680.0 680.0 600.0 580.0 580.0 100.0 580.0 560.0 100.0 660.0 680.0 620.0 600.0 120.0 640.0 620.0 660.0 620.0 620.0 600.0 600.0 660.0 620.0 640.0 160.0 700.0 220.0 700.0 640.0 660.0 620.0 680.0 560.0 620.0 560.0 620.0 680.0 680.0 640.0 660.0 620.0 640.0 620.0 640.0 140.0 60.0 660.0 560.0 600.0 620.0 640.0 160.0 620.0 660.0 120.0 660.0 600.0 640.0 660.0
0.0 740.0 580.0 700.0 660.0 160.0 660.0 0.0 660.0 680.0 240.0 700.0 700.0 660.0 720.0 580.0 140.0 220.0 700.0 680.0 180.0 640.0 640.0 680.0 620.0 200.0 660.0 680.0 620.0 120.0 600.0 620.0 660.0 180.0 660.0 640.0 640.0 660.0 700.0 660.0 640.0 640.0 200.0 720.0 160.0 700.0 660.0 660.0 660.0 660.0 700.0 700.0 700.0 640.0 640.0 660.0 660.0 700.0 700.0 660.0 160.0 680.0 660.0 680.0 660.0 680.0 660.0 700.0 740.0 700.0 680.0 620.0 680.0 640.0 620.0 640.0 180.0 660.0 700.0 700.0 600.0 660.0 660.0 660.0 160.0 680.0 580.0 660.0 700.0 660.0 160.0 660.0 700.0 560.0 180.0 240.0 600.0 620.0 640.0 600.0 680.0
0.0 740.0 700.0 680.0 120.0 640.0 700.0 620.0 0.0 620.0 740.0 680.0 740.0 100.0 560.0 700.0 640.0 640.0 740.0 720.0 620.0 680.0 600.0 660.0 660.0 660.0 680.0 660.0 600.0 680.0 640.0 700.0 640.0 600.0 680.0 640.0 720.0 620.0 680.0 640.0 620.0 680.0 700.0 220.0 680.0 660.0 680.0 640.0 680.0 600.0 680.0 660.0 180.0 200.0 660.0 600.0 60.0 180.0 660.0 660.0 720.0 680.0 640.0 640.0 620.0 140.0 660.0 200.0 760.0 140.0 160.0 120.0 660.0 640.0 600.0 640.0 660.0 160.0 720.0 680.0 680.0 660.0 160.0 660.0 660.0 680.0 660.0 600.0 620.0 640.0 660.0 680.0 680.0 680.0 660.0 680.0 660.0 180.0 660.0 700.0 120.0
0.0 700.0 640.0 720.0 640.0 640.0 120.0 600.0 700.0 0.0 720.0 660.0 700.0 660.0 680.0 680.0 660.0 700.0 700.0 180.0 660.0 220.0 660.0 660.0 600.0 680.0 680.0 140.0 660.0 620.0 540.0 680.0 120.0 700.0 620.0 140.0 640.0 140.0 680.0 720.0 640.0 600.0 720.0 660.0 620.0 680.0 640.0 140.0 660.0 620.0 180.0 660.0 660.0 680.0 600.0 160.0 680.0 700.0 660.0 620.0 720.0 640.0 660.0 700.0 620.0 620.0 160.0 720.0 220.0 700.0 660.0 660.0 660.0 680.0 660.0 620.0 660.0 660.0 720.0 700.0 680.0 680.0 640.0 640.0 640.0 660.0 140.0 140.0 700.0 660.0 640.0 640.0 700.0 160.0 660.0 600.0 60.0 600.0 600.0 660.0 680.0
0.0 700.0 680.0 680.0 640.0 140.0 700.0 140.0 580.0 620.0 0.0 600.0 740.0 600.0 620.0 680.0 120.0 180.0 640.0 620.0 80.0 640.0 600.0 580.0 640.0 160.0 620.0 680.0 540.0 180.0 580.0 660.0 600.0 160.0 540.0 600.0 660.0 660.0 560.0 660.0 660.0 540.0 120.0 640.0 100.0 620.0 640.0 580.0 660.0 600.0 640.0 660.0 620.0 640.0 640.0 640.0 620.0 680.0 660.0 620.0 180.0 620.0 620.0 640.0 620.0 600.0 620.0 680.0 640.0 700.0 640.0 640.0 620.0 600.0 640.0 640.0 100.0 600.0 700.0 660.0 620.0 660.0 600.0 560.0 120.0 620.0 620.0 640.0 580.0 600.0 100.0 620.0 540.0 680.0 100.0 200.0 600.0 700.0 640.0 700.0 660.0
0.0 720.0 200.0 180.0 640.0 660.0 720.0 620.0 580.0 620.0 720.0 0.0 760.0 660.0 620.0 700.0 680.0 620.0 700.0 700.0 600.0 660.0 620.0 680.0 700.0 660.0 660.0 660.0 100.0 700.0 140.0 700.0 620.0 680.0 180.0 640.0 220.0 600.0 700.0 140.0 140.0 660.0 700.0 720.0 700.0 600.0 640.0 620.0 600.0 600.0 620.0 620.0 700.0 640.0 180.0 660.0 560.0 660.0 100.0 660.0 720.0 120.0 660.0 620.0 560.0 640.0 660.0 720.0 660.0 700.0 680.0 660.0 620.0 680.0 600.0 660.0 640.0 640.0 700.0 700.0 160.0 680.0 660.0 640.0 640.0 660.0 640.0 600.0 700.0 140.0 640.0 660.0 160.0 660.0 660.0 700.0 660.0 700.0 200.0 700.0 700.0
0.0 200.0 660.0 680.0 660.0 600.0 700.0 580.0 660.0 620.0 660.0 660.0 0.0 600.0 180.0 120.0 640.0 680.0 660.0 680.0 660.0 660.0 100.0 660.0 620.0 660.0 200.0 660.0 620.0 640.0 660.0 120.0 600.0 620.0 640.0 540.0 660.0 620.0 660.0 660.0 600.0 600.0 660.0 680.0 660.0 660.0 180.0 640.0 680.0 580.0 640.0 180.0 700.0 580.0 620.0 620.0 680.0 680.0 660.0 620.0 640.0 640.0 600.0 160.0 140.0 580.0 620.0 680.0 740.0 700.0 640.0 600.0 180.0 620.0 620.0 640.0 580.0 660.0 220.0 180.0 620.0 660.0 640.0 640.0 620.0 80.0 640.0 600.0 180.0 580.0 680.0 640.0 680.0 640.0 660.0 660.0 660.0 700.0 620.0 620.0 580.0
0.0 660.0 620.0 580.0 100.0 600.0 660.0 600.0 120.0 580.0 680.0 620.0 660.0 0.0 660.0 600.0 600.0 660.0 680.0 660.0 580.0 700.0 520.0 580.0 560.0 600.0 640.0 600.0 560.0 600.0 600.0 620.0 600.0 640.0 580.0 560.0 640.0 620.0 600.0 660.0 620.0 580.0 660.0 180.0 600.0 620.0 600.0 540.0 580.0 560.0 640.0 580.0 120.0 100.0 560.0 620.0 120.0 80.0 580.0 580.0 660.0 600.0 600.0 600.0 540.0 80.0 600.0 160.0 680.0 100.0 60.0 100.0 580.0 620.0 620.0 560.0 600.0 60.0 640.0 640.0 620.0 660.0 80.0 640.0 620.0 600.0 600.0 600.0 600.0 600.0 580.0 620.0 640.0 660.0 580.0 660.0 600.0 140.0 560.0 600.0 120.0
0.0 200.0 640.0 640.0 560.0 600.0 640.0 560.0 580.0 640.0 680.0 620.0 200.0 600.0 0.0 140.0 640.0 580.0 700.0 660.0 640.0 620.0 80.0 640.0 640.0 600.0 120.0 620.0 540.0 620.0 580.0 160.0 620.0 680.0 620.0 580.0 660.0 560.0 640.0 580.0 620.0 620.0 660.0 660.0 620.0 600.0 140.0 580.0 640.0 540.0 620.0 140.0 660.0 640.0 600.0 620.0 520.0 620.0 620.0 660.0 700.0 660.0 620.0 100.0 100.0 620.0 620.0 640.0 720.0 660.0 620.0 640.0 120.0 660.0 540.0 600.0 600.0 600.0 160.0 120.0 620.0 640.0 600.0 600.0 640.0 120.0 600.0 540.0 140.0 580.0 600.0 640.0 620.0 620.0 600.0 660.0 600.0 620.0 660.0 660.0 660.0
0.0 240.0 680.0 660.0 660.0 580.0 680.0 620.0 600.0 660.0 700.0 660.0 120.0 640.0 140.0 0.0 620.0 660.0 700.0 680.0 600.0 700.0 140.0 640.0 640.0 620.0 180.0 680.0 660.0 540.0 660.0 140.0 640.0 680.0 600.0 640.0 660.0 600.0 660.0 720.0 560.0 600.0 700.0 700.0 620.0 640.0 160.0 640.0 660.0 580.0 660.0 160.0 700.0 680.0 600.0 580.0 640.0 700.0 660.0 600.0 660.0 660.0 580.0 120.0 120.0 640.0 640.0 660.0 700.0 720.0 680.0 660.0 180.0 600.0 660.0 640.0 640.0 640.0 180.0 140.0 620.0 640.0 620.0 640.0 620.0 140.0 680.0 580.0 160.0 640.0 660.0 660.0 660.0 640.0 680.0 680.0 620.0 660.0 660.0 680.0 660.0
0.0 700.0 660.0 640.0 580.0 80.0 660.0 80.0 600.0 640.0 140.0 600.0 680.0 580.0 660.0 620.0 0.0 80.0 640.0 620.0 100.0 620.0 600.0 600.0 620.0 60.0 620.0 640.0 560.0 140.0 600.0 620.0 600.0 140.0 540.0 580.0 600.0 580.0 640.0 600.0 560.0 540.0 160.0 640.0 60.0 600.0 560.0 600.0 600.0 560.0 620.0 620.0 620.0 620.0 620.0 560.0 600.0 600.0 620.0 580.0 160.0 620.0 560.0 580.0 580.0 580.0 520.0 680.0 640.0 680.0 640.0 600.0 620.0 620.0 560.0 560.0 100.0 540.0 660.0 660.0 580.0 600.0 600.0 640.0 120.0 560.0 620.0 560.0 580.0 600.0 100.0 640.0 620.0 620.0 120.0 160.0 560.0 640.0 620.0 620.0 540.0
0.0 680.0 640.0 560.0 640.0 100.0 680.0 140.0 620.0 620.0 180.0 620.0 660.0 600.0 660.0 620.0 100.0 0.0 620.0 660.0 120.0 540.0 600.0 600.0 640.0 60.0 660.0 660.0 580.0 100.0 620.0 640.0 620.0 140.0 620.0 600.0 620.0 620.0 620.0 620.0 600.0 580.0 120.0 620.0 140.0 660.0 640.0 620.0 600.0 580.0 660.0 580.0 640.0 620.0 660.0 620.0 600.0 540.0 620.0 640.0 180.0 600.0 620.0 520.0 580.0 580.0 540.0 680.0 680.0 680.0 600.0 600.0 600.0 620.0 580.0 560.0 120.0 620.0 580.0 660.0 640.0 560.0 600.0 600.0 140.0 620.0 620.0 600.0 640.0 600.0 100.0 660.0 680.0 680.0 140.0 80.0 620.0 700.0 580.0 600.0 600.0
0.0 640.0 640.0 660.0 580.0 580.0 660.0 640.0 640.0 600.0 700.0 580.0 640.0 640.0 680.0 680.0 600.0 640.0 0.0 540.0 600.0 680.0 600.0 100.0 40.0 640.0 620.0 600.0 620.0 580.0 640.0 540.0 620.0 620.0 560.0 660.0 620.0 600.0 120.0 660.0 600.0 80.0 680.0 660.0 580.0 120.0 640.0 640.0 120.0 80.0 640.0 620.0 660.0 660.0 560.0 600.0 640.0 620.0 600.0 80.0 560.0 560.0 100.0 620.0 580.0 560.0 600.0 680.0 600.0 700.0 580.0 600.0 620.0 120.0 120.0 140.0 620.0 620.0 620.0 680.0 660.0 120.0 620.0 140.0 620.0 640.0 580.0 580.0 600.0 620.0 660.0 80.0 620.0 660.0 640.0 640.0 580.0 680.0 560.0 180.0 620.0
0.0 700.0 640.0 640.0 660.0 560.0 180.0 620.0 620.0 100.0 700.0 540.0 680.0 600.0 660.0 680.0 580.0 660.0 660.0 0.0 640.0 160.0 620.0 600.0 620.0 640.0 640.0 140.0 580.0 660.0 600.0 620.0 100.0 600.0 620.0 120.0 660.0 100.0 620.0 620.0 580.0 620.0 640.0 660.0 620.0 640.0 620.0 100.0 640.0 600.0 160.0 660.0 700.0 660.0 640.0 80.0 600.0 680.0 580.0 600.0 660.0 520.0 560.0 580.0 600.0 520.0 100.0 660.0 220.0 700.0 640.0 560.0 640.0 580.0 580.0 640.0 620.0 620.0 580.0 680.0 640.0 660.0 620.0 600.0 580.0 640.0 140.0 100.0 660.0 600.0 620.0 620.0 640.0 180.0 640.0 600.0 120.0 660.0 600.0 660.0 580.0
0.0 660.0 640.0 680.0 620.0 120.0 680.0 140.0 680.0 580.0 200.0 600.0 700.0 640.0 640.0 660.0 100.0 180.0 620.0 660.0 0.0 620.0 640.0 600.0 620.0 160.0 640.0 640.0 600.0 160.0 560.0 640.0 540.0 140.0 640.0 580.0 660.0 620.0 620.0 640.0 600.0 620.0 200.0 660.0 140.0 600.0 620.0 560.0 660.0 600.0 620.0 680.0 680.0 620.0 640.0 620.0 640.0 640.0 620.0 620.0 180.0 580.0 600.0 640.0 660.0 600.0 620.0 680.0 720.0 740.0 600.0 620.0 600.0 640.0 640.0 640.0 140.0 580.0 680.0 660.0 660.0 640.0 660.0 560.0 40.0 620.0 660.0 600.0 640.0 620.0 160.0 580.0 660.0 680.0 100.0 180.0 580.0 660.0 640.0 700.0 620.0
0.0 720.0 680.0 680.0 660.0 640.0 240.0 660.0 700.0 140.0 660.0 660.0 620.0 640.0 720.0 660.0 640.0 720.0 700.0 200.0 600.0 0.0 600.0 620.0 680.0 640.0 620.0 200.0 640.0 660.0 660.0 680.0 120.0 700.0 620.0 140.0 660.0 140.0 680.0 700.0 620.0 620.0 640.0 580.0 680.0 660.0 680.0 140.0 600.0 620.0 180.0 620.0 600.0 660.0 680.0 140.0 660.0 660.0 620.0 660.0 720.0 660.0 640.0 660.0 580.0 660.0 160.0 700.0 220.0 700.0 660.0 660.0 640.0 680.0 680.0 600.0 640.0 660.0 700.0 680.0 660.0 520.0 640.0 660.0 640.0 660.0 80.0 140.0 680.0 640.0 620.0 640.0 700.0 200.0 660.0 720.0 140.0 700.0 560.0 640.0 620.0
0.0 160.0 600.0 580.0 600.0 600.0 680.0 600.0 620.0 580.0 660.0 620.0 160.0 580.0 180.0 100.0 600.0 660.0 660.0 680.0 580.0 700.0 0.0 580.0 620.0 640.0 140.0 620.0 600.0 600.0 600.0 120.0 600.0 640.0 600.0 560.0 620.0 620.0 580.0 660.0 600.0 620.0 680.0 720.0 640.0 620.0 100.0 540.0 580.0 580.0 640.0 80.0 600.0 600.0 620.0 600.0 620.0 580.0 560.0 620.0 660.0 600.0 600.0 160.0 40.0 560.0 600.0 660.0 700.0 600.0 560.0 600.0 80.0 620.0 600.0 540.0 600.0 560.0 120.0 140.0 600.0 680.0 580.0 620.0 620.0 100.0 640.0 600.0 100.0 600.0 580.0 620.0 640.0 640.0 560.0 660.0 620.0 660.0 640.0 600.0 620.0
0.0 660.0 640.0 640.0 600.0 600.0 680.0 640.0 620.0 580.0 700.0 580.0 660.0 620.0 680.0 660.0 600.0 680.0 160.0 660.0 640.0 700.0 560.0 0.0 60.0 600.0 640.0 620.0 640.0 600.0 620.0 660.0 560.0 640.0 600.0 600.0 660.0 620.0 120.0 680.0 600.0 100.0 720.0 680.0 600.0 60.0 640.0 600.0 140.0 100.0 560.0 640.0 660.0 580.0 580.0 600.0 620.0 640.0 600.0 100.0 680.0 560.0 100.0 620.0 600.0 600.0 620.0 660.0 680.0 660.0 600.0 620.0 640.0 140.0 140.0 100.0 540.0 620.0 680.0 640.0 600.0 160.0 640.0 160.0 640.0 640.0 600.0 600.0 660.0 520.0 640.0 80.0 680.0 620.0 620.0 640.0 600.0 660.0 580.0 160.0 640.0
0.0 620.0 620.0 640.0 560.0 560.0 620.0 600.0 640.0 580.0 660.0 580.0 620.0 600.0 640.0 660.0 640.0 620.0 140.0 620.0 600.0 660.0 580.0 140.0 0.0 600.0 620.0 560.0 620.0 540.0 620.0 600.0 600.0 660.0 540.0 620.0 600.0 560.0 140.0 660.0 560.0 40.0 680.0 620.0 540.0 100.0 640.0 600.0 100.0 60.0 620.0 580.0 620.0 640.0 520.0 580.0 640.0 640.0 580.0 40.0 640.0 620.0 80.0 620.0 540.0 600.0 580.0 680.0 640.0 660.0 620.0 620.0 600.0 140.0 120.0 120.0 640.0 620.0 680.0 660.0 620.0 100.0 600.0 140.0 620.0 620.0 560.0 540.0 660.0 640.0 620.0 120.0 620.0 640.0 640.0 680.0 560.0 660.0 520.0 160.0 660.0
0.0 700.0 620.0 640.0 620.0 80.0 680.0 80.0 600.0 600.0 140.0 580.0 680.0 560.0 600.0 580.0 40.0 120.0 660.0 660.0 60.0 640.0 560.0 620.0 600.0 0.0 600.0 640.0 560.0 80.0 580.0 620.0 600.0 100.0 580.0 600.0 600.0 580.0 640.0 620.0 580.0 580.0 140.0 600.0 80.0 620.0 580.0 580.0 560.0 580.0 640.0 620.0 580.0 580.0 620.0 580.0 540.0 620.0 620.0 600.0 160.0 560.0 580.0 620.0 580.0 520.0 560.0 620.0 680.0 660.0 620.0 560.0 620.0 580.0 560.0 520.0 80.0 580.0 680.0 600.0 580.0 640.0 560.0 580.0 80.0 560.0 620.0 560.0 600.0 600.0 60.0 620.0 620.0 620.0 120.0 160.0 600.0 660.0 600.0 560.0 580.0
0.0 200.0 680.0 680.0 620.0 620.0 600.0 620.0 640.0 620.0 680.0 640.0 220.0 620.0 140.0 160.0 560.0 640.0 660.0 660.0 560.0 660.0 140.0 640.0 620.0 600.0 0.0 660.0 560.0 660.0 620.0 140.0 600.0 660.0 600.0 580.0 660.0 560.0 660.0 660.0 600.0 600.0 620.0 680.0 600.0 600.0 100.0 560.0 560.0 600.0 620.0 140.0 660.0 620.0 640.0 620.0 580.0 660.0 640.0 640.0 680.0 640.0 620.0 140.0 100.0 620.0 580.0 620.0 680.0 720.0 640.0 540.0 40.0 560.0 600.0 620.0 620.0 580.0 180.0 160.0 620.0 660.0 620.0 600.0 600.0 120.0 660.0 600.0 120.0 620.0 620.0 620.0 620.0 680.0 600.0 680.0 600.0 700.0 640.0 640.0 600.0
0.0 640.0 640.0 680.0 520.0 600.0 180.0 580.0 600.0 120.0 700.0 620.0 660.0 600.0 640.0 660.0 660.0 640.0 660.0 160.0 600.0 180.0 600.0 600.0 640.0 640.0 660.0 0.0 580.0 580.0 640.0 640.0 100.0 680.0 580.0 100.0 660.0 120.0 640.0 660.0 580.0 580.0 700.0 660.0 580.0 640.0 640.0 80.0 600.0 540.0 160.0 540.0 660.0 640.0 560.0 100.0 580.0 660.0 580.0 600.0 680.0 640.0 600.0 620.0 580.0 600.0 140.0 680.0 180.0 700.0 660.0 640.0 540.0 660.0 620.0 640.0 620.0 600.0 700.0 660.0 620.0 640.0 600.0 620.0 640.0 620.0 80.0 100.0 640.0 620.0 600.0 640.0 560.0 120.0 600.0 700.0 100.0 680.0 540.0 680.0 660.0
0.0 660.0 160.0 140.0 600.0 600.0 680.0 580.0 660.0 620.0 660.0 140.0 700.0 560.0 680.0 640.0 640.0 680.0 680.0 700.0 600.0 700.0 580.0 640.0 620.0 660.0 660.0 660.0 0.0 660.0 100.0 620.0 580.0 640.0 120.0 560.0 140.0 620.0 640.0 180.0 120.0 620.0 620.0 720.0 660.0 640.0 600.0 540.0 620.0 620.0 660.0 640.0 640.0 600.0 140.0 600.0 620.0 640.0 120.0 620.0 660.0 120.0 580.0 660.0 600.0 600.0 620.0 640.0 720.0 660.0 620.0 620.0 580.0 640.0 640.0 600.0 560.0 560.0 700.0 620.0 100.0 680.0 560.0 660.0 640.0 580.0 640.0 600.0 600.0 60.0 560.0 600.0 140.0 640.0 560.0 660.0 600.0 660.0 140.0 660.0 640.0
0.0 700.0 660.0 620.0 620.0 40.0 640.0 80.0 640.0 640.0 180.0 660.0 660.0 600.0 640.0 660.0 120.0 140.0 680.0 660.0 60.0 660.0 600.0 600.0 600.0 100.0 680.0 640.0 640.0 0.0 620.0 600.0 600.0 180.0 620.0 600.0 620.0 560.0 620.0 680.0 520.0 620.0 180.0 660.0 140.0 600.0 640.0 620.0 640.0 540.0 620.0 660.0 660.0 640.0 600.0 540.0 620.0 660.0 640.0 560.0 140.0 640.0 540.0 620.0 600.0 600.0 600.0 680.0 680.0 700.0 640.0 620.0 660.0 640.0 640.0 600.0 120.0 640.0 640.0 660.0 580.0 600.0 600.0 600.0 100.0 620.0 640.0 540.0 640.0 600.0 120.0 620.0 620.0 600.0 140.0 180.0 640.0 620.0 600.0 640.0 660.0
0.0 680.0 180.0 180.0 600.0 600.0 680.0 640.0 680.0 620.0 700.0 140.0 660.0 620.0 700.0 640.0 620.0 660.0 680.0 640.0 620.0 700.0 620.0 640.0 560.0 660.0 660.0 620.0 140.0 600.0 0.0 660.0 580.0 660.0 100.0 660.0 120.0 620.0 660.0 180.0 120.0 560.0 700.0 660.0 600.0 660.0 680.0 640.0 620.0 600.0 680.0 620.0 640.0 660.0 80.0 640.0 680.0 660.0 140.0 600.0 680.0 120.0 620.0 660.0 600.0 600.0 620.0 700.0 680.0 720.0 620.0 620.0 640.0 640.0 640.0 580.0 660.0 660.0 680.0 680.0 140.0 660.0 620.0 660.0 640.0 640.0 600.0 600.0 660.0 160.0 620.0 600.0 180.0 700.0 660.0 660.0 520.0 680.0 80.0 640.0 640.0
0.0 120.0 600.0 640.0 560.0 560.0 620.0 620.0 660.0 600.0 660.0 600.0 120.0 600.0 160.0 160.0 560.0 620.0 640.0 620.0 600.0 660.0 80.0 580.0 520.0 600.0 120.0 560.0 600.0 540.0 620.0 0.0 600.0 600.0 540.0 620.0 600.0 560.0 580.0 660.0 560.0 540.0 660.0 640.0 560.0 600.0 120.0 620.0 600.0 560.0 600.0 100.0 640.0 640.0 520.0 580.0 640.0 600.0 580.0 540.0 540.0 620.0 580.0 120.0 60.0 560.0 580.0 680.0 640.0 680.0 560.0 580.0 100.0 600.0 600.0 620.0 600.0 600.0 160.0 160.0 620.0 600.0 600.0 620.0 620.0 120.0 560.0 560.0 140.0 600.0 620.0 540.0 620.0 640.0 620.0 680.0 560.0 660.0 520.0 660.0 600.0
0.0 600.0 600.0 660.0 620.0 580.0 140.0 600.0 640.0 60.0 660.0 560.0 660.0 620.0 660.0 660.0 560.0 640.0 680.0 180.0 640.0 180.0 620.0 560.0 620.0 620.0 680.0 100.0 600.0 620.0 580.0 640.0 0.0 600.0 600.0 140.0 660.0 120.0 580.0 640.0 580.0 600.0 660.0 680.0 600.0 600.0 600.0 140.0 660.0 600.0 120.0 640.0 680.0 640.0 640.0 100.0 620.0 600.0 580.0 600.0 660.0 540.0 580.0 600.0 620.0 560.0 80.0 680.0 200.0 700.0 560.0 580.0 640.0 600.0 600.0 620.0 580.0 600.0 640.0 700.0 640.0 660.0 660.0 620.0 600.0 600.0 140.0 100.0 640.0 580.0 660.0 540.0 640.0 160.0 660.0 640.0 100.0 620.0 640.0 660.0 600.0
0.0 660.0 640.0 620.0 640.0 60.0 620.0 80.0 620.0 520.0 180.0 600.0 660.0 600.0 640.0 660.0 100.0 140.0 680.0 660.0 140.0 660.0 580.0 600.0 600.0 100.0 660.0 640.0 640.0 140.0 540.0 600.0 540.0 0.0 620.0 600.0 620.0 560.0 620.0 680.0 520.0 580.0 180.0 620.0 140.0 560.0 640.0 600.0 640.0 540.0 580.0 640.0 660.0 600.0 600.0 540.0 620.0 640.0 620.0 560.0 140.0 580.0 540.0 640.0 600.0 600.0 600.0 660.0 680.0 660.0 600.0 620.0 640.0 640.0 640.0 600.0 120.0 620.0 680.0 640.0 600.0 560.0 600.0 640.0 140.0 620.0 620.0 540.0 640.0 600.0 120.0 580.0 620.0 620.0 100.0 100.0 560.0 600.0 600.0 640.0 520.0
0.0 680.0 160.0 180.0 680.0 600.0 680.0 580.0 640.0 600.0 640.0 60.0 720.0 620.0 660.0 660.0 600.0 660.0 600.0 580.0 640.0 700.0 640.0 640.0 640.0 660.0 580.0 680.0 100.0 660.0 140.0 620.0 580.0 620.0 0.0 640.0 200.0 620.0 660.0 160.0 140.0 520.0 680.0 740.0 640.0 640.0 660.0 620.0 640.0 560.0 660.0 660.0 700.0 680.0 140.0 640.0 600.0 680.0 140.0 660.0 660.0 100.0 640.0 660.0 620.0 560.0 620.0 640.0 600.0 720.0 620.0 600.0 620.0 620.0 600.0 660.0 640.0 640.0 660.0 620.0 160.0 680.0 620.0 620.0 620.0 640.0 660.0 620.0 640.0 140.0 640.0 600.0 180.0 640.0 660.0 680.0 660.0 700.0 140.0 700.0 620.0
0.0 700.0 640.0 660.0 620.0 580.0 180.0 560.0 640.0 100.0 620.0 640.0 700.0 580.0 660.0 600.0 600.0 640.0 620.0 160.0 660.0 180.0 580.0 640.0 580.0 620.0 660.0 140.0 600.0 620.0 620.0 580.0 100.0 600.0 620.0 0.0 660.0 100.0 620.0 640.0 560.0 580.0 640.0 700.0 620.0 640.0 640.0 100.0 640.0 580.0 160.0 640.0 680.0 560.0 600.0 80.0 660.0 640.0 640.0 600.0 620.0 620.0 580.0 620.0 600.0 560.0 80.0 660.0 200.0 660.0 640.0 580.0 640.0 600.0 600.0 620.0 560.0 620.0 700.0 640.0 580.0 660.0 640.0 620.0 600.0 560.0 120.0 80.0 660.0 580.0 640.0 620.0 660.0 100.0 640.0 640.0 140.0 660.0 600.0 660.0 600.0
0.0 660.0 80.0 160.0 600.0 580.0 660.0 600.0 620.0 600.0 660.0 140.0 640.0 600.0 660.0 660.0 600.0 660.0 640.0 660.0 540.0 660.0 600.0 560.0 600.0 640.0 660.0 580.0 80.0 600.0 100.0 640.0 580.0 600.0 80.0 600.0 0.0 600.0 560.0 140.0 100.0 580.0 660.0 680.0 640.0 600.0 640.0 600.0 540.0 600.0 600.0 600.0 660.0 620.0 120.0 560.0 640.0 660.0 160.0 580.0 660.0 100.0 600.0 660.0 640.0 540.0 600.0 660.0 680.0 700.0 540.0 580.0 600.0 580.0 580.0 640.0 580.0 620.0 700.0 680.0 140.0 660.0 620.0 580.0 560.0 580.0 640.0 600.0 660.0 60.0 620.0 600.0 120.0 640.0 620.0 660.0 600.0 700.0 120.0 680.0 600.0
0.0 680.0 720.0 680.0 580.0 620.0 200.0 640.0 580.0 160.0 620.0 660.0 720.0 660.0 640.0 680.0 660.0 700.0 660.0 180.0 640.0 180.0 660.0 600.0 660.0 660.0 700.0 100.0 660.0 640.0 620.0 660.0 140.0 680.0 620.0 100.0 680.0 0.0 640.0 660.0 600.0 620.0 660.0 660.0 640.0 560.0 680.0 160.0 640.0 620.0 80.0 640.0 700.0 580.0 620.0 120.0 640.0 660.0 680.0 640.0 700.0 660.0 600.0 620.0 640.0 620.0 160.0 660.0 180.0 720.0 680.0 640.0 640.0 660.0 660.0 660.0 620.0 680.0 700.0 640.0 620.0 700.0 680.0 620.0 660.0 640.0 140.0 120.0 660.0 620.0 660.0 660.0 560.0 200.0 700.0 640.0 140.0 680.0 640.0 700.0 640.0
0.0 740.0 680.0 680.0 640.0 600.0 660.0 600.0 580.0 660.0 700.0 640.0 720.0 640.0 640.0 660.0 560.0 640.0 180.0 660.0 640.0 660.0 620.0 100.0 140.0 600.0 620.0 680.0 600.0 680.0 660.0 640.0 640.0 660.0 600.0 580.0 640.0 640.0 0.0 660.0 600.0 100.0 700.0 660.0 600.0 140.0 600.0 580.0 160.0 120.0 660.0 640.0 600.0 620.0 660.0 620.0 640.0 660.0 640.0 100.0 680.0 660.0 120.0 640.0 600.0 620.0 580.0 620.0 680.0 720.0 660.0 640.0 620.0 60.0 120.0 120.0 620.0 600.0 680.0 700.0 620.0 140.0 660.0 180.0 660.0 620.0 680.0 620.0 640.0 620.0 660.0 180.0 560.0 640.0 600.0 700.0 620.0 700.0 660.0 180.0 600.0
0.0 660.0 180.0 180.0 560.0 620.0 700.0 600.0 620.0 640.0 720.0 140.0 680.0 620.0 660.0 680.0 660.0 660.0 700.0 680.0 620.0 700.0 640.0 640.0 660.0 660.0 680.0 540.0 120.0 600.0 160.0 660.0 620.0 680.0 100.0 620.0 180.0 640.0 660.0 0.0 100.0 600.0 720.0 680.0 600.0 680.0 660.0 600.0 620.0 560.0 620.0 560.0 680.0 660.0 80.0 620.0 600.0 640.0 100.0 620.0 700.0 160.0 620.0 640.0 600.0 600.0 660.0 700.0 700.0 720.0 680.0 640.0 580.0 660.0 640.0 660.0 660.0 620.0 700.0 680.0 160.0 660.0 620.0 640.0 660.0 640.0 600.0 620.0 660.0 140.0 640.0 660.0 100.0 620.0 640.0 720.0 620.0 700.0 80.0 700.0 660.0
0.0 660.0 140.0 100.0 620.0 520.0 620.0 560.0 620.0 640.0 660.0 140.0 640.0 580.0 620.0 640.0 600.0 600.0 700.0 640.0 600.0 640.0 580.0 580.0 580.0 560.0 660.0 620.0 120.0 600.0 140.0 560.0 600.0 640.0 100.0 620.0 100.0 540.0 600.0 160.0 0.0 600.0 660.0 640.0 600.0 580.0 620.0 600.0 600.0 520.0 600.0 640.0 640.0 620.0 100.0 520.0 600.0 640.0 140.0 540.0 600.0 120.0 520.0 600.0 600.0 580.0 580.0 660.0 660.0 660.0 620.0 600.0 640.0 620.0 620.0 580.0 580.0 620.0 660.0 640.0 80.0 640.0 580.0 620.0 620.0 600.0 620.0 520.0 600.0 80.0 600.0 600.0 100.0 600.0 640.0 660.0 620.0 600.0 100.0 620.0 640.0
0.0 740.0 660.0 700.0 700.0 640.0 740.0 580.0 700.0 680.0 720.0 620.0 740.0 620.0 660.0 660.0 640.0 700.0 240.0 580.0 700.0 720.0 640.0 140.0 180.0 680.0 720.0 680.0 660.0 680.0 680.0 700.0 660.0 660.0 660.0 680.0 720.0 660.0 160.0 700.0 660.0 0.0 720.0 740.0 680.0 180.0 660.0 660.0 200.0 60.0 700.0 700.0 740.0 720.0 660.0 640.0 660.0 700.0 640.0 180.0 720.0 600.0 140.0 660.0 660.0 600.0 640.0 700.0 760.0 720.0 640.0 640.0 700.0 140.0 140.0 180.0 660.0 660.0 660.0 680.0 660.0 240.0 620.0 180.0 660.0 640.0 660.0 660.0 700.0 660.0 700.0 200.0 700.0 640.0 700.0 680.0 680.0 700.0 680.0 180.0 660.0
0.0 720.0 680.0 600.0 660.0 140.0 700.0 160.0 660.0 640.0 200.0 640.0 700.0 560.0 680.0 660.0 120.0 140.0 640.0 620.0 140.0 660.0 580.0 640.0 620.0 100.0 680.0 680.0 620.0 140.0 660.0 660.0 660.0 180.0 660.0 620.0 660.0 660.0 660.0 660.0 620.0 640.0 0.0 640.0 160.0 680.0 660.0 600.0 640.0 620.0 600.0 600.0 660.0 600.0 640.0 620.0 620.0 640.0 640.0 660.0 200.0 620.0 640.0 540.0 600.0 600.0 580.0 700.0 700.0 660.0 620.0 640.0 620.0 660.0 600.0 600.0 160.0 620.0 700.0 680.0 640.0 680.0 620.0 660.0 160.0 660.0 660.0 640.0 660.0 660.0 120.0 680.0 700.0 700.0 140.0 120.0 660.0 700.0 640.0 620.0 660.0
0.0 680.0 660.0 680.0 180.0 600.0 700.0 640.0 160.0 620.0 700.0 640.0 700.0 120.0 660.0 620.0 600.0 660.0 700.0 700.0 600.0 680.0 620.0 620.0 660.0 560.0 660.0 660.0 620.0 640.0 640.0 640.0 580.0 640.0 620.0 660.0 580.0 640.0 640.0 660.0 640.0 620.0 700.0 0.0 640.0 660.0 640.0 640.0 600.0 620.0 680.0 680.0 140.0 140.0 660.0 600.0 100.0 120.0 660.0 640.0 680.0 600.0 600.0 660.0 640.0 80.0 600.0 180.0 720.0 200.0 120.0 120.0 680.0 620.0 620.0 560.0 640.0 140.0 660.0 660.0 640.0 700.0 100.0 640.0 620.0 620.0 680.0 620.0 660.0 640.0 600.0 600.0 680.0 680.0 680.0 700.0 660.0 180.0 660.0 620.0 140.0
0.0 680.0 680.0 680.0 680.0 120.0 660.0 120.0 680.0 620.0 180.0 640.0 660.0 600.0 720.0 640.0 140.0 200.0 720.0 680.0 120.0 740.0 600.0 640.0 640.0 140.0 620.0 680.0 640.0 140.0 620.0 660.0 580.0 160.0 660.0 640.0 660.0 660.0 660.0 700.0 660.0 600.0 140.0 600.0 0.0 660.0 660.0 640.0 620.0 640.0 640.0 660.0 600.0 660.0 660.0 620.0 680.0 660.0 640.0 660.0 120.0 620.0 620.0 660.0 620.0 620.0 640.0 660.0 700.0 700.0 620.0 640.0 640.0 660.0 640.0 580.0 140.0 660.0 660.0 640.0 620.0 560.0 600.0 660.0 160.0 600.0 620.0 640.0 640.0 640.0 100.0 600.0 660.0 660.0 160.0 160.0 520.0 620.0 600.0 620.0 660.0
0.0 720.0 680.0 660.0 660.0 580.0 660.0 600.0 580.0 620.0 680.0 680.0 680.0 620.0 640.0 640.0 640.0 660.0 120.0 640.0 600.0 700.0 620.0 140.0 140.0 620.0 680.0 660.0 620.0 660.0 640.0 620.0 620.0 640.0 660.0 560.0 640.0 580.0 120.0 680.0 560.0 80.0 680.0 640.0 660.0 0.0 640.0 620.0 100.0 80.0 520.0 680.0 660.0 540.0 640.0 580.0 640.0 680.0 660.0 100.0 660.0 660.0 80.0 660.0 640.0 600.0 620.0 620.0 640.0 680.0 640.0 620.0 600.0 140.0 140.0 120.0 620.0 640.0 660.0 600.0 580.0 160.0 620.0 140.0 620.0 600.0 660.0 560.0 620.0 620.0 640.0 160.0 640.0 660.0 660.0 600.0 660.0 660.0 640.0 180.0 600.0
0.0 220.0 680.0 660.0 620.0 580.0 700.0 600.0 620.0 640.0 660.0 660.0 220.0 580.0 120.0 140.0 600.0 600.0 680.0 660.0 620.0 640.0 100.0 620.0 640.0 580.0 160.0 640.0 620.0 640.0 660.0 140.0 640.0 660.0 640.0 600.0 660.0 540.0 620.0 680.0 620.0 620.0 680.0 640.0 660.0 560.0 0.0 620.0 620.0 520.0 580.0 160.0 620.0 600.0 640.0 600.0 600.0 620.0 660.0 640.0 660.0 640.0 600.0 120.0 120.0 600.0 620.0 660.0 700.0 680.0 640.0 620.0 140.0 640.0 640.0 580.0 620.0 620.0 160.0 140.0 600.0 660.0 580.0 640.0 640.0 100.0 660.0 520.0 160.0 620.0 620.0 660.0 600.0 660.0 640.0 640.0 660.0 680.0 640.0 640.0 640.0
0.0 700.0 640.0 620.0 560.0 600.0 200.0 560.0 640.0 120.0 640.0 640.0 700.0 580.0 660.0 600.0 620.0 660.0 640.0 160.0 580.0 200.0 580.0 640.0 600.0 640.0 640.0 160.0 580.0 620.0 640.0 600.0 100.0 600.0 580.0 20.0 600.0 100.0 600.0 660.0 580.0 580.0 640.0 680.0 620.0 620.0 560.0 0.0 600.0 580.0 140.0 660.0 620.0 560.0 600.0 100.0 580.0 660.0 640.0 600.0 620.0 640.0 580.0 640.0 600.0 560.0 100.0 660.0 180.0 680.0 620.0 600.0 540.0 600.0 600.0 620.0 580.0 520.0 700.0 660.0 600.0 660.0 640.0 620.0 600.0 560.0 120.0 80.0 580.0 580.0 620.0 620.0 620.0 120.0 540.0 660.0 140.0 680.0 600.0 640.0 620.0
0.0 660.0 640.0 680.0 620.0 600.0 680.0 640.0 680.0 580.0 700.0 600.0 700.0 640.0 640.0 660.0 600.0 680.0 120.0 660.0 520.0 620.0 660.0 100.0 120.0 660.0 640.0 640.0 600.0 660.0 560.0 640.0 540.0 620.0 640.0 580.0 660.0 620.0 120.0 640.0 600.0 120.0 700.0 660.0 640.0 120.0 620.0 560.0 0.0 120.0 620.0 680.0 680.0 620.0 640.0 580.0 640.0 640.0 620.0 140.0 640.0 580.0 100.0 640.0 660.0 600.0 620.0 680.0 720.0 740.0 600.0 620.0 600.0 140.0 140.0 140.0 620.0 580.0 680.0 660.0 660.0 140.0 660.0 60.0 540.0 620.0 660.0 600.0 640.0 620.0 640.0 80.0 660.0 680.0 600.0 680.0 580.0 660.0 640.0 200.0 640.0
0.0 720.0 660.0 660.0 660.0 600.0 680.0 600.0 660.0 640.0 660.0 680.0 700.0 560.0 600.0 660.0 660.0 680.0 200.0 700.0 640.0 680.0 580.0 140.0 120.0 660.0 660.0 660.0 600.0 660.0 660.0 640.0 620.0 700.0 640.0 620.0 680.0 600.0 120.0 680.0 680.0 160.0 660.0 720.0 660.0 140.0 600.0 600.0 140.0 0.0 660.0 640.0 680.0 660.0 640.0 600.0 600.0 640.0 640.0 120.0 680.0 660.0 100.0 660.0 600.0 640.0 620.0 640.0 740.0 660.0 620.0 660.0 640.0 160.0 140.0 120.0 600.0 600.0 700.0 620.0 600.0 180.0 560.0 160.0 680.0 580.0 660.0 600.0 640.0 600.0 640.0 140.0 640.0 640.0 640.0 660.0 640.0 660.0 640.0 160.0 680.0
0.0 700.0 660.0 640.0 640.0 560.0 160.0 580.0 660.0 100.0 660.0 660.0 660.0 600.0 660.0 620.0 640.0 640.0 600.0 140.0 580.0 180.0 600.0 620.0 600.0 600.0 660.0 160.0 620.0 640.0 620.0 600.0 120.0 620.0 640.0 40.0 620.0 80.0 600.0 660.0 540.0 560.0 660.0 680.0 640.0 620.0 620.0 120.0 560.0 560.0 0.0 680.0 660.0 520.0 620.0 60.0 620.0 660.0 660.0 580.0 640.0 640.0 560.0 640.0 620.0 580.0 120.0 640.0 140.0 680.0 660.0 600.0 640.0 620.0 620.0 600.0 600.0 640.0 660.0 600.0 560.0 640.0 620.0 620.0 600.0 580.0 160.0 60.0 640.0 600.0 620.0 640.0 620.0 140.0 640.0 660.0 140.0 640.0 620.0 660.0 580.0
0.0 120.0 660.0 660.0 600.0 580.0 640.0 600.0 640.0 640.0 660.0 660.0 200.0 580.0 120.0 140.0 660.0 640.0 680.0 700.0 580.0 680.0 80.0 620.0 600.0 640.0 160.0 660.0 560.0 620.0 640.0 120.0 620.0 640.0 620.0 560.0 620.0 600.0 620.0 640.0 620.0 620.0 660.0 660.0 640.0 640.0 100.0 560.0 580.0 520.0 660.0 0.0 660.0 600.0 620.0 580.0 560.0 640.0 640.0 560.0 660.0 660.0 600.0 140.0 100.0 600.0 600.0 640.0 680.0 660.0 640.0 640.0 20.0 660.0 600.0 620.0 600.0 560.0 200.0 120.0 600.0 680.0 560.0 620.0 600.0 100.0 640.0 600.0 100.0 600.0 600.0 640.0 600.0 640.0 580.0 680.0 640.0 680.0 620.0 660.0 660.0
0.0 720.0 700.0 700.0 100.0 640.0 620.0 640.0 160.0 620.0 700.0 660.0 700.0 160.0 660.0 680.0 580.0 660.0 680.0 680.0 560.0 680.0 660.0 660.0 600.0 640.0 520.0 660.0 600.0 640.0 640.0 660.0 600.0 680.0 600.0 600.0 680.0 580.0 680.0 680.0 620.0 600.0 640.0 200.0 620.0 620.0 620.0 580.0 560.0 620.0 640.0 600.0 0.0 140.0 620.0 640.0 100.0 180.0 600.0 640.0 660.0 640.0 640.0 660.0 560.0 140.0 600.0 140.0 700.0 240.0 160.0 60.0 560.0 580.0 620.0 640.0 640.0 100.0 700.0 680.0 640.0 680.0 140.0 620.0 600.0 640.0 640.0 620.0 640.0 640.0 640.0 640.0 640.0 700.0 620.0 700.0 640.0 200.0 620.0 660.0 120.0
0.0 680.0 640.0 620.0 140.0 540.0 640.0 560.0 140.0 600.0 640.0 640.0 640.0 80.0 640.0 600.0 600.0 620.0 580.0 600.0 600.0 660.0 580.0 600.0 580.0 580.0 640.0 640.0 600.0 620.0 600.0 580.0 600.0 600.0 620.0 520.0 600.0 560.0 580.0 640.0 520.0 540.0 640.0 160.0 620.0 600.0 600.0 600.0 620.0 540.0 600.0 660.0 140.0 0.0 600.0 540.0 100.0 140.0 640.0 560.0 620.0 620.0 520.0 620.0 600.0 60.0 580.0 120.0 660.0 160.0 140.0 100.0 620.0 600.0 600.0 580.0 580.0 120.0 640.0 580.0 540.0 620.0 100.0 600.0 600.0 560.0 620.0 520.0 600.0 580.0 600.0 620.0 600.0 620.0 620.0 620.0 620.0 120.0 600.0 640.0 120.0
0.0 680.0 180.0 140.0 600.0 560.0 640.0 600.0 660.0 580.0 660.0 80.0 600.0 620.0 660.0 660.0 620.0 600.0 620.0 600.0 580.0 640.0 620.0 620.0 620.0 600.0 600.0 660.0 120.0 520.0 100.0 620.0 600.0 640.0 20.0 600.0 140.0 580.0 640.0 180.0 60.0 520.0 660.0 620.0 520.0 620.0 640.0 600.0 580.0 560.0 640.0 580.0 620.0 660.0 0.0 560.0 620.0 640.0 80.0 580.0 640.0 120.0 560.0 600.0 540.0 580.0 620.0 660.0 620.0 700.0 640.0 620.0 580.0 640.0 620.0 600.0 640.0 620.0 660.0 640.0 120.0 600.0 620.0 620.0 620.0 640.0 640.0 560.0 660.0 120.0 600.0 620.0 140.0 620.0 620.0 660.0 540.0 640.0 120.0 660.0 640.0
0.0 700.0 680.0 660.0 620.0 600.0 200.0 600.0 620.0 140.0 660.0 640.0 720.0 580.0 680.0 680.0 660.0 700.0 700.0 240.0 620.0 200.0 600.0 560.0 620.0 660.0 700.0 100.0 620.0 660.0 620.0 660.0 100.0 680.0 660.0 140.0 700.0 140.0 660.0 720.0 660.0 660.0 680.0 740.0 660.0 600.0 680.0 120.0 660.0 620.0 120.0 640.0 660.0 640.0 640.0 0.0 680.0 660.0 660.0 640.0 700.0 620.0 600.0 680.0 620.0 640.0 140.0 660.0 200.0 680.0 640.0 680.0 640.0 700.0 660.0 620.0 580.0 640.0 700.0 640.0 600.0 700.0 580.0 660.0 660.0 600.0 160.0 140.0 620.0 580.0 580.0 640.0 660.0 160.0 640.0 680.0 140.0 680.0 640.0 680.0 700.0
0.0 700.0 640.0 640.0 140.0 600.0 700.0 560.0 80.0 640.0 680.0 620.0 720.0 100.0 580.0 640.0 640.0 580.0 700.0 660.0 640.0 620.0 560.0 640.0 640.0 600.0 620.0 620.0 540.0 660.0 580.0 660.0 620.0 680.0 660.0 580.0 660.0 560.0 640.0 580.0 640.0 640.0 660.0 180.0 680.0 600.0 640.0 580.0 640.0 540.0 620.0 640.0 160.0 140.0 660.0 620.0 0.0 120.0 620.0 660.0 680.0 660.0 620.0 580.0 580.0 120.0 620.0 180.0 740.0 160.0 120.0 140.0 600.0 660.0 540.0 600.0 600.0 100.0 660.0 660.0 620.0 640.0 100.0 600.0 640.0 620.0 600.0 540.0 640.0 580.0 600.0 640.0 620.0 620.0 600.0 660.0 600.0 180.0 640.0 660.0 180.0
0.0 700.0 660.0 640.0 160.0 600.0 640.0 620.0 180.0 640.0 720.0 640.0 700.0 60.0 680.0 660.0 640.0 660.0 700.0 700.0 640.0 700.0 560.0 640.0 600.0 640.0 680.0 660.0 600.0 640.0 640.0 640.0 660.0 700.0 640.0 600.0 660.0 600.0 640.0 720.0 580.0 620.0 720.0 200.0 640.0 640.0 660.0 600.0 640.0 580.0 660.0 640.0 180.0 140.0 620.0 600.0 160.0 0.0 620.0 600.0 680.0 620.0 580.0 660.0 600.0 140.0 640.0 200.0 720.0 160.0 120.0 160.0 640.0 640.0 660.0 600.0 660.0 120.0 560.0 700.0 640.0 700.0 140.0 640.0 620.0 660.0 660.0 580.0 660.0 660.0 640.0 680.0 660.0 680.0 620.0 720.0 640.0 180.0 620.0 620.0 80.0
0.0 640.0 120.0 180.0 640.0 600.0 660.0 640.0 620.0 560.0 680.0 100.0 680.0 640.0 680.0 620.0 580.0 660.0 660.0 700.0 660.0 660.0 640.0 580.0 640.0 640.0 660.0 620.0 80.0 640.0 100.0 660.0 540.0 600.0 120.0 620.0 180.0 600.0 600.0 140.0 100.0 620.0 660.0 700.0 620.0 620.0 620.0 620.0 680.0 620.0 640.0 660.0 680.0 660.0 160.0 600.0 640.0 620.0 0.0 640.0 680.0 60.0 600.0 620.0 640.0 540.0 600.0 660.0 720.0 740.0 580.0 560.0 640.0 580.0 580.0 640.0 600.0 620.0 660.0 700.0 160.0 660.0 640.0 600.0 580.0 620.0 640.0 600.0 660.0 100.0 640.0 560.0 160.0 680.0 640.0 660.0 600.0 660.0 120.0 680.0 600.0
0.0 660.0 640.0 600.0 620.0 520.0 600.0 620.0 620.0 620.0 680.0 640.0 680.0 600.0 640.0 640.0 620.0 600.0 200.0 680.0 600.0 640.0 540.0 100.0 80.0 580.0 660.0 620.0 580.0 600.0 620.0 560.0 580.0 640.0 600.0 580.0 560.0 560.0 120.0 620.0 620.0 100.0 700.0 660.0 600.0 80.0 640.0 580.0 100.0 40.0 600.0 600.0 640.0 620.0 580.0 600.0 600.0 620.0 600.0 0.0 600.0 620.0 100.0 600.0 560.0 600.0 540.0 680.0 620.0 640.0 600.0 620.0 600.0 140.0 80.0 80.0 620.0 600.0 660.0 660.0 620.0 160.0 600.0 140.0 620.0 620.0 600.0 540.0 620.0 620.0 620.0 100.0 600.0 660.0 600.0 660.0 620.0 620.0 580.0 120.0 660.0
0.0 680.0 680.0 660.0 620.0 80.0 680.0 160.0 620.0 600.0 180.0 620.0 680.0 580.0 680.0 620.0 160.0 180.0 660.0 680.0 60.0 680.0 600.0 640.0 560.0 160.0 680.0 620.0 600.0 100.0 620.0 620.0 600.0 80.0 600.0 600.0 660.0 580.0 640.0 700.0 600.0 600.0 220.0 700.0 100.0 560.0 680.0 620.0 640.0 600.0 580.0 640.0 700.0 600.0 580.0 580.0 640.0 660.0 640.0 600.0 0.0 640.0 560.0 680.0 600.0 620.0 640.0 660.0 700.0 680.0 620.0 660.0 600.0 680.0 660.0 620.0 80.0 640.0 700.0 640.0 620.0 640.0 640.0 600.0 100.0 660.0 600.0 600.0 660.0 580.0 140.0 620.0 640.0 700.0 160.0 140.0 620.0 660.0 580.0 680.0 600.0
0.0 680.0 180.0 120.0 660.0 560.0 660.0 640.0 600.0 620.0 700.0 40.0 660.0 640.0 660.0 660.0 620.0 640.0 660.0 680.0 620.0 680.0 620.0 580.0 600.0 620.0 680.0 660.0 120.0 640.0 140.0 600.0 580.0 640.0 140.0 660.0 140.0 600.0 600.0 160.0 140.0 640.0 660.0 660.0 640.0 620.0 660.0 640.0 620.0 580.0 640.0 640.0 680.0 660.0 120.0 560.0 580.0 660.0 60.0 580.0 640.0 0.0 540.0 560.0 600.0 580.0 600.0 700.0 700.0 720.0 620.0 620.0 640.0 640.0 620.0 620.0 600.0 660.0 720.0 680.0 160.0 680.0 620.0 640.0 640.0 640.0 640.0 560.0 660.0 100.0 620.0 600.0 140.0 680.0 680.0 640.0 660.0 620.0 120.0 640.0 640.0
0.0 660.0 660.0 600.0 600.0 520.0 620.0 600.0 620.0 640.0 660.0 640.0 620.0 600.0 640.0 660.0 620.0 620.0 180.0 640.0 620.0 660.0 580.0 80.0 60.0 580.0 660.0 600.0 620.0 600.0 620.0 560.0 620.0 640.0 600.0 620.0 600.0 560.0 140.0 660.0 620.0 100.0 680.0 660.0 600.0 80.0 620.0 620.0 140.0 40.0 600.0 640.0 660.0 620.0 580.0 520.0 620.0 660.0 640.0 60.0 600.0 620.0 0.0 620.0 600.0 600.0 580.0 660.0 660.0 680.0 620.0 640.0 640.0 160.0 120.0 100.0 600.0 640.0 700.0 640.0 620.0 160.0 580.0 160.0 660.0 600.0 600.0 540.0 640.0 580.0 580.0 100.0 600.0 640.0 640.0 660.0 620.0 600.0 580.0 120.0 660.0
0.0 180.0 640.0 560.0 660.0 600.0 660.0 620.0 620.0 640.0 680.0 620.0 180.0 600.0 160.0 140.0 600.0 600.0 620.0 660.0 600.0 640.0 120.0 600.0 640.0 560.0 160.0 640.0 580.0 600.0 620.0 140.0 620.0 640.0 620.0 600.0 620.0 640.0 620.0 620.0 620.0 620.0 600.0 640.0 640.0 660.0 140.0 620.0 600.0 580.0 660.0 80.0 620.0 620.0 660.0 640.0 580.0 640.0 640.0 640.0 680.0 600.0 620.0 0.0 140.0 580.0 540.0 680.0 680.0 680.0 600.0 600.0 100.0 620.0 580.0 560.0 640.0 620.0 180.0 160.0 640.0 660.0 600.0 640.0 620.0 120.0 680.0 620.0 140.0 620.0 600.0 660.0 680.0 680.0 640.0 580.0 640.0 700.0 660.0 600.0 640.0
0.0 160.0 660.0 680.0 580.0 620.0 660.0 600.0 660.0 560.0 700.0 620.0 200.0 620.0 160.0 160.0 620.0 680.0 660.0 700.0 560.0 680.0 120.0 620.0 640.0 660.0 180.0 660.0 600.0 620.0 580.0 160.0 560.0 640.0 620.0 580.0 660.0 640.0 640.0 660.0 640.0 620.0 680.0 700.0 640.0 660.0 120.0 560.0 560.0 560.0 680.0 60.0 680.0 620.0 600.0 620.0 600.0 660.0 540.0 600.0 680.0 600.0 640.0 160.0 0.0 580.0 640.0 680.0 720.0 700.0 600.0 600.0 60.0 620.0 620.0 660.0 640.0 600.0 200.0 160.0 640.0 700.0 600.0 600.0 600.0 140.0 660.0 620.0 140.0 640.0 640.0 600.0 660.0 640.0 600.0 640.0 600.0 640.0 640.0 700.0 620.0
0.0 720.0 600.0 660.0 140.0 580.0 680.0 620.0 100.0 580.0 680.0 620.0 700.0 120.0 660.0 680.0 560.0 640.0 640.0 660.0 640.0 640.0 620.0 600.0 640.0 620.0 620.0 620.0 560.0 660.0 580.0 640.0 620.0 580.0 600.0 600.0 660.0 560.0 660.0 600.0 560.0 600.0 620.0 200.0 600.0 600.0 600.0 580.0 660.0 580.0 620.0 660.0 180.0 140.0 640.0 580.0 140.0 160.0 640.0 600.0 660.0 600.0 580.0 640.0 600.0 0.0 580.0 140.0 700.0 200.0 160.0 40.0 620.0 560.0 560.0 620.0 600.0 100.0 680.0 660.0 620.0 640.0 100.0 560.0 560.0 620.0 600.0 580.0 640.0 600.0 600.0 640.0 620.0 660.0 620.0 660.0 600.0 160.0 580.0 660.0 60.0
0.0 700.0 660.0 620.0 640.0 620.0 220.0 620.0 580.0 140.0 640.0 620.0 720.0 600.0 640.0 620.0 580.0 560.0 680.0 180.0 600.0 100.0 600.0 580.0 640.0 540.0 620.0 120.0 540.0 620.0 600.0 640.0 120.0 620.0 600.0 80.0 640.0 120.0 680.0 600.0 620.0 600.0 660.0 640.0 620.0 620.0 620.0 80.0 600.0 600.0 140.0 640.0 620.0 620.0 640.0 120.0 580.0 600.0 660.0 640.0 680.0 600.0 600.0 560.0 620.0 560.0 0.0 660.0 140.0 680.0 660.0 600.0 600.0 600.0 540.0 560.0 600.0 600.0 640.0 640.0 620.0 620.0 580.0 620.0 600.0 600.0 160.0 100.0 640.0 600.0 580.0 640.0 660.0 160.0 600.0 640.0 100.0 700.0 640.0 600.0 620.0
0.0 720.0 640.0 560.0 160.0 600.0 680.0 600.0 80.0 640.0 660.0 680.0 680.0 80.0 600.0 660.0 640.0 660.0 680.0 700.0 640.0 700.0 580.0 600.0 620.0 620.0 660.0 640.0 620.0 600.0 660.0 640.0 620.0 640.0 660.0 620.0 620.0 580.0 600.0 620.0 620.0 640.0 660.0 200.0 660.0 600.0 560.0 600.0 640.0 520.0 600.0 640.0 160.0 120.0 640.0 600.0 120.0 140.0 640.0 620.0 680.0 660.0 600.0 660.0 600.0 100.0 620.0 0.0 720.0 180.0 100.0 120.0 640.0 640.0 640.0 600.0 600.0 120.0 560.0 620.0 600.0 680.0 80.0 660.0 640.0 580.0 660.0 560.0 640.0 600.0 640.0 660.0 640.0 640.0 640.0 680.0 640.0 180.0 640.0 600.0 140.0
0.0 660.0 640.0 640.0 640.0 560.0 120.0 600.0 540.0 20.0 700.0 600.0 680.0 620.0 600.0 640.0 600.0 580.0 660.0 180.0 600.0 120.0 600.0 620.0 600.0 600.0 680.0 140.0 580.0 580.0 540.0 620.0 60.0 520.0 620.0 100.0 640.0 80.0 620.0 660.0 560.0 600.0 680.0 640.0 640.0 580.0 640.0 120.0 660.0 560.0 100.0 660.0 660.0 600.0 600.0 60.0 600.0 620.0 540.0 580.0 560.0 580.0 560.0 580.0 620.0 560.0 120.0 680.0 0.0 680.0 600.0 600.0 640.0 600.0 600.0 620.0 560.0 640.0 580.0 660.0 600.0 580.0 620.0 620.0 600.0 640.0 140.0 60.0 660.0 560.0 640.0 580.0 640.0 140.0 620.0 600.0 60.0 600.0 600.0 660.0 540.0
0.0 640.0 640.0 620.0 120.0 620.0 680.0 620.0 20.0 580.0 700.0 600.0 680.0 120.0 580.0 660.0 600.0 560.0 600.0 640.0 620.0 600.0 560.0 600.0 640.0 620.0 640.0 640.0 620.0 660.0 600.0 620.0 540.0 620.0 620.0 600.0 640.0 640.0 600.0 660.0 620.0 620.0 660.0 180.0 620.0 640.0 640.0 600.0 640.0 620.0 580.0 620.0 160.0 120.0 640.0 620.0 80.0 100.0 620.0 640.0 660.0 580.0 620.0 560.0 580.0 100.0 600.0 180.0 700.0 0.0 100.0 120.0 620.0 640.0 620.0 600.0 520.0 80.0 640.0 660.0 600.0 620.0 100.0 660.0 640.0 620.0 660.0 620.0 620.0 520.0 600.0 560.0 660.0 680.0 620.0 640.0 620.0 160.0 640.0 640.0 120.0
0.0 660.0 560.0 660.0 80.0 580.0 680.0 560.0 100.0 580.0 640.0 600.0 600.0 80.0 660.0 640.0 560.0 640.0 640.0 660.0 620.0 640.0 580.0 520.0 580.0 620.0 620.0 560.0 560.0 580.0 580.0 640.0 560.0 580.0 600.0 600.0 660.0 580.0 540.0 600.0 580.0 600.0 620.0 180.0 600.0 560.0 600.0 580.0 640.0 580.0 580.0 580.0 140.0 100.0 600.0 600.0 140.0 160.0 620.0 600.0 680.0 580.0 580.0 640.0 600.0 20.0 580.0 140.0 700.0 160.0 0.0 40.0 600.0 560.0 560.0 620.0 540.0 100.0 680.0 660.0 620.0 640.0 120.0 580.0 560.0 560.0 620.0 580.0 640.0 540.0 600.0 600.0 580.0 600.0 620.0 640.0 600.0 180.0 580.0 660.0 60.0
0.0 700.0 660.0 660.0 100.0 600.0 700.0 600.0 120.0 620.0 660.0 600.0 700.0 120.0 680.0 660.0 520.0 600.0 640.0 640.0 600.0 640.0 620.0 620.0 640.0 580.0 640.0 640.0 580.0 640.0 600.0 640.0 620.0 660.0 560.0 580.0 640.0 540.0 640.0 620.0 580.0 560.0 600.0 160.0 580.0 580.0 580.0 560.0 620.0 580.0 600.0 620.0 160.0 120.0 620.0 600.0 120.0 140.0 620.0 600.0 680.0 620.0 580.0 600.0 580.0 100.0 540.0 100.0 660.0 220.0 120.0 0.0 600.0 520.0 580.0 600.0 600.0 60.0 640.0 640.0 600.0 640.0 120.0 580.0 560.0 600.0 660.0 580.0 600.0 620.0 620.0 620.0 580.0 640.0 580.0 660.0 580.0 180.0 660.0 620.0 80.0
0.0 200.0 680.0 640.0 600.0 620.0 700.0 600.0 620.0 640.0 660.0 660.0 200.0 600.0 120.0 140.0 640.0 620.0 680.0 700.0 560.0 660.0 100.0 660.0 600.0 640.0 160.0 640.0 540.0 620.0 620.0 120.0 600.0 640.0 620.0 560.0 620.0 600.0 640.0 620.0 600.0 620.0 660.0 660.0 620.0 640.0 100.0 540.0 560.0 580.0 660.0 180.0 640.0 600.0 600.0 620.0 560.0 660.0 660.0 620.0 660.0 640.0 620.0 140.0 140.0 600.0 620.0 680.0 700.0 700.0 640.0 620.0 0.0 640.0 580.0 640.0 600.0 560.0 200.0 160.0 620.0 680.0 600.0 620.0 600.0 100.0 640.0 580.0 100.0 580.0 600.0 640.0 640.0 660.0 560.0 680.0 640.0 700.0 600.0 660.0 640.0
0.0 700.0 660.0 640.0 580.0 580.0 680.0 580.0 600.0 600.0 660.0 600.0 680.0 600.0 660.0 640.0 520.0 580.0 140.0 620.0 600.0 620.0 600.0 100.0 140.0 560.0 620.0 640.0 560.0 640.0 600.0 620.0 600.0 640.0 540.0 560.0 620.0 580.0 140.0 600.0 560.0 60.0 660.0 640.0 560.0 120.0 560.0 540.0 120.0 80.0 620.0 600.0 640.0 600.0 620.0 580.0 600.0 620.0 600.0 100.0 660.0 620.0 80.0 580.0 560.0 580.0 520.0 580.0 640.0 700.0 600.0 620.0 580.0 0.0 60.0 80.0 600.0 540.0 640.0 660.0 580.0 120.0 600.0 140.0 620.0 580.0 640.0 560.0 580.0 600.0 600.0 140.0 620.0 620.0 580.0 660.0 560.0 660.0 640.0 120.0 560.0
0.0 660.0 660.0 640.0 600.0 600.0 680.0 600.0 560.0 620.0 660.0 580.0 700.0 560.0 600.0 640.0 620.0 680.0 180.0 680.0 600.0 700.0 580.0 140.0 100.0 660.0 580.0 580.0 520.0 640.0 560.0 620.0 580.0 640.0 620.0 560.0 640.0 640.0 140.0 560.0 620.0 100.0 620.0 700.0 640.0 100.0 600.0 540.0 140.0 120.0 600.0 600.0 640.0 600.0 620.0 600.0 600.0 640.0 620.0 120.0 660.0 620.0 100.0 660.0 600.0 600.0 620.0 640.0 720.0 660.0 620.0 600.0 580.0 120.0 0.0 120.0 560.0 560.0 700.0 620.0 600.0 180.0 560.0 120.0 600.0 580.0 640.0 600.0 600.0 560.0 560.0 120.0 640.0 640.0 560.0 660.0 560.0 660.0 620.0 160.0 660.0
0.0 700.0 640.0 620.0 620.0 560.0 660.0 560.0 640.0 620.0 640.0 580.0 680.0 540.0 680.0 560.0 560.0 620.0 160.0 660.0 540.0 660.0 560.0 120.0 100.0 600.0 600.0 660.0 580.0 560.0 580.0 620.0 580.0 660.0 580.0 580.0 600.0 600.0 140.0 660.0 600.0 100.0 640.0 680.0 600.0 120.0 600.0 580.0 60.0 100.0 640.0 620.0 560.0 580.0 600.0 580.0 640.0 620.0 600.0 100.0 660.0 560.0 60.0 620.0 580.0 600.0 560.0 620.0 680.0 640.0 600.0 620.0 620.0 140.0 100.0 0.0 580.0 580.0 660.0 600.0 560.0 160.0 540.0 100.0 580.0 560.0 620.0 580.0 580.0 580.0 540.0 120.0 620.0 620.0 600.0 640.0 580.0 640.0 600.0 60.0 600.0
0.0 640.0 620.0 620.0 640.0 100.0 660.0 140.0 660.0 560.0 180.0 580.0 680.0 620.0 680.0 640.0 80.0 160.0 700.0 680.0 120.0 700.0 540.0 580.0 640.0 140.0 620.0 620.0 620.0 140.0 600.0 660.0 520.0 120.0 620.0 580.0 660.0 620.0 600.0 660.0 600.0 620.0 200.0 700.0 120.0 620.0 620.0 580.0 620.0 620.0 640.0 620.0 640.0 640.0 660.0 600.0 640.0 620.0 600.0 620.0 180.0 560.0 600.0 620.0 560.0 580.0 600.0 700.0 700.0 640.0 580.0 600.0 600.0 620.0 620.0 580.0 0.0 600.0 660.0 680.0 580.0 660.0 620.0 640.0 120.0 620.0 660.0 600.0 640.0 520.0 120.0 560.0 660.0 680.0 100.0 160.0 600.0 640.0 660.0 640.0 600.0
0.0 700.0 660.0 700.0 60.0 620.0 720.0 620.0 120.0 640.0 700.0 640.0 680.0 140.0 680.0 700.0 640.0 640.0 660.0 680.0 560.0 680.0 640.0 620.0 660.0 660.0 620.0 660.0 640.0 600.0 620.0 660.0 600.0 660.0 600.0 620.0 580.0 640.0 640.0 680.0 600.0 600.0 700.0 180.0 600.0 620.0 680.0 620.0 600.0 620.0 620.0 640.0 100.0 160.0 580.0 620.0 180.0 180.0 640.0 640.0 700.0 620.0 620.0 640.0 600.0 100.0 660.0 220.0 700.0 240.0 100.0 140.0 640.0 640.0 640.0 660.0 620.0 0.0 720.0 700.0 660.0 660.0 180.0 600.0 580.0 620.0 600.0 620.0 560.0 620.0 680.0 620.0 600.0 680.0 640.0 700.0 620.0 200.0 600.0 680.0 160.0
0.0 240.0 680.0 680.0 620.0 600.0 700.0 620.0 620.0 660.0 660.0 660.0 220.0 600.0 140.0 160.0 600.0 620.0 700.0 700.0 580.0 660.0 100.0 620.0 640.0 580.0 160.0 640.0 640.0 660.0 640.0 140.0 620.0 660.0 620.0 640.0 680.0 540.0 640.0 680.0 640.0 620.0 680.0 660.0 640.0 600.0 120.0 620.0 580.0 540.0 600.0 160.0 640.0 620.0 640.0 620.0 620.0 660.0 660.0 640.0 680.0 640.0 600.0 120.0 120.0 600.0 600.0 660.0 720.0 680.0 660.0 640.0 160.0 580.0 640.0 600.0 620.0 620.0 0.0 140.0 620.0 680.0 580.0 640.0 620.0 100.0 660.0 520.0 120.0 620.0 620.0 660.0 600.0 660.0 660.0 680.0 620.0 700.0 660.0 640.0 620.0
0.0 180.0 660.0 580.0 640.0 580.0 580.0 620.0 600.0 600.0 680.0 620.0 180.0 600.0 140.0 160.0 620.0 580.0 640.0 660.0 540.0 620.0 100.0 600.0 640.0 640.0 100.0 620.0 620.0 620.0 600.0 140.0 560.0 640.0 660.0 560.0 640.0 600.0 640.0 640.0 580.0 580.0 680.0 660.0 620.0 520.0 80.0 580.0 600.0 540.0 540.0 160.0 580.0 560.0 660.0 600.0 640.0 600.0 640.0 600.0 680.0 600.0 580.0 80.0 120.0 580.0 620.0 520.0 660.0 640.0 600.0 600.0 120.0 620.0 620.0 620.0 620.0 600.0 80.0 0.0 600.0 640.0 580.0 580.0 560.0 100.0 560.0 580.0 40.0 620.0 660.0 600.0 660.0 660.0 620.0 600.0 600.0 660.0 660.0 600.0 600.0
0.0 740.0 200.0 180.0 620.0 640.0 720.0 620.0 680.0 660.0 700.0 160.0 680.0 640.0 640.0 660.0 660.0 680.0 700.0 700.0 620.0 640.0 640.0 680.0 640.0 640.0 680.0 680.0 140.0 660.0 80.0 640.0 640.0 660.0 140.0 580.0 160.0 600.0 660.0 140.0 140.0 640.0 700.0 640.0 660.0 620.0 560.0 560.0 660.0 580.0 640.0 700.0 660.0 620.0 140.0 620.0 640.0 680.0 200.0 660.0 680.0 180.0 640.0 680.0 660.0 620.0 640.0 720.0 740.0 740.0 680.0 640.0 600.0 660.0 660.0 620.0 640.0 580.0 600.0 700.0 0.0 580.0 640.0 560.0 660.0 620.0 640.0 580.0 620.0 140.0 640.0 660.0 160.0 660.0 580.0 700.0 600.0 720.0 120.0 660.0 660.0
0.0 700.0 660.0 700.0 680.0 620.0 700.0 660.0 700.0 640.0 740.0 660.0 600.0 660.0 720.0 660.0 660.0 700.0 260.0 720.0 660.0 740.0 660.0 120.0 160.0 620.0 600.0 700.0 620.0 680.0 660.0 660.0 600.0 680.0 680.0 640.0 640.0 620.0 180.0 680.0 600.0 160.0 680.0 560.0 700.0 160.0 700.0 640.0 160.0 120.0 660.0 660.0 600.0 680.0 680.0 620.0 660.0 660.0 680.0 140.0 700.0 640.0 120.0 680.0 660.0 640.0 640.0 720.0 740.0 740.0 640.0 640.0 640.0 160.0 160.0 140.0 620.0 660.0 720.0 720.0 660.0 0.0 660.0 200.0 680.0 680.0 560.0 620.0 700.0 620.0 660.0 140.0 680.0 700.0 680.0 720.0 620.0 700.0 540.0 180.0 600.0
0.0 660.0 600.0 600.0 100.0 540.0 620.0 540.0 100.0 580.0 600.0 620.0 640.0 20.0 660.0 600.0 600.0 620.0 680.0 660.0 580.0 660.0 520.0 580.0 560.0 600.0 640.0 620.0 560.0 600.0 600.0 580.0 560.0 640.0 600.0 560.0 620.0 580.0 600.0 640.0 620.0 600.0 600.0 180.0 600.0 580.0 600.0 540.0 580.0 560.0 600.0 580.0 120.0 100.0 580.0 540.0 120.0 100.0 580.0 560.0 620.0 600.0 540.0 600.0 540.0 80.0 560.0 80.0 680.0 120.0 80.0 100.0 580.0 620.0 600.0 560.0 540.0 60.0 640.0 560.0 540.0 620.0 0.0 600.0 620.0 520.0 600.0 560.0 580.0 540.0 580.0 600.0 580.0 580.0 580.0 620.0 600.0 120.0 580.0 600.0 140.0
0.0 680.0 680.0 700.0 620.0 620.0 660.0 660.0 660.0 640.0 720.0 660.0 680.0 640.0 700.0 660.0 640.0 680.0 200.0 660.0 600.0 580.0 640.0 160.0 80.0 660.0 680.0 620.0 660.0 600.0 520.0 660.0 600.0 680.0 600.0 660.0 620.0 620.0 160.0 580.0 620.0 80.0 700.0 660.0 600.0 180.0 680.0 660.0 120.0 120.0 680.0 640.0 660.0 660.0 580.0 640.0 680.0 680.0 640.0 100.0 700.0 620.0 140.0 680.0 600.0 600.0 640.0 700.0 680.0 720.0 640.0 640.0 640.0 160.0 160.0 100.0 620.0 680.0 700.0 680.0 660.0 100.0 620.0 0.0 640.0 660.0 620.0 600.0 680.0 620.0 620.0 120.0 640.0 700.0 660.0 680.0 540.0 660.0 580.0 140.0 660.0
0.0 700.0 700.0 660.0 640.0 100.0 680.0 160.0 640.0 640.0 220.0 580.0 700.0 640.0 700.0 660.0 160.0 180.0 580.0 620.0 120.0 600.0 640.0 620.0 580.0 160.0 680.0 620.0 580.0 120.0 540.0 620.0 600.0 140.0 620.0 620.0 640.0 640.0 640.0 600.0 620.0 580.0 200.0 660.0 120.0 580.0 660.0 600.0 620.0 620.0 600.0 660.0 660.0 620.0 600.0 600.0 620.0 700.0 600.0 620.0 140.0 560.0 600.0 600.0 620.0 620.0 640.0 680.0 680.0 720.0 660.0 660.0 640.0 660.0 660.0 600.0 140.0 620.0 700.0 660.0 640.0 600.0 620.0 520.0 0.0 640.0 620.0 620.0 660.0 620.0 120.0 640.0 660.0 700.0 140.0 160.0 540.0 680.0 600.0 660.0 660.0
0.0 140.0 580.0 600.0 620.0 620.0 660.0 520.0 620.0 580.0 580.0 600.0 180.0 520.0 180.0 100.0 600.0 600.0 700.0 680.0 600.0 640.0 40.0 600.0 580.0 580.0 140.0 620.0 560.0 600.0 600.0 140.0 540.0 620.0 600.0 580.0 660.0 640.0 600.0 620.0 620.0 600.0 580.0 660.0 600.0 640.0 100.0 560.0 600.0 580.0 660.0 100.0 640.0 620.0 580.0 620.0 600.0 600.0 600.0 600.0 660.0 580.0 620.0 100.0 60.0 600.0 540.0 680.0 660.0 620.0 580.0 620.0 100.0 640.0 580.0 560.0 520.0 580.0 160.0 160.0 600.0 660.0 600.0 640.0 640.0 0.0 600.0 600.0 140.0 520.0 600.0 560.0 620.0 560.0 600.0 600.0 620.0 640.0 600.0 620.0 620.0
0.0 720.0 720.0 720.0 660.0 680.0 200.0 660.0 720.0 160.0 740.0 680.0 680.0 660.0 740.0 680.0 660.0 720.0 720.0 220.0 660.0 260.0 660.0 680.0 680.0 700.0 600.0 220.0 660.0 680.0 680.0 720.0 120.0 660.0 680.0 180.0 700.0 160.0 700.0 740.0 680.0 640.0 620.0 700.0 700.0 700.0 700.0 160.0 660.0 700.0 140.0 720.0 680.0 660.0 700.0 180.0 680.0 720.0 700.0 700.0 760.0 660.0 660.0 660.0 680.0 680.0 180.0 720.0 260.0 740.0 660.0 640.0 640.0 640.0 680.0 620.0 680.0 620.0 720.0 700.0 680.0 720.0 640.0 700.0 680.0 660.0 0.0 180.0 680.0 680.0 640.0 660.0 720.0 220.0 700.0 700.0 60.0 740.0 700.0 680.0 680.0
0.0 700.0 660.0 660.0 600.0 580.0 200.0 600.0 600.0 140.0 640.0 640.0 700.0 580.0 600.0 640.0 600.0 600.0 680.0 200.0 620.0 140.0 580.0 620.0 620.0 560.0 640.0 140.0 620.0 640.0 640.0 620.0 120.0 640.0 640.0 120.0 660.0 40.0 620.0 680.0 620.0 640.0 660.0 640.0 640.0 560.0 600.0 120.0 620.0 520.0 100.0 640.0 620.0 600.0 640.0 100.0 600.0 620.0 640.0 620.0 660.0 620.0 600.0 600.0 600.0 580.0 120.0 640.0 220.0 660.0 640.0 620.0 640.0 640.0 620.0 580.0 600.0 600.0 680.0 620.0 600.0 660.0 560.0 640.0 640.0 580.0 160.0 0.0 640.0 600.0 600.0 660.0 580.0 140.0 640.0 660.0 160.0 680.0 640.0 620.0 640.0
0.0 160.0 640.0 680.0 620.0 600.0 660.0 640.0 640.0 580.0 700.0 600.0 180.0 640.0 140.0 160.0 600.0 680.0 620.0 660.0 520.0 620.0 160.0 600.0 620.0 660.0 80.0 640.0 600.0 640.0 560.0 140.0 540.0 620.0 640.0 580.0 660.0 620.0 620.0 640.0 600.0 620.0 680.0 660.0 600.0 600.0 140.0 560.0 620.0 600.0 620.0 160.0 560.0 620.0 640.0 620.0 640.0 640.0 620.0 620.0 680.0 580.0 600.0 140.0 120.0 560.0 620.0 680.0 720.0 720.0 600.0 580.0 100.0 600.0 600.0 640.0 620.0 580.0 180.0 160.0 660.0 640.0 660.0 560.0 540.0 120.0 560.0 600.0 0.0 620.0 660.0 580.0 660.0 680.0 600.0 680.0 580.0 660.0 640.0 640.0 600.0
0.0 640.0 140.0 140.0 640.0 620.0 660.0 640.0 660.0 580.0 680.0 100.0 680.0 620.0 680.0 660.0 580.0 660.0 700.0 700.0 620.0 700.0 560.0 600.0 640.0 640.0 620.0 620.0 140.0 640.0 100.0 660.0 540.0 620.0 120.0 600.0 180.0 640.0 600.0 180.0 100.0 620.0 700.0 720.0 620.0 640.0 620.0 580.0 620.0 620.0 660.0 620.0 660.0 640.0 160.0 620.0 640.0 620.0 120.0 640.0 700.0 80.0 600.0 620.0 580.0 580.0 600.0 700.0 720.0 640.0 580.0 620.0 620.0 640.0 620.0 600.0 520.0 600.0 680.0 680.0 100.0 660.0 620.0 640.0 640.0 620.0 660.0 620.0 660.0 0.0 620.0 560.0 160.0 680.0 620.0 660.0 620.0 660.0 160.0 640.0 620.0
0.0 660.0 600.0 600.0 600.0 40.0 640.0 40.0 600.0 580.0 100.0 620.0 660.0 520.0 660.0 620.0 100.0 120.0 680.0 660.0 60.0 660.0 520.0 600.0 560.0 100.0 620.0 620.0 560.0 100.0 540.0 580.0 560.0 140.0 600.0 560.0 620.0 580.0 600.0 640.0 620.0 600.0 120.0 680.0 100.0 580.0 600.0 560.0 600.0 560.0 600.0 580.0 600.0 600.0 580.0 540.0 620.0 600.0 580.0 580.0 120.0 600.0 540.0 620.0 540.0 580.0 560.0 600.0 680.0 620.0 580.0 600.0 580.0 620.0 600.0 560.0 60.0 580.0 640.0 560.0 540.0 620.0 520.0 600.0 100.0 540.0 600.0 560.0 560.0 560.0 0.0 600.0 580.0 580.0 80.0 120.0 560.0 620.0 580.0 600.0 640.0
0.0 580.0 580.0 660.0 600.0 600.0 600.0 580.0 620.0 560.0 640.0 620.0 620.0 600.0 660.0 640.0 540.0 600.0 160.0 640.0 600.0 640.0 600.0 40.0 100.0 580.0 640.0 580.0 580.0 600.0 600.0 640.0 580.0 560.0 560.0 600.0 640.0 580.0 60.0 620.0 580.0 60.0 640.0 660.0 580.0 80.0 580.0 600.0 140.0 100.0 600.0 600.0 640.0 620.0 600.0 600.0 620.0 560.0 640.0 120.0 680.0 600.0 100.0 600.0 620.0 520.0 540.0 640.0 660.0 680.0 520.0 560.0 620.0 80.0 80.0 100.0 560.0 560.0 620.0 660.0 600.0 120.0 620.0 100.0 580.0 580.0 620.0 580.0 600.0 560.0 620.0 0.0 600.0 620.0 640.0 640.0 580.0 660.0 600.0 140.0 560.0
0.0 680.0 160.0 180.0 600.0 600.0 680.0 620.0 540.0 620.0 700.0 120.0 700.0 620.0 600.0 700.0 620.0 660.0 660.0 640.0 640.0 700.0 600.0 540.0 600.0 640.0 640.0 660.0 100.0 640.0 140.0 640.0 580.0 620.0 60.0 640.0 140.0 620.0 580.0 160.0 120.0 560.0 680.0 600.0 640.0 580.0 660.0 640.0 660.0 620.0 600.0 660.0 680.0 620.0 120.0 620.0 600.0 680.0 140.0 600.0 680.0 100.0 640.0 660.0 620.0 560.0 620.0 680.0 660.0 660.0 620.0 600.0 660.0 600.0 600.0 640.0 560.0 640.0 660.0 660.0 100.0 660.0 660.0 620.0 600.0 680.0 640.0 620.0 660.0 60.0 660.0 620.0 0.0 660.0 660.0 660.0 640.0 700.0 120.0 680.0 620.0
0.0 740.0 720.0 700.0 660.0 660.0 240.0 660.0 600.0 140.0 720.0 640.0 700.0 620.0 660.0 700.0 680.0 720.0 740.0 240.0 660.0 180.0 640.0 700.0 660.0 700.0 640.0 140.0 580.0 680.0 620.0 680.0 140.0 640.0 680.0 120.0 700.0 160.0 700.0 620.0 660.0 660.0 660.0 700.0 700.0 660.0 620.0 100.0 680.0 640.0 180.0 680.0 700.0 660.0 680.0 160.0 660.0 700.0 680.0 680.0 720.0 680.0 640.0 680.0 660.0 660.0 180.0 700.0 260.0 720.0 680.0 660.0 640.0 680.0 560.0 660.0 620.0 620.0 660.0 680.0 560.0 640.0 620.0 620.0 660.0 640.0 40.0 140.0 660.0 620.0 620.0 660.0 700.0 0.0 640.0 720.0 100.0 720.0 660.0 700.0 660.0
0.0 680.0 680.0 620.0 660.0 160.0 720.0 160.0 640.0 620.0 240.0 640.0 720.0 580.0 660.0 680.0 140.0 180.0 740.0 680.0 160.0 700.0 580.0 640.0 620.0 160.0 680.0 680.0 600.0 160.0 640.0 700.0 580.0 160.0 660.0 620.0 680.0 640.0 580.0 640.0 660.0 660.0 220.0 740.0 160.0 680.0 660.0 600.0 660.0 620.0 700.0 640.0 680.0 660.0 640.0 660.0 600.0 620.0 640.0 660.0 220.0 620.0 660.0 660.0 600.0 640.0 660.0 700.0 740.0 660.0 620.0 660.0 640.0 620.0 600.0 620.0 60.0 620.0 660.0 700.0 640.0 700.0 660.0 680.0 180.0 660.0 660.0 620.0 680.0 560.0 140.0 600.0 640.0 700.0 0.0 200.0 660.0 700.0 640.0 660.0 660.0
0.0 740.0 700.0 680.0 700.0 140.0 600.0 180.0 620.0 680.0 260.0 700.0 720.0 680.0 680.0 700.0 160.0 160.0 700.0 680.0 120.0 700.0 660.0 640.0 680.0 140.0 680.0 700.0 660.0 180.0 680.0 680.0 640.0 220.0 700.0 700.0 620.0 660.0 680.0 700.0 660.0 600.0 200.0 580.0 200.0 680.0 660.0 680.0 660.0 660.0 680.0 700.0 660.0 680.0 700.0 660.0 660.0 680.0 720.0 680.0 220.0 680.0 660.0 660.0 680.0 640.0 660.0 720.0 760.0 600.0 660.0 680.0 700.0 660.0 660.0 640.0 120.0 660.0 720.0 720.0 700.0 720.0 660.0 680.0 160.0 680.0 720.0 660.0 680.0 600.0 160.0 660.0 720.0 720.0 220.0 0.0 700.0 740.0 700.0 660.0 640.0
0.0 680.0 660.0 680.0 680.0 640.0 200.0 620.0 680.0 100.0 700.0 620.0 720.0 600.0 720.0 620.0 620.0 700.0 720.0 160.0 600.0 220.0 620.0 620.0 660.0 660.0 660.0 160.0 640.0 640.0 640.0 680.0 80.0 660.0 640.0 140.0 660.0 160.0 640.0 680.0 640.0 580.0 700.0 640.0 660.0 660.0 660.0 140.0 600.0 640.0 180.0 680.0 640.0 640.0 660.0 140.0 680.0 660.0 640.0 660.0 720.0 600.0 620.0 660.0 640.0 620.0 140.0 680.0 240.0 700.0 620.0 640.0 660.0 660.0 640.0 560.0 640.0 640.0 680.0 660.0 640.0 700.0 600.0 660.0 640.0 620.0 200.0 160.0 640.0 640.0 600.0 600.0 680.0 180.0 640.0 640.0 0.0 680.0 660.0 620.0 660.0
0.0 640.0 660.0 640.0 160.0 560.0 540.0 640.0 140.0 660.0 720.0 660.0 640.0 140.0 600.0 700.0 660.0 680.0 660.0 700.0 620.0 720.0 640.0 560.0 620.0 640.0 600.0 660.0 560.0 660.0 640.0 620.0 620.0 700.0 660.0 600.0 660.0 600.0 680.0 640.0 660.0 660.0 680.0 180.0 620.0 600.0 600.0 600.0 600.0 580.0 620.0 680.0 80.0 160.0 640.0 640.0 100.0 160.0 680.0 660.0 640.0 620.0 640.0 680.0 640.0 160.0 660.0 200.0 720.0 220.0 160.0 140.0 640.0 660.0 580.0 660.0 600.0 120.0 700.0 680.0 660.0 680.0 120.0 660.0 640.0 640.0 660.0 580.0 660.0 580.0 620.0 640.0 660.0 680.0 620.0 700.0 640.0 0.0 640.0 680.0 200.0
0.0 680.0 140.0 220.0 680.0 660.0 700.0 680.0 680.0 600.0 720.0 140.0 700.0 680.0 720.0 640.0 620.0 700.0 740.0 740.0 680.0 740.0 680.0 640.0 680.0 680.0 620.0 660.0 140.0 680.0 140.0 700.0 580.0 660.0 160.0 680.0 220.0 680.0 640.0 160.0 140.0 660.0 660.0 720.0 660.0 680.0 680.0 680.0 680.0 640.0 660.0 640.0 720.0 700.0 200.0 660.0 680.0 660.0 160.0 680.0 740.0 120.0 660.0 660.0 700.0 620.0 640.0 740.0 720.0 760.0 620.0 660.0 640.0 680.0 640.0 660.0 660.0 660.0 700.0 720.0 200.0 720.0 660.0 680.0 680.0 660.0 540.0 660.0 700.0 160.0 660.0 600.0 200.0 720.0 700.0 700.0 580.0 700.0 0.0 700.0 660.0
0.0 700.0 620.0 640.0 640.0 560.0 660.0 600.0 640.0 600.0 660.0 660.0 660.0 600.0 660.0 620.0 620.0 640.0 100.0 640.0 560.0 680.0 600.0 80.0 120.0 600.0 620.0 620.0 600.0 520.0 620.0 600.0 600.0 620.0 620.0 540.0 540.0 580.0 100.0 660.0 540.0 60.0 660.0 640.0 640.0 120.0 620.0 620.0 80.0 60.0 640.0 620.0 660.0 540.0 620.0 560.0 620.0 660.0 640.0 80.0 640.0 640.0 60.0 640.0 600.0 580.0 600.0 640.0 700.0 680.0 560.0 600.0 640.0 120.0 100.0 100.0 600.0 600.0 660.0 620.0 560.0 120.0 620.0 120.0 600.0 580.0 640.0 560.0 640.0 600.0 620.0 140.0 620.0 620.0 640.0 660.0 640.0 640.0 620.0 0.0 620.0
0.0 680.0 640.0 620.0 120.0 520.0 640.0 560.0 140.0 640.0 660.0 660.0 640.0 100.0 620.0 640.0 600.0 620.0 660.0 640.0 620.0 660.0 560.0 600.0 580.0 580.0 660.0 620.0 620.0 620.0 560.0 580.0 620.0 660.0 620.0 600.0 600.0 540.0 600.0 660.0 520.0 560.0 660.0 160.0 620.0 580.0 620.0 600.0 620.0 520.0 600.0 620.0 140.0 100.0 600.0 540.0 100.0 140.0 620.0 540.0 620.0 640.0 520.0 620.0 580.0 100.0 580.0 160.0 660.0 160.0 120.0 120.0 620.0 620.0 620.0 580.0 600.0 120.0 680.0 640.0 580.0 660.0 100.0 640.0 640.0 600.0 620.0 520.0 620.0 600.0 600.0 620.0 600.0 600.0 620.0 660.0 580.0 120.0 600.0 620.0 0.0
OUTSOURCING_COST
448 990 1620 70 840 1008 1674 672 528 520 608 1008 1206 574 272 1224 684 1328 800 240 864 1020 1200 20 1940 742 1476 126 520 1060 1264 1080 64 816 238 550 126 320 120 640 1216 110 1296 80 544 1242 1218 1116 1700 660 1340 1148 1840 300 1224 1332 1080 608 1240 776 1368 1140 1232 1584 204 1620 684 1560 1008 450 1422 522 324 312 960 592 486 664 630 1600 1494 1800 1552 594 1530 192 304 936 352 432 200 594 12 804 432 360 414 1032 1120 1820
OUTSOURCING_TARIFF
3
0.000000000 4000.000000000 1.000000000 0.000000000
4000.000000000 8000.000000000 0.850000000 600.000000000
8000.000000000 84907.000000000 0.700000000 1800.000000000
