80 3
512 12885 16187 1 7
1485 1948 5432 5 1
1539 7863 12377 10 9
175 6875 11077 4 5
1440 7607 11017 7 1
1764 5882 9518 5 6
1674 11441 14959 9 6
896 5973 9295 6 3
924 7175 11425 6 4
416 5119 9665 10 2
836 4159 7945 3 8
840 13371 16629 9 8
1139 3201 7067 5 9
697 6597 11387 2 7
408 3658 8258 2 8
1700 2965 7515 5 9
1425 4662 8494 6 3
1992 6519 10401 8 8
1700 6653 11343 4 4
408 11084 15436 5 4
864 3442 8150 4 8
1615 10094 14006 5 6
1440 11280 15168 10 5
18 6949 11581 4 10
1940 10427 14821 10 7
1007 5104 9386 7 2
1968 3974 7986 8 9
207 2233 5791 7 3
572 7442 10766 5 10
1007 3383 8017 2 10
1185 5760 9972 8 6
1242 8813 12131 2 10
136 7624 11976 4 3
1564 6972 11658 5 6
272 11875 15495 7 4
1265 3058 7742 1 5
154 10786 15464 9 1
512 2934 7646 2 5
180 1325 5575 5 5
1360 9245 12905 4 1
1596 3848 7780 8 8
165 5634 10410 5 5
2025 6353 10887 8 3
84 7263 10881 10 5
816 11585 15651 8 2
1656 10609 14823 7 9
2088 7810 12254 2 7
1054 3053 6787 9 4
1445 11738 15850 10 7
935 3659 8059 6 3
1407 6547 11213 9 10
1394 11153 15047 2 7
1656 5570 10150 10 5
330 10208 14472 10 2
1360 5131 9819 9 3
1184 3651 7705 2 9
1080 6004 9484 5 9
608 4872 9060 8 5
1178 6079 9633 10 9
1940 8355 12095 3 4
1292 8817 12895 2 9
1805 5950 9282 6 4
1463 5615 8875 8 6
1848 4437 8667 7 9
340 6016 10508 6 1
1980 3737 8103 5 9
608 7863 12537 6 9
1482 2523 6623 9 10
1260 9715 13829 8 4
375 11282 15910 7 9
1501 6906 11598 9 5
725 6613 10707 9 2
306 5365 9515 9 5
936 2537 6583 3 4
1020 4939 8421 8 6
666 8315 12205 8 1
459 3445 7835 9 1
1411 6484 11096 3 4
665 4448 7972 9 9
1800 4252 8628 8 7
SETUP
0 78 98 59 137 156 156 137 59 117 59 117 78 98 117 195 117 78 156 156 137 78 117 117 78 78 156 78 137 117 156 117 176 98 195 176 117 176 156 117 39 137 117 137 98 78 117 117 117 156 98 156 137 156 137 98 117 137 78 137 137 117 137 98 137 137 156 78 78 98 78 117 215 156 117 117 78 176 117 98 137
0 0 546 682 624 663 604 604 604 624 78 624 643 624 546 643 565 624 98 624 604 604 59 624 643 546 643 604 585 117 604 117 624 585 643 624 624 624 624 565 604 604 585 565 98 624 565 98 585 585 565 585 98 585 78 546 546 585 507 624 624 78 565 643 643 604 117 546 585 59 624 546 663 604 137 585 137 663 643 117 604
0 643 0 721 604 624 624 78 585 604 565 624 156 624 643 624 39 643 624 585 565 585 624 624 98 20 195 624 565 604 624 643 604 624 682 702 624 702 98 604 565 78 643 663 624 604 624 604 643 624 604 604 565 643 604 624 624 643 117 156 682 624 663 643 195 565 682 98 643 526 604 137 702 682 663 546 663 137 643 624 137
0 526 565 0 604 624 604 604 78 565 585 643 526 39 565 156 565 585 624 624 98 604 565 585 624 546 604 39 585 585 117 624 117 59 643 624 643 137 624 78 565 585 98 78 624 565 585 565 604 604 78 98 585 604 604 546 565 604 526 643 604 565 585 585 585 604 604 546 526 546 604 565 663 624 565 59 546 624 565 643 604
0 546 585 721 0 682 546 624 604 604 604 137 604 624 98 682 585 156 643 643 624 137 585 604 604 565 604 604 624 604 643 624 643 565 176 663 663 663 643 604 98 624 604 604 624 137 117 546 624 624 604 624 624 624 624 78 98 137 546 663 156 624 604 663 624 117 585 585 59 585 643 604 702 137 604 604 624 682 604 663 643
0 643 565 721 663 0 137 624 643 156 624 663 682 643 643 663 604 682 682 137 624 663 663 195 624 565 663 663 137 585 663 702 663 546 643 156 195 702 643 643 624 624 643 624 663 624 643 565 195 39 682 663 643 137 682 663 663 663 643 526 643 663 195 78 624 643 682 624 624 585 156 682 156 721 682 624 663 546 137 682 604
0 526 546 702 604 156 0 585 565 78 585 624 585 585 565 643 565 624 624 117 604 604 565 78 585 546 604 585 98 585 624 624 624 546 663 137 137 624 624 565 565 585 604 585 604 624 585 507 98 98 565 604 604 98 604 546 565 604 526 643 643 604 78 137 585 604 565 546 526 546 117 565 176 604 565 565 585 643 78 643 604
0 585 117 760 624 643 565 0 624 624 624 643 137 643 624 565 117 643 604 526 604 643 585 643 117 98 176 643 624 604 546 643 604 604 702 682 585 663 39 624 624 59 624 643 643 643 624 565 624 663 604 663 585 643 585 604 585 585 78 156 624 643 643 682 137 663 624 117 585 546 663 98 682 643 624 565 643 176 643 663 156
0 624 663 254 682 740 643 663 0 682 663 721 682 176 663 137 624 721 663 604 137 643 604 682 682 624 702 156 663 682 137 721 156 156 721 740 682 176 624 156 682 682 137 176 663 624 565 604 643 702 117 176 663 663 643 663 604 585 624 624 702 643 682 663 682 643 682 546 624 643 663 604 682 663 682 137 663 721 682 682 643
0 624 624 721 682 195 117 624 663 0 585 682 682 624 663 624 624 702 624 137 663 682 565 156 663 604 721 643 156 604 663 624 682 585 682 176 156 643 585 643 663 663 624 624 643 585 624 604 117 78 604 663 663 78 604 643 585 604 624 663 682 663 176 117 702 682 663 643 624 624 137 585 195 624 682 624 663 721 59 663 624
0 117 604 663 663 624 682 624 604 682 0 702 663 565 624 663 643 702 215 643 643 624 156 663 663 604 721 643 663 137 663 156 682 643 740 663 624 721 643 643 585 663 643 604 137 585 624 176 585 643 546 702 176 663 195 643 663 663 624 643 624 195 682 624 702 643 215 624 624 117 604 663 740 702 176 643 137 643 663 215 643
0 643 643 740 195 624 624 624 663 682 663 0 643 624 137 624 663 195 682 643 546 98 643 682 663 643 721 643 546 604 663 682 682 663 156 682 643 721 624 643 156 682 663 624 682 78 117 624 682 663 663 682 682 663 682 176 137 78 643 663 176 643 604 624 702 20 663 643 137 604 565 643 682 195 682 682 643 663 663 682 604
0 585 98 682 624 604 663 98 565 663 565 643 0 526 604 643 117 565 604 624 585 585 565 624 117 98 156 526 585 663 643 624 663 643 624 663 624 643 117 604 565 137 604 624 624 546 585 643 604 643 585 663 624 624 585 604 565 624 78 137 585 643 624 565 137 585 585 98 604 624 585 78 663 624 663 624 526 117 546 643 137
0 565 604 195 624 643 643 643 59 643 546 643 663 0 585 137 624 643 663 643 98 565 604 663 624 585 702 117 604 643 137 624 156 117 702 682 604 176 624 98 546 643 117 117 604 526 565 624 624 624 78 137 643 624 643 604 604 624 565 663 565 643 624 565 682 585 663 585 624 604 565 624 721 663 663 137 585 682 604 682 624
0 585 604 702 156 624 624 643 643 663 604 156 663 624 0 643 546 78 624 604 624 59 565 604 643 585 663 624 546 585 624 565 663 546 156 643 604 643 624 526 137 643 604 585 624 78 98 585 604 546 585 624 643 546 604 59 78 117 546 643 156 604 585 604 604 98 643 565 117 585 624 565 663 117 624 624 682 663 643 643 604
0 526 565 195 604 643 507 526 78 585 585 624 585 98 565 0 565 624 585 546 117 604 526 585 585 546 604 78 604 585 59 624 117 59 643 624 604 98 546 78 585 565 78 78 585 624 585 526 565 604 39 98 604 604 565 546 526 604 526 643 643 604 585 643 585 604 565 565 526 546 604 546 643 585 585 78 585 663 585 604 624
0 643 117 740 663 663 663 176 643 702 643 702 176 624 624 663 0 624 663 682 565 663 682 604 176 117 215 682 585 624 682 702 643 604 643 721 682 721 137 643 643 176 702 663 702 585 682 624 702 604 682 565 643 643 663 663 682 663 137 195 682 624 643 604 195 565 682 137 682 643 585 195 702 721 643 663 682 117 702 702 137
0 526 565 643 137 682 604 604 624 643 585 137 643 643 59 663 585 0 624 624 604 117 565 624 624 546 604 624 604 624 624 624 643 604 156 624 643 624 624 585 117 604 604 585 624 137 78 624 604 604 565 604 624 604 604 59 59 98 526 643 137 604 585 643 585 117 643 565 98 565 643 565 682 117 643 585 663 682 643 643 624
0 137 546 721 604 682 624 624 585 643 78 682 682 643 682 682 585 643 0 624 604 604 176 546 643 546 682 643 624 137 663 156 624 624 721 740 643 624 643 624 585 604 643 682 137 663 643 137 663 643 624 643 117 663 137 663 663 663 643 643 682 137 643 682 702 624 176 624 643 78 624 682 682 721 78 604 195 682 663 176 663
0 565 604 740 604 195 59 565 604 117 624 624 624 624 604 546 604 624 624 0 643 643 565 117 604 585 643 624 137 624 526 663 663 585 682 176 137 643 526 624 624 604 604 624 624 663 604 546 117 137 585 643 565 137 604 585 565 565 565 643 604 624 117 176 624 643 604 604 565 585 137 585 195 624 624 546 624 682 137 643 624
0 624 624 215 682 604 604 604 137 663 643 682 663 98 663 98 624 702 663 624 0 663 624 663 643 624 702 156 526 624 156 702 156 137 624 663 624 195 643 156 624 663 137 117 663 565 643 604 663 643 137 195 663 643 663 643 624 643 624 624 663 682 682 585 682 682 624 624 624 585 663 624 682 663 663 156 682 643 682 702 585
0 682 682 721 195 682 682 624 585 702 585 176 702 643 195 682 702 156 702 643 663 0 682 721 663 682 721 643 624 663 663 663 663 682 234 740 546 740 643 663 78 663 663 682 643 156 137 663 663 682 624 740 682 682 682 195 195 176 682 702 98 740 721 682 740 195 721 624 195 604 565 682 760 215 740 663 624 702 682 740 624
0 78 604 740 624 721 604 663 643 682 137 643 682 682 604 702 624 663 59 682 643 663 0 604 624 604 702 663 624 156 663 156 663 624 702 682 682 682 682 624 624 663 643 624 156 663 624 117 643 624 624 643 98 643 39 604 604 643 565 682 682 117 624 682 682 663 156 604 624 117 585 624 643 663 137 565 195 721 682 176 624
0 604 565 702 565 156 98 624 565 156 546 682 663 604 643 682 585 682 663 137 624 585 643 0 643 565 663 624 137 624 663 624 643 624 721 195 117 624 663 663 546 624 624 643 604 624 624 604 117 117 585 643 624 195 643 643 643 624 604 663 663 624 98 156 663 624 643 585 604 585 98 643 176 682 546 604 663 682 137 682 643
0 624 156 740 682 663 643 156 624 702 624 546 78 585 643 643 137 624 663 663 565 624 624 682 0 117 176 565 565 585 682 682 682 682 682 721 663 682 137 663 624 176 663 663 682 604 624 643 663 682 643 702 682 682 643 663 624 604 137 59 604 682 643 624 195 546 643 156 663 624 585 137 702 663 702 663 585 176 604 702 137
0 643 117 721 604 624 624 78 585 682 565 624 156 624 643 624 39 643 624 585 585 585 624 624 98 0 195 624 604 604 624 643 604 624 682 702 624 702 98 604 565 78 643 663 624 604 624 604 643 624 604 604 565 643 604 624 624 643 117 156 682 624 663 624 195 565 682 98 643 526 604 137 702 682 663 546 663 137 663 702 156
0 604 98 740 624 624 624 137 624 663 604 643 156 643 565 663 117 624 624 643 643 624 565 624 117 98 0 546 604 604 663 624 643 585 663 643 643 643 137 585 624 137 507 585 526 624 585 604 604 604 585 585 585 624 604 565 565 604 39 137 585 604 585 663 156 663 643 59 604 585 643 78 682 624 643 624 604 156 565 643 117
0 604 624 215 663 604 643 643 156 702 565 682 702 117 643 156 624 682 604 663 176 682 546 643 663 624 721 0 565 643 176 682 195 137 682 682 643 137 643 137 643 682 98 137 624 604 663 663 604 643 78 195 624 663 585 624 565 682 604 624 682 663 663 643 682 682 643 643 663 624 624 565 643 604 682 117 682 624 546 643 624
0 643 643 760 663 176 176 682 624 156 624 663 682 585 663 663 624 682 663 195 624 643 682 156 624 643 740 682 0 604 663 702 643 682 624 195 195 702 643 643 624 702 663 643 682 546 643 643 176 195 663 682 643 137 643 663 682 643 643 682 643 682 195 78 702 663 624 624 663 565 156 682 156 682 682 682 663 702 195 740 682
0 176 682 760 643 643 682 702 702 740 195 643 682 702 682 702 663 663 137 702 604 663 176 643 624 682 740 682 624 0 740 176 624 682 740 663 702 740 721 624 682 702 702 682 215 663 702 117 682 682 682 721 137 663 137 663 663 721 643 682 721 98 682 682 740 663 117 663 682 59 663 682 721 721 195 663 137 682 702 195 682
0 624 585 254 565 702 604 624 156 663 624 604 624 137 643 98 604 663 682 624 137 643 624 663 565 585 663 117 643 643 0 682 156 137 740 663 624 137 565 156 643 604 137 98 643 663 565 604 663 682 137 176 546 663 663 643 624 546 624 624 663 604 663 682 682 624 643 643 604 604 643 624 702 682 663 20 624 702 643 702 604
0 156 682 643 702 740 702 702 643 702 137 721 643 604 663 682 682 643 215 721 682 663 176 702 702 663 721 663 702 195 740 0 740 663 721 760 702 663 663 682 624 721 702 702 195 624 643 176 702 702 682 721 215 702 195 682 682 624 643 740 663 195 702 643 702 682 234 663 643 176 663 682 721 721 195 682 156 740 663 254 702
0 604 565 195 546 624 585 624 137 643 604 585 624 117 565 137 546 643 565 604 117 624 565 585 565 565 643 117 546 624 137 565 0 117 663 643 604 137 624 20 624 585 98 78 624 585 585 585 604 624 78 117 526 546 546 565 565 624 546 604 643 604 585 604 663 604 624 565 585 585 624 565 624 604 624 59 624 663 643 643 624
0 604 643 254 663 682 604 643 156 663 643 682 663 156 624 137 643 682 682 604 98 663 624 643 663 624 682 137 604 546 117 663 137 0 702 682 702 156 604 117 663 682 117 156 624 624 663 546 682 643 137 117 643 643 663 643 624 663 604 702 604 624 663 643 682 682 643 643 604 585 682 643 721 682 663 137 624 721 604 702 624
0 526 565 702 137 663 604 604 565 643 565 137 663 585 78 663 565 137 546 624 604 78 565 585 624 565 663 565 604 624 624 624 643 604 0 624 604 643 624 585 59 624 604 585 624 39 78 624 565 604 585 604 624 604 565 59 78 98 526 643 137 604 585 565 663 117 643 565 98 585 604 565 663 117 624 604 663 682 585 643 624
0 643 546 740 624 137 137 604 604 137 604 663 682 663 682 624 565 682 604 117 604 624 643 78 643 546 702 624 117 624 643 682 624 624 702 0 156 624 624 643 604 604 643 682 624 643 663 624 156 117 624 624 604 176 643 663 643 682 643 663 702 663 156 176 702 604 682 643 643 565 137 663 78 604 604 585 702 682 156 663 663
0 624 643 682 663 156 195 663 546 215 546 663 682 604 663 682 663 624 663 137 624 565 643 195 624 643 682 604 137 624 624 624 624 682 740 195 0 702 663 624 546 702 624 643 604 624 604 624 117 176 585 702 643 137 643 663 643 624 624 663 663 682 195 137 702 682 702 585 663 565 78 643 215 682 721 624 682 682 137 702 624
0 585 624 195 682 740 663 643 176 682 643 702 682 176 624 156 624 565 624 663 156 663 565 663 663 624 663 176 663 643 176 682 156 156 721 682 682 0 624 137 663 585 156 137 663 643 565 604 663 663 117 156 643 663 604 604 624 604 585 624 682 604 604 663 643 643 682 546 624 624 643 624 565 663 682 137 663 721 682 682 663
0 546 78 721 624 682 546 59 604 604 604 643 98 624 604 546 98 663 624 565 643 624 565 604 117 59 137 624 624 604 585 663 643 585 663 663 624 624 0 604 604 98 604 604 624 643 624 546 604 624 565 624 624 624 604 585 565 624 59 156 604 604 604 663 117 624 585 78 546 585 624 59 682 604 604 604 624 176 624 643 137
0 604 585 195 663 624 604 624 137 643 585 643 663 117 565 137 546 624 604 604 98 624 565 624 643 565 663 117 546 624 117 565 137 117 643 624 643 117 604 0 624 624 98 78 604 565 585 585 604 604 78 98 643 546 585 546 546 604 526 643 643 604 585 604 663 604 624 565 604 585 624 565 682 604 643 117 663 643 643 624 624
0 624 624 663 137 624 663 624 526 682 507 176 682 565 137 643 624 176 663 624 663 39 624 663 643 624 702 565 624 643 643 585 663 643 215 663 585 663 624 643 0 663 585 624 565 98 78 624 585 643 546 682 624 663 643 156 117 98 624 624 117 663 682 624 702 137 682 546 137 624 546 604 682 137 682 643 643 643 604 682 604
0 643 137 760 702 702 663 176 682 702 643 663 195 682 585 702 137 643 624 682 682 624 585 663 195 117 176 643 624 663 702 643 682 624 682 682 663 663 176 604 663 0 624 624 643 663 624 643 624 624 604 682 682 624 624 565 585 663 78 176 682 643 624 682 176 682 663 98 643 643 663 98 702 643 682 643 721 215 682 663 156
0 624 624 234 604 624 643 663 176 702 585 643 663 137 663 156 643 624 624 663 137 663 565 643 624 624 624 39 585 604 195 702 137 78 682 702 663 156 643 137 663 643 0 156 526 624 585 604 624 663 98 195 585 682 604 643 585 604 624 643 682 604 682 663 663 663 663 565 643 565 643 585 663 624 682 137 682 663 565 663 643
0 546 526 195 604 643 624 585 78 585 585 643 585 98 565 137 546 643 624 604 78 604 565 585 604 526 624 59 585 585 117 624 98 59 663 565 643 137 604 78 565 565 39 0 565 624 585 585 624 604 78 98 585 624 604 565 565 585 546 643 643 604 585 624 604 585 643 565 526 546 604 585 643 624 585 59 604 604 585 624 546
0 117 604 721 604 604 624 643 663 682 78 624 663 624 643 682 643 643 117 663 624 682 59 624 604 604 643 526 585 117 682 176 624 585 682 682 643 643 643 624 643 624 526 643 0 624 604 117 604 643 585 682 78 663 98 643 565 624 624 624 682 137 663 643 682 643 137 565 624 59 624 565 663 624 156 624 156 643 546 137 624
0 604 643 721 156 682 624 643 585 624 585 117 643 546 117 624 643 176 682 643 643 117 643 682 604 624 721 643 643 663 624 663 682 663 234 702 643 702 604 624 78 682 663 663 643 0 98 624 663 663 624 682 663 585 682 137 137 98 604 643 98 663 663 546 702 137 682 585 137 643 604 643 740 195 682 643 624 721 643 721 663
0 565 604 740 137 702 663 643 624 624 624 176 624 643 117 702 565 176 643 663 624 98 604 624 643 585 663 624 624 624 663 663 604 604 195 682 624 682 663 604 117 643 643 624 663 137 0 624 643 643 624 624 624 604 624 98 117 156 565 682 195 643 624 663 624 117 682 604 78 604 643 624 721 156 624 624 624 663 663 682 663
0 78 624 760 663 702 565 663 624 624 117 682 643 643 624 682 624 682 156 643 663 663 98 643 643 604 663 624 663 137 663 195 682 604 721 682 682 682 643 643 624 643 585 643 117 624 643 0 643 663 624 663 156 663 137 624 604 663 585 702 702 156 643 643 643 663 117 624 585 117 663 624 721 663 137 643 137 702 585 176 663
0 604 546 721 624 156 98 546 585 137 585 643 643 643 643 604 565 663 643 59 585 604 624 137 624 546 682 643 98 585 585 643 624 624 702 176 39 643 585 604 585 604 624 624 643 643 643 604 0 137 546 624 604 137 624 624 624 624 604 682 663 643 156 156 624 604 643 624 604 546 117 585 195 624 643 585 663 663 176 663 643
0 624 643 682 682 195 98 643 663 156 643 643 663 663 624 643 643 682 663 98 604 663 624 156 624 624 702 643 117 546 624 663 624 507 624 195 195 663 604 604 663 682 624 663 643 624 682 546 176 0 643 624 643 137 663 643 624 663 624 663 624 624 176 137 682 663 643 643 604 585 156 643 137 682 663 624 643 721 117 682 565
0 585 565 254 663 663 624 585 117 643 624 682 643 156 624 137 604 682 682 604 117 643 624 643 643 565 682 117 624 604 117 682 137 98 702 624 585 176 604 137 604 624 98 78 624 663 643 624 546 604 0 156 624 663 663 624 624 624 604 682 702 663 643 663 663 624 682 624 585 585 643 624 702 663 643 117 624 663 643 682 604
0 585 604 195 604 682 624 643 78 682 585 663 682 137 624 137 624 565 624 624 137 604 624 546 643 604 663 137 643 565 137 643 156 39 585 682 643 156 624 137 585 643 137 137 643 624 643 565 643 546 117 0 663 663 643 604 624 663 585 682 643 565 624 643 643 663 682 604 643 604 624 624 643 663 585 137 663 721 643 682 604
0 78 546 740 546 682 565 604 624 624 117 565 604 624 624 663 585 624 176 624 585 624 117 624 546 546 624 604 604 117 663 156 643 604 702 682 604 682 643 624 604 565 624 624 137 643 604 78 663 663 624 643 0 663 156 604 624 643 585 585 624 156 624 643 643 585 117 604 585 78 624 624 740 663 137 585 117 682 624 176 663
0 624 643 721 624 156 98 604 604 176 565 663 663 624 663 604 565 682 663 59 624 624 624 156 624 546 702 643 117 624 585 663 624 624 702 215 156 682 565 643 604 604 624 663 643 643 643 546 137 156 604 624 604 0 643 643 624 624 624 682 663 663 176 156 682 604 663 643 624 565 137 624 234 682 663 585 682 663 117 702 682
0 137 565 740 585 702 624 624 604 663 98 624 643 663 663 682 604 624 39 663 624 624 137 565 585 565 682 643 585 156 682 176 643 643 682 663 643 643 663 643 604 624 643 604 156 624 643 117 682 663 643 663 59 682 0 643 643 663 624 643 682 156 663 643 682 624 156 643 624 98 643 643 604 682 98 546 156 702 663 195 643
0 585 604 702 137 643 624 604 624 682 604 98 682 643 20 643 565 78 585 624 624 78 526 604 624 565 624 585 565 604 643 585 643 565 117 663 604 604 604 546 117 624 565 604 585 98 117 585 565 565 546 624 624 565 565 0 39 137 546 663 156 624 604 624 624 117 604 585 117 585 604 546 643 78 643 585 663 663 624 604 624
0 565 585 740 117 643 604 585 624 663 624 137 663 682 98 624 604 137 565 604 624 137 507 604 604 585 663 565 604 604 624 624 663 624 117 643 585 585 585 585 117 643 546 585 565 137 117 624 546 624 526 643 585 604 546 78 0 137 565 663 176 624 624 663 663 137 585 604 98 585 585 526 624 59 624 565 643 663 604 585 624
0 585 624 760 156 702 565 585 624 643 643 176 643 663 117 565 585 176 643 604 643 117 585 643 643 604 663 643 643 604 624 682 624 604 195 682 663 663 546 624 137 624 624 643 643 156 39 565 624 643 604 643 643 643 624 117 98 0 585 702 137 585 643 682 643 137 624 624 78 604 663 604 702 137 643 624 585 702 643 663 565
0 585 78 721 663 663 604 117 604 624 565 624 137 624 546 643 98 624 604 624 624 604 546 624 156 78 137 604 585 624 624 604 643 585 643 624 624 624 117 565 604 117 585 565 604 624 565 604 585 585 565 643 624 585 585 546 546 585 0 117 624 585 565 643 137 624 624 39 585 585 624 59 663 604 624 604 643 156 643 624 98
0 624 156 760 663 624 682 137 624 721 624 682 195 682 663 682 98 702 682 643 643 643 663 682 156 78 234 682 643 663 663 702 663 663 740 721 682 721 156 663 624 117 702 682 682 643 682 663 682 663 663 663 624 682 663 643 663 702 117 0 740 682 682 663 254 624 740 156 702 585 663 176 760 702 643 604 721 156 721 740 195
0 643 604 760 117 702 643 604 682 682 643 78 624 624 176 663 643 176 702 624 604 176 663 702 565 604 702 624 624 643 643 721 663 682 215 702 682 740 643 682 156 663 682 663 702 156 176 643 663 721 643 702 682 702 682 176 176 156 643 624 0 721 682 682 702 98 682 663 137 624 624 682 760 215 702 643 526 721 643 721 663
0 195 702 760 682 682 702 643 663 740 156 682 721 702 721 702 682 702 176 663 643 585 176 682 663 702 760 721 663 39 682 215 643 721 760 682 624 760 663 663 643 682 721 721 215 702 643 156 721 721 702 740 156 682 156 702 702 721 682 702 682 0 721 721 760 643 156 682 702 78 643 702 760 740 215 682 176 721 682 234 682
0 604 643 682 643 215 176 663 643 156 643 643 663 682 643 702 585 702 643 195 643 624 604 156 624 624 682 663 137 663 702 663 604 624 702 215 98 663 682 604 643 663 624 663 643 663 546 663 137 176 604 643 624 137 624 624 604 663 604 682 565 682 0 195 663 643 663 604 604 643 176 604 215 643 663 663 604 702 176 663 682
0 643 663 740 663 215 156 663 663 195 624 682 682 682 682 663 624 740 663 117 624 663 624 195 663 604 721 663 137 682 604 721 663 663 721 176 195 682 624 682 643 643 663 682 643 643 585 604 156 195 624 682 624 78 643 663 624 604 643 624 682 663 137 0 702 624 682 546 643 624 156 624 234 663 682 604 663 721 176 682 663
0 585 117 682 702 702 663 176 546 702 604 702 195 663 624 682 137 565 682 643 663 624 624 682 176 117 156 643 624 663 663 682 682 624 702 682 663 682 156 624 604 156 663 624 663 663 604 643 663 624 624 663 682 663 663 604 624 624 78 156 702 643 643 682 0 682 702 78 663 604 643 137 702 663 702 643 682 215 682 702 59
0 624 624 740 195 624 624 624 643 682 643 176 624 604 117 604 643 176 682 643 526 156 624 663 663 624 702 624 526 624 663 663 663 643 137 682 624 702 643 624 137 663 643 624 663 78 117 624 682 643 643 702 682 643 663 156 137 156 624 643 156 702 585 604 682 0 643 624 117 585 546 643 682 176 682 663 624 643 643 663 585
0 137 604 702 604 682 624 643 585 682 78 565 585 604 682 663 624 643 156 682 585 585 137 546 546 604 682 604 604 117 702 156 682 604 702 585 624 643 663 682 585 643 643 682 137 624 643 117 643 643 624 682 156 702 176 663 643 624 643 585 624 137 624 663 702 585 0 624 643 117 604 663 663 663 78 624 98 604 624 215 643
0 604 137 760 663 702 624 117 663 643 643 702 156 643 643 624 98 702 624 643 624 624 585 643 176 98 176 643 624 663 663 682 624 624 682 702 663 643 78 624 643 156 624 643 624 604 546 565 624 682 585 643 643 643 604 624 585 565 98 98 682 624 643 624 156 604 643 0 604 624 643 78 702 624 643 624 624 195 643 663 117
0 507 546 682 78 643 604 585 565 565 565 137 565 585 59 643 546 117 604 604 604 78 546 565 624 526 604 565 585 565 604 624 604 546 137 624 624 624 604 565 59 585 585 565 604 98 78 565 585 585 565 585 585 585 585 39 59 98 507 624 137 585 565 624 565 78 624 546 0 546 604 565 682 98 565 565 585 643 604 624 604
0 137 643 740 604 624 643 663 682 702 156 624 643 663 643 663 624 624 117 663 565 682 137 643 585 643 702 643 585 78 682 137 585 643 702 702 682 702 682 585 682 663 663 663 176 624 663 78 643 643 643 682 98 624 98 624 624 682 604 643 682 156 663 643 702 624 195 624 643 0 663 643 682 682 176 624 156 643 663 195 643
0 682 663 721 702 215 176 682 721 156 721 721 682 702 682 663 682 721 682 195 682 721 682 215 682 663 760 702 117 663 721 643 682 624 721 195 254 760 702 682 702 702 682 643 702 663 721 643 215 117 682 740 682 215 682 702 682 721 682 740 702 740 215 195 740 721 721 702 663 604 0 702 234 740 721 663 702 721 195 740 546
0 624 78 740 624 643 624 78 624 663 624 624 156 682 585 604 98 624 643 604 624 643 604 604 98 78 195 585 604 604 624 624 643 624 682 643 585 565 78 565 624 137 585 643 585 624 643 624 546 624 585 643 585 604 624 565 604 663 78 156 682 663 643 663 156 643 585 117 624 585 663 0 624 546 643 624 682 156 604 585 176
0 643 663 760 702 254 117 624 682 195 682 721 682 702 682 624 643 740 702 156 702 663 643 195 702 643 721 682 195 682 682 740 682 663 740 234 195 702 585 682 682 682 663 682 663 682 585 565 176 215 663 702 682 176 682 663 643 702 643 740 682 682 195 176 702 682 682 663 643 663 215 643 0 682 682 682 702 663 137 721 721
0 585 585 702 78 643 565 585 624 624 604 98 624 643 117 565 604 98 643 604 624 156 585 643 565 585 663 546 604 643 624 682 643 604 195 682 624 526 546 643 137 604 546 643 546 137 98 565 624 663 604 663 546 663 624 117 98 117 585 624 137 624 624 663 643 117 624 565 78 585 643 604 585 0 624 624 643 663 565 663 643
0 78 604 663 526 624 565 624 526 624 20 643 624 565 604 663 604 682 156 624 643 546 117 624 604 585 624 585 624 78 643 78 663 604 702 663 585 624 624 624 507 643 585 624 78 585 585 59 585 643 546 643 117 643 137 604 604 604 565 624 624 78 624 624 624 643 98 546 565 98 546 604 643 643 0 624 137 643 604 176 604
0 604 565 254 565 702 585 624 137 643 604 585 624 137 643 195 604 643 682 663 117 663 624 643 565 565 643 117 624 643 176 682 156 117 721 702 624 195 663 156 624 604 137 156 663 663 624 585 663 682 137 156 526 682 663 624 624 663 604 624 663 663 643 663 663 604 643 624 604 604 643 624 740 663 643 0 624 702 643 682 682
0 156 585 760 682 682 643 585 643 682 117 663 682 663 663 643 624 721 176 604 585 663 156 702 624 585 740 682 585 176 624 195 643 682 702 740 663 721 624 643 643 624 702 682 195 624 682 137 682 702 663 682 156 682 156 682 663 663 663 682 702 195 643 663 721 565 195 682 663 117 585 663 740 702 195 624 0 702 702 195 643
0 604 39 740 624 663 663 98 604 643 604 624 156 624 643 663 78 682 663 624 585 624 643 663 98 39 137 643 604 624 643 663 624 624 702 643 663 702 137 643 604 98 624 585 624 585 663 643 682 643 643 624 604 663 643 624 643 643 98 156 682 663 663 604 156 604 702 137 604 565 624 156 682 682 663 585 663 0 663 663 117
0 585 604 682 643 156 117 624 624 176 546 663 682 604 624 643 604 663 585 137 663 643 526 117 624 604 682 604 117 624 643 643 682 643 643 156 117 604 604 604 624 663 565 604 585 624 643 624 78 137 546 663 604 137 565 604 546 663 585 682 643 643 137 137 643 663 604 624 624 624 98 546 156 585 643 585 663 682 0 604 585
0 137 643 740 663 663 682 702 643 740 137 663 702 682 682 682 663 624 117 682 624 663 176 604 643 643 702 682 643 20 682 195 624 604 643 663 702 702 682 643 643 702 702 682 195 682 702 117 682 585 682 565 137 663 137 663 682 721 643 682 702 117 682 702 702 682 137 663 682 59 682 682 702 721 137 663 156 702 682 0 643
0 624 117 760 663 663 663 176 682 682 663 663 176 663 624 702 137 682 663 663 624 682 663 682 137 117 215 663 565 604 682 682 624 585 682 663 702 721 176 643 663 156 643 604 643 624 682 604 663 585 643 682 643 663 643 643 663 663 137 195 682 702 682 643 195 682 682 156 624 565 702 176 682 721 682 624 643 176 682 721 0
SETUP_COST
0.0 1560.0 1960.0 1180.0 2740.0 3120.0 3120.0 2740.0 1180.0 2340.0 1180.0 2340.0 1560.0 1960.0 2340.0 3900.0 2340.0 1560.0 3120.0 3120.0 2740.0 1560.0 2340.0 2340.0 1560.0 1560.0 3120.0 1560.0 2740.0 2340.0 3120.0 2340.0 3520.0 1960.0 3900.0 3520.0 2340.0 3520.0 3120.0 2340.0 780.0 2740.0 2340.0 2740.0 1960.0 1560.0 2340.0 2340.0 2340.0 3120.0 1960.0 3120.0 2740.0 3120.0 2740.0 1960.0 2340.0 2740.0 1560.0 2740.0 2740.0 2340.0 2740.0 1960.0 2740.0 2740.0 3120.0 1560.0 1560.0 1960.0 1560.0 2340.0 4300.0 3120.0 2340.0 2340.0 1560.0 3520.0 2340.0 1960.0 2740.0
0.0 0.0 10920.0 13640.0 12480.0 13260.0 12080.0 12080.0 12080.0 12480.0 1560.0 12480.0 12860.0 12480.0 10920.0 12860.0 11300.0 12480.0 1960.0 12480.0 12080.0 12080.0 1180.0 12480.0 12860.0 10920.0 12860.0 12080.0 11700.0 2340.0 12080.0 2340.0 12480.0 11700.0 12860.0 12480.0 12480.0 12480.0 12480.0 11300.0 12080.0 12080.0 11700.0 11300.0 1960.0 12480.0 11300.0 1960.0 11700.0 11700.0 11300.0 11700.0 1960.0 11700.0 1560.0 10920.0 10920.0 11700.0 10140.0 12480.0 12480.0 1560.0 11300.0 12860.0 12860.0 12080.0 2340.0 10920.0 11700.0 1180.0 12480.0 10920.0 13260.0 12080.0 2740.0 11700.0 2740.0 13260.0 12860.0 2340.0 12080.0
0.0 12860.0 0.0 14420.0 12080.0 12480.0 12480.0 1560.0 11700.0 12080.0 11300.0 12480.0 3120.0 12480.0 12860.0 12480.0 780.0 12860.0 12480.0 11700.0 11300.0 11700.0 12480.0 12480.0 1960.0 400.0 3900.0 12480.0 11300.0 12080.0 12480.0 12860.0 12080.0 12480.0 13640.0 14040.0 12480.0 14040.0 1960.0 12080.0 11300.0 1560.0 12860.0 13260.0 12480.0 12080.0 12480.0 12080.0 12860.0 12480.0 12080.0 12080.0 11300.0 12860.0 12080.0 12480.0 12480.0 12860.0 2340.0 3120.0 13640.0 12480.0 13260.0 12860.0 3900.0 11300.0 13640.0 1960.0 12860.0 10520.0 12080.0 2740.0 14040.0 13640.0 13260.0 10920.0 13260.0 2740.0 12860.0 12480.0 2740.0
0.0 10520.0 11300.0 0.0 12080.0 12480.0 12080.0 12080.0 1560.0 11300.0 11700.0 12860.0 10520.0 780.0 11300.0 3120.0 11300.0 11700.0 12480.0 12480.0 1960.0 12080.0 11300.0 11700.0 12480.0 10920.0 12080.0 780.0 11700.0 11700.0 2340.0 12480.0 2340.0 1180.0 12860.0 12480.0 12860.0 2740.0 12480.0 1560.0 11300.0 11700.0 1960.0 1560.0 12480.0 11300.0 11700.0 11300.0 12080.0 12080.0 1560.0 1960.0 11700.0 12080.0 12080.0 10920.0 11300.0 12080.0 10520.0 12860.0 12080.0 11300.0 11700.0 11700.0 11700.0 12080.0 12080.0 10920.0 10520.0 10920.0 12080.0 11300.0 13260.0 12480.0 11300.0 1180.0 10920.0 12480.0 11300.0 12860.0 12080.0
0.0 10920.0 11700.0 14420.0 0.0 13640.0 10920.0 12480.0 12080.0 12080.0 12080.0 2740.0 12080.0 12480.0 1960.0 13640.0 11700.0 3120.0 12860.0 12860.0 12480.0 2740.0 11700.0 12080.0 12080.0 11300.0 12080.0 12080.0 12480.0 12080.0 12860.0 12480.0 12860.0 11300.0 3520.0 13260.0 13260.0 13260.0 12860.0 12080.0 1960.0 12480.0 12080.0 12080.0 12480.0 2740.0 2340.0 10920.0 12480.0 12480.0 12080.0 12480.0 12480.0 12480.0 12480.0 1560.0 1960.0 2740.0 10920.0 13260.0 3120.0 12480.0 12080.0 13260.0 12480.0 2340.0 11700.0 11700.0 1180.0 11700.0 12860.0 12080.0 14040.0 2740.0 12080.0 12080.0 12480.0 13640.0 12080.0 13260.0 12860.0
0.0 12860.0 11300.0 14420.0 13260.0 0.0 2740.0 12480.0 12860.0 3120.0 12480.0 13260.0 13640.0 12860.0 12860.0 13260.0 12080.0 13640.0 13640.0 2740.0 12480.0 13260.0 13260.0 3900.0 12480.0 11300.0 13260.0 13260.0 2740.0 11700.0 13260.0 14040.0 13260.0 10920.0 12860.0 3120.0 3900.0 14040.0 12860.0 12860.0 12480.0 12480.0 12860.0 12480.0 13260.0 12480.0 12860.0 11300.0 3900.0 780.0 13640.0 13260.0 12860.0 2740.0 13640.0 13260.0 13260.0 13260.0 12860.0 10520.0 12860.0 13260.0 3900.0 1560.0 12480.0 12860.0 13640.0 12480.0 12480.0 11700.0 3120.0 13640.0 3120.0 14420.0 13640.0 12480.0 13260.0 10920.0 2740.0 13640.0 12080.0
0.0 10520.0 10920.0 14040.0 12080.0 3120.0 0.0 11700.0 11300.0 1560.0 11700.0 12480.0 11700.0 11700.0 11300.0 12860.0 11300.0 12480.0 12480.0 2340.0 12080.0 12080.0 11300.0 1560.0 11700.0 10920.0 12080.0 11700.0 1960.0 11700.0 12480.0 12480.0 12480.0 10920.0 13260.0 2740.0 2740.0 12480.0 12480.0 11300.0 11300.0 11700.0 12080.0 11700.0 12080.0 12480.0 11700.0 10140.0 1960.0 1960.0 11300.0 12080.0 12080.0 1960.0 12080.0 10920.0 11300.0 12080.0 10520.0 12860.0 12860.0 12080.0 1560.0 2740.0 11700.0 12080.0 11300.0 10920.0 10520.0 10920.0 2340.0 11300.0 3520.0 12080.0 11300.0 11300.0 11700.0 12860.0 1560.0 12860.0 12080.0
0.0 11700.0 2340.0 15200.0 12480.0 12860.0 11300.0 0.0 12480.0 12480.0 12480.0 12860.0 2740.0 12860.0 12480.0 11300.0 2340.0 12860.0 12080.0 10520.0 12080.0 12860.0 11700.0 12860.0 2340.0 1960.0 3520.0 12860.0 12480.0 12080.0 10920.0 12860.0 12080.0 12080.0 14040.0 13640.0 11700.0 13260.0 780.0 12480.0 12480.0 1180.0 12480.0 12860.0 12860.0 12860.0 12480.0 11300.0 12480.0 13260.0 12080.0 13260.0 11700.0 12860.0 11700.0 12080.0 11700.0 11700.0 1560.0 3120.0 12480.0 12860.0 12860.0 13640.0 2740.0 13260.0 12480.0 2340.0 11700.0 10920.0 13260.0 1960.0 13640.0 12860.0 12480.0 11300.0 12860.0 3520.0 12860.0 13260.0 3120.0
0.0 12480.0 13260.0 5080.0 13640.0 14800.0 12860.0 13260.0 0.0 13640.0 13260.0 14420.0 13640.0 3520.0 13260.0 2740.0 12480.0 14420.0 13260.0 12080.0 2740.0 12860.0 12080.0 13640.0 13640.0 12480.0 14040.0 3120.0 13260.0 13640.0 2740.0 14420.0 3120.0 3120.0 14420.0 14800.0 13640.0 3520.0 12480.0 3120.0 13640.0 13640.0 2740.0 3520.0 13260.0 12480.0 11300.0 12080.0 12860.0 14040.0 2340.0 3520.0 13260.0 13260.0 12860.0 13260.0 12080.0 11700.0 12480.0 12480.0 14040.0 12860.0 13640.0 13260.0 13640.0 12860.0 13640.0 10920.0 12480.0 12860.0 13260.0 12080.0 13640.0 13260.0 13640.0 2740.0 13260.0 14420.0 13640.0 13640.0 12860.0
0.0 12480.0 12480.0 14420.0 13640.0 3900.0 2340.0 12480.0 13260.0 0.0 11700.0 13640.0 13640.0 12480.0 13260.0 12480.0 12480.0 14040.0 12480.0 2740.0 13260.0 13640.0 11300.0 3120.0 13260.0 12080.0 14420.0 12860.0 3120.0 12080.0 13260.0 12480.0 13640.0 11700.0 13640.0 3520.0 3120.0 12860.0 11700.0 12860.0 13260.0 13260.0 12480.0 12480.0 12860.0 11700.0 12480.0 12080.0 2340.0 1560.0 12080.0 13260.0 13260.0 1560.0 12080.0 12860.0 11700.0 12080.0 12480.0 13260.0 13640.0 13260.0 3520.0 2340.0 14040.0 13640.0 13260.0 12860.0 12480.0 12480.0 2740.0 11700.0 3900.0 12480.0 13640.0 12480.0 13260.0 14420.0 1180.0 13260.0 12480.0
0.0 2340.0 12080.0 13260.0 13260.0 12480.0 13640.0 12480.0 12080.0 13640.0 0.0 14040.0 13260.0 11300.0 12480.0 13260.0 12860.0 14040.0 4300.0 12860.0 12860.0 12480.0 3120.0 13260.0 13260.0 12080.0 14420.0 12860.0 13260.0 2740.0 13260.0 3120.0 13640.0 12860.0 14800.0 13260.0 12480.0 14420.0 12860.0 12860.0 11700.0 13260.0 12860.0 12080.0 2740.0 11700.0 12480.0 3520.0 11700.0 12860.0 10920.0 14040.0 3520.0 13260.0 3900.0 12860.0 13260.0 13260.0 12480.0 12860.0 12480.0 3900.0 13640.0 12480.0 14040.0 12860.0 4300.0 12480.0 12480.0 2340.0 12080.0 13260.0 14800.0 14040.0 3520.0 12860.0 2740.0 12860.0 13260.0 4300.0 12860.0
0.0 12860.0 12860.0 14800.0 3900.0 12480.0 12480.0 12480.0 13260.0 13640.0 13260.0 0.0 12860.0 12480.0 2740.0 12480.0 13260.0 3900.0 13640.0 12860.0 10920.0 1960.0 12860.0 13640.0 13260.0 12860.0 14420.0 12860.0 10920.0 12080.0 13260.0 13640.0 13640.0 13260.0 3120.0 13640.0 12860.0 14420.0 12480.0 12860.0 3120.0 13640.0 13260.0 12480.0 13640.0 1560.0 2340.0 12480.0 13640.0 13260.0 13260.0 13640.0 13640.0 13260.0 13640.0 3520.0 2740.0 1560.0 12860.0 13260.0 3520.0 12860.0 12080.0 12480.0 14040.0 400.0 13260.0 12860.0 2740.0 12080.0 11300.0 12860.0 13640.0 3900.0 13640.0 13640.0 12860.0 13260.0 13260.0 13640.0 12080.0
0.0 11700.0 1960.0 13640.0 12480.0 12080.0 13260.0 1960.0 11300.0 13260.0 11300.0 12860.0 0.0 10520.0 12080.0 12860.0 2340.0 11300.0 12080.0 12480.0 11700.0 11700.0 11300.0 12480.0 2340.0 1960.0 3120.0 10520.0 11700.0 13260.0 12860.0 12480.0 13260.0 12860.0 12480.0 13260.0 12480.0 12860.0 2340.0 12080.0 11300.0 2740.0 12080.0 12480.0 12480.0 10920.0 11700.0 12860.0 12080.0 12860.0 11700.0 13260.0 12480.0 12480.0 11700.0 12080.0 11300.0 12480.0 1560.0 2740.0 11700.0 12860.0 12480.0 11300.0 2740.0 11700.0 11700.0 1960.0 12080.0 12480.0 11700.0 1560.0 13260.0 12480.0 13260.0 12480.0 10520.0 2340.0 10920.0 12860.0 2740.0
0.0 11300.0 12080.0 3900.0 12480.0 12860.0 12860.0 12860.0 1180.0 12860.0 10920.0 12860.0 13260.0 0.0 11700.0 2740.0 12480.0 12860.0 13260.0 12860.0 1960.0 11300.0 12080.0 13260.0 12480.0 11700.0 14040.0 2340.0 12080.0 12860.0 2740.0 12480.0 3120.0 2340.0 14040.0 13640.0 12080.0 3520.0 12480.0 1960.0 10920.0 12860.0 2340.0 2340.0 12080.0 10520.0 11300.0 12480.0 12480.0 12480.0 1560.0 2740.0 12860.0 12480.0 12860.0 12080.0 12080.0 12480.0 11300.0 13260.0 11300.0 12860.0 12480.0 11300.0 13640.0 11700.0 13260.0 11700.0 12480.0 12080.0 11300.0 12480.0 14420.0 13260.0 13260.0 2740.0 11700.0 13640.0 12080.0 13640.0 12480.0
0.0 11700.0 12080.0 14040.0 3120.0 12480.0 12480.0 12860.0 12860.0 13260.0 12080.0 3120.0 13260.0 12480.0 0.0 12860.0 10920.0 1560.0 12480.0 12080.0 12480.0 1180.0 11300.0 12080.0 12860.0 11700.0 13260.0 12480.0 10920.0 11700.0 12480.0 11300.0 13260.0 10920.0 3120.0 12860.0 12080.0 12860.0 12480.0 10520.0 2740.0 12860.0 12080.0 11700.0 12480.0 1560.0 1960.0 11700.0 12080.0 10920.0 11700.0 12480.0 12860.0 10920.0 12080.0 1180.0 1560.0 2340.0 10920.0 12860.0 3120.0 12080.0 11700.0 12080.0 12080.0 1960.0 12860.0 11300.0 2340.0 11700.0 12480.0 11300.0 13260.0 2340.0 12480.0 12480.0 13640.0 13260.0 12860.0 12860.0 12080.0
0.0 10520.0 11300.0 3900.0 12080.0 12860.0 10140.0 10520.0 1560.0 11700.0 11700.0 12480.0 11700.0 1960.0 11300.0 0.0 11300.0 12480.0 11700.0 10920.0 2340.0 12080.0 10520.0 11700.0 11700.0 10920.0 12080.0 1560.0 12080.0 11700.0 1180.0 12480.0 2340.0 1180.0 12860.0 12480.0 12080.0 1960.0 10920.0 1560.0 11700.0 11300.0 1560.0 1560.0 11700.0 12480.0 11700.0 10520.0 11300.0 12080.0 780.0 1960.0 12080.0 12080.0 11300.0 10920.0 10520.0 12080.0 10520.0 12860.0 12860.0 12080.0 11700.0 12860.0 11700.0 12080.0 11300.0 11300.0 10520.0 10920.0 12080.0 10920.0 12860.0 11700.0 11700.0 1560.0 11700.0 13260.0 11700.0 12080.0 12480.0
0.0 12860.0 2340.0 14800.0 13260.0 13260.0 13260.0 3520.0 12860.0 14040.0 12860.0 14040.0 3520.0 12480.0 12480.0 13260.0 0.0 12480.0 13260.0 13640.0 11300.0 13260.0 13640.0 12080.0 3520.0 2340.0 4300.0 13640.0 11700.0 12480.0 13640.0 14040.0 12860.0 12080.0 12860.0 14420.0 13640.0 14420.0 2740.0 12860.0 12860.0 3520.0 14040.0 13260.0 14040.0 11700.0 13640.0 12480.0 14040.0 12080.0 13640.0 11300.0 12860.0 12860.0 13260.0 13260.0 13640.0 13260.0 2740.0 3900.0 13640.0 12480.0 12860.0 12080.0 3900.0 11300.0 13640.0 2740.0 13640.0 12860.0 11700.0 3900.0 14040.0 14420.0 12860.0 13260.0 13640.0 2340.0 14040.0 14040.0 2740.0
0.0 10520.0 11300.0 12860.0 2740.0 13640.0 12080.0 12080.0 12480.0 12860.0 11700.0 2740.0 12860.0 12860.0 1180.0 13260.0 11700.0 0.0 12480.0 12480.0 12080.0 2340.0 11300.0 12480.0 12480.0 10920.0 12080.0 12480.0 12080.0 12480.0 12480.0 12480.0 12860.0 12080.0 3120.0 12480.0 12860.0 12480.0 12480.0 11700.0 2340.0 12080.0 12080.0 11700.0 12480.0 2740.0 1560.0 12480.0 12080.0 12080.0 11300.0 12080.0 12480.0 12080.0 12080.0 1180.0 1180.0 1960.0 10520.0 12860.0 2740.0 12080.0 11700.0 12860.0 11700.0 2340.0 12860.0 11300.0 1960.0 11300.0 12860.0 11300.0 13640.0 2340.0 12860.0 11700.0 13260.0 13640.0 12860.0 12860.0 12480.0
0.0 2740.0 10920.0 14420.0 12080.0 13640.0 12480.0 12480.0 11700.0 12860.0 1560.0 13640.0 13640.0 12860.0 13640.0 13640.0 11700.0 12860.0 0.0 12480.0 12080.0 12080.0 3520.0 10920.0 12860.0 10920.0 13640.0 12860.0 12480.0 2740.0 13260.0 3120.0 12480.0 12480.0 14420.0 14800.0 12860.0 12480.0 12860.0 12480.0 11700.0 12080.0 12860.0 13640.0 2740.0 13260.0 12860.0 2740.0 13260.0 12860.0 12480.0 12860.0 2340.0 13260.0 2740.0 13260.0 13260.0 13260.0 12860.0 12860.0 13640.0 2740.0 12860.0 13640.0 14040.0 12480.0 3520.0 12480.0 12860.0 1560.0 12480.0 13640.0 13640.0 14420.0 1560.0 12080.0 3900.0 13640.0 13260.0 3520.0 13260.0
0.0 11300.0 12080.0 14800.0 12080.0 3900.0 1180.0 11300.0 12080.0 2340.0 12480.0 12480.0 12480.0 12480.0 12080.0 10920.0 12080.0 12480.0 12480.0 0.0 12860.0 12860.0 11300.0 2340.0 12080.0 11700.0 12860.0 12480.0 2740.0 12480.0 10520.0 13260.0 13260.0 11700.0 13640.0 3520.0 2740.0 12860.0 10520.0 12480.0 12480.0 12080.0 12080.0 12480.0 12480.0 13260.0 12080.0 10920.0 2340.0 2740.0 11700.0 12860.0 11300.0 2740.0 12080.0 11700.0 11300.0 11300.0 11300.0 12860.0 12080.0 12480.0 2340.0 3520.0 12480.0 12860.0 12080.0 12080.0 11300.0 11700.0 2740.0 11700.0 3900.0 12480.0 12480.0 10920.0 12480.0 13640.0 2740.0 12860.0 12480.0
0.0 12480.0 12480.0 4300.0 13640.0 12080.0 12080.0 12080.0 2740.0 13260.0 12860.0 13640.0 13260.0 1960.0 13260.0 1960.0 12480.0 14040.0 13260.0 12480.0 0.0 13260.0 12480.0 13260.0 12860.0 12480.0 14040.0 3120.0 10520.0 12480.0 3120.0 14040.0 3120.0 2740.0 12480.0 13260.0 12480.0 3900.0 12860.0 3120.0 12480.0 13260.0 2740.0 2340.0 13260.0 11300.0 12860.0 12080.0 13260.0 12860.0 2740.0 3900.0 13260.0 12860.0 13260.0 12860.0 12480.0 12860.0 12480.0 12480.0 13260.0 13640.0 13640.0 11700.0 13640.0 13640.0 12480.0 12480.0 12480.0 11700.0 13260.0 12480.0 13640.0 13260.0 13260.0 3120.0 13640.0 12860.0 13640.0 14040.0 11700.0
0.0 13640.0 13640.0 14420.0 3900.0 13640.0 13640.0 12480.0 11700.0 14040.0 11700.0 3520.0 14040.0 12860.0 3900.0 13640.0 14040.0 3120.0 14040.0 12860.0 13260.0 0.0 13640.0 14420.0 13260.0 13640.0 14420.0 12860.0 12480.0 13260.0 13260.0 13260.0 13260.0 13640.0 4680.0 14800.0 10920.0 14800.0 12860.0 13260.0 1560.0 13260.0 13260.0 13640.0 12860.0 3120.0 2740.0 13260.0 13260.0 13640.0 12480.0 14800.0 13640.0 13640.0 13640.0 3900.0 3900.0 3520.0 13640.0 14040.0 1960.0 14800.0 14420.0 13640.0 14800.0 3900.0 14420.0 12480.0 3900.0 12080.0 11300.0 13640.0 15200.0 4300.0 14800.0 13260.0 12480.0 14040.0 13640.0 14800.0 12480.0
0.0 1560.0 12080.0 14800.0 12480.0 14420.0 12080.0 13260.0 12860.0 13640.0 2740.0 12860.0 13640.0 13640.0 12080.0 14040.0 12480.0 13260.0 1180.0 13640.0 12860.0 13260.0 0.0 12080.0 12480.0 12080.0 14040.0 13260.0 12480.0 3120.0 13260.0 3120.0 13260.0 12480.0 14040.0 13640.0 13640.0 13640.0 13640.0 12480.0 12480.0 13260.0 12860.0 12480.0 3120.0 13260.0 12480.0 2340.0 12860.0 12480.0 12480.0 12860.0 1960.0 12860.0 780.0 12080.0 12080.0 12860.0 11300.0 13640.0 13640.0 2340.0 12480.0 13640.0 13640.0 13260.0 3120.0 12080.0 12480.0 2340.0 11700.0 12480.0 12860.0 13260.0 2740.0 11300.0 3900.0 14420.0 13640.0 3520.0 12480.0
0.0 12080.0 11300.0 14040.0 11300.0 3120.0 1960.0 12480.0 11300.0 3120.0 10920.0 13640.0 13260.0 12080.0 12860.0 13640.0 11700.0 13640.0 13260.0 2740.0 12480.0 11700.0 12860.0 0.0 12860.0 11300.0 13260.0 12480.0 2740.0 12480.0 13260.0 12480.0 12860.0 12480.0 14420.0 3900.0 2340.0 12480.0 13260.0 13260.0 10920.0 12480.0 12480.0 12860.0 12080.0 12480.0 12480.0 12080.0 2340.0 2340.0 11700.0 12860.0 12480.0 3900.0 12860.0 12860.0 12860.0 12480.0 12080.0 13260.0 13260.0 12480.0 1960.0 3120.0 13260.0 12480.0 12860.0 11700.0 12080.0 11700.0 1960.0 12860.0 3520.0 13640.0 10920.0 12080.0 13260.0 13640.0 2740.0 13640.0 12860.0
0.0 12480.0 3120.0 14800.0 13640.0 13260.0 12860.0 3120.0 12480.0 14040.0 12480.0 10920.0 1560.0 11700.0 12860.0 12860.0 2740.0 12480.0 13260.0 13260.0 11300.0 12480.0 12480.0 13640.0 0.0 2340.0 3520.0 11300.0 11300.0 11700.0 13640.0 13640.0 13640.0 13640.0 13640.0 14420.0 13260.0 13640.0 2740.0 13260.0 12480.0 3520.0 13260.0 13260.0 13640.0 12080.0 12480.0 12860.0 13260.0 13640.0 12860.0 14040.0 13640.0 13640.0 12860.0 13260.0 12480.0 12080.0 2740.0 1180.0 12080.0 13640.0 12860.0 12480.0 3900.0 10920.0 12860.0 3120.0 13260.0 12480.0 11700.0 2740.0 14040.0 13260.0 14040.0 13260.0 11700.0 3520.0 12080.0 14040.0 2740.0
0.0 12860.0 2340.0 14420.0 12080.0 12480.0 12480.0 1560.0 11700.0 13640.0 11300.0 12480.0 3120.0 12480.0 12860.0 12480.0 780.0 12860.0 12480.0 11700.0 11700.0 11700.0 12480.0 12480.0 1960.0 0.0 3900.0 12480.0 12080.0 12080.0 12480.0 12860.0 12080.0 12480.0 13640.0 14040.0 12480.0 14040.0 1960.0 12080.0 11300.0 1560.0 12860.0 13260.0 12480.0 12080.0 12480.0 12080.0 12860.0 12480.0 12080.0 12080.0 11300.0 12860.0 12080.0 12480.0 12480.0 12860.0 2340.0 3120.0 13640.0 12480.0 13260.0 12480.0 3900.0 11300.0 13640.0 1960.0 12860.0 10520.0 12080.0 2740.0 14040.0 13640.0 13260.0 10920.0 13260.0 2740.0 13260.0 14040.0 3120.0
0.0 12080.0 1960.0 14800.0 12480.0 12480.0 12480.0 2740.0 12480.0 13260.0 12080.0 12860.0 3120.0 12860.0 11300.0 13260.0 2340.0 12480.0 12480.0 12860.0 12860.0 12480.0 11300.0 12480.0 2340.0 1960.0 0.0 10920.0 12080.0 12080.0 13260.0 12480.0 12860.0 11700.0 13260.0 12860.0 12860.0 12860.0 2740.0 11700.0 12480.0 2740.0 10140.0 11700.0 10520.0 12480.0 11700.0 12080.0 12080.0 12080.0 11700.0 11700.0 11700.0 12480.0 12080.0 11300.0 11300.0 12080.0 780.0 2740.0 11700.0 12080.0 11700.0 13260.0 3120.0 13260.0 12860.0 1180.0 12080.0 11700.0 12860.0 1560.0 13640.0 12480.0 12860.0 12480.0 12080.0 3120.0 11300.0 12860.0 2340.0
0.0 12080.0 12480.0 4300.0 13260.0 12080.0 12860.0 12860.0 3120.0 14040.0 11300.0 13640.0 14040.0 2340.0 12860.0 3120.0 12480.0 13640.0 12080.0 13260.0 3520.0 13640.0 10920.0 12860.0 13260.0 12480.0 14420.0 0.0 11300.0 12860.0 3520.0 13640.0 3900.0 2740.0 13640.0 13640.0 12860.0 2740.0 12860.0 2740.0 12860.0 13640.0 1960.0 2740.0 12480.0 12080.0 13260.0 13260.0 12080.0 12860.0 1560.0 3900.0 12480.0 13260.0 11700.0 12480.0 11300.0 13640.0 12080.0 12480.0 13640.0 13260.0 13260.0 12860.0 13640.0 13640.0 12860.0 12860.0 13260.0 12480.0 12480.0 11300.0 12860.0 12080.0 13640.0 2340.0 13640.0 12480.0 10920.0 12860.0 12480.0
0.0 12860.0 12860.0 15200.0 13260.0 3520.0 3520.0 13640.0 12480.0 3120.0 12480.0 13260.0 13640.0 11700.0 13260.0 13260.0 12480.0 13640.0 13260.0 3900.0 12480.0 12860.0 13640.0 3120.0 12480.0 12860.0 14800.0 13640.0 0.0 12080.0 13260.0 14040.0 12860.0 13640.0 12480.0 3900.0 3900.0 14040.0 12860.0 12860.0 12480.0 14040.0 13260.0 12860.0 13640.0 10920.0 12860.0 12860.0 3520.0 3900.0 13260.0 13640.0 12860.0 2740.0 12860.0 13260.0 13640.0 12860.0 12860.0 13640.0 12860.0 13640.0 3900.0 1560.0 14040.0 13260.0 12480.0 12480.0 13260.0 11300.0 3120.0 13640.0 3120.0 13640.0 13640.0 13640.0 13260.0 14040.0 3900.0 14800.0 13640.0
0.0 3520.0 13640.0 15200.0 12860.0 12860.0 13640.0 14040.0 14040.0 14800.0 3900.0 12860.0 13640.0 14040.0 13640.0 14040.0 13260.0 13260.0 2740.0 14040.0 12080.0 13260.0 3520.0 12860.0 12480.0 13640.0 14800.0 13640.0 12480.0 0.0 14800.0 3520.0 12480.0 13640.0 14800.0 13260.0 14040.0 14800.0 14420.0 12480.0 13640.0 14040.0 14040.0 13640.0 4300.0 13260.0 14040.0 2340.0 13640.0 13640.0 13640.0 14420.0 2740.0 13260.0 2740.0 13260.0 13260.0 14420.0 12860.0 13640.0 14420.0 1960.0 13640.0 13640.0 14800.0 13260.0 2340.0 13260.0 13640.0 1180.0 13260.0 13640.0 14420.0 14420.0 3900.0 13260.0 2740.0 13640.0 14040.0 3900.0 13640.0
0.0 12480.0 11700.0 5080.0 11300.0 14040.0 12080.0 12480.0 3120.0 13260.0 12480.0 12080.0 12480.0 2740.0 12860.0 1960.0 12080.0 13260.0 13640.0 12480.0 2740.0 12860.0 12480.0 13260.0 11300.0 11700.0 13260.0 2340.0 12860.0 12860.0 0.0 13640.0 3120.0 2740.0 14800.0 13260.0 12480.0 2740.0 11300.0 3120.0 12860.0 12080.0 2740.0 1960.0 12860.0 13260.0 11300.0 12080.0 13260.0 13640.0 2740.0 3520.0 10920.0 13260.0 13260.0 12860.0 12480.0 10920.0 12480.0 12480.0 13260.0 12080.0 13260.0 13640.0 13640.0 12480.0 12860.0 12860.0 12080.0 12080.0 12860.0 12480.0 14040.0 13640.0 13260.0 400.0 12480.0 14040.0 12860.0 14040.0 12080.0
0.0 3120.0 13640.0 12860.0 14040.0 14800.0 14040.0 14040.0 12860.0 14040.0 2740.0 14420.0 12860.0 12080.0 13260.0 13640.0 13640.0 12860.0 4300.0 14420.0 13640.0 13260.0 3520.0 14040.0 14040.0 13260.0 14420.0 13260.0 14040.0 3900.0 14800.0 0.0 14800.0 13260.0 14420.0 15200.0 14040.0 13260.0 13260.0 13640.0 12480.0 14420.0 14040.0 14040.0 3900.0 12480.0 12860.0 3520.0 14040.0 14040.0 13640.0 14420.0 4300.0 14040.0 3900.0 13640.0 13640.0 12480.0 12860.0 14800.0 13260.0 3900.0 14040.0 12860.0 14040.0 13640.0 4680.0 13260.0 12860.0 3520.0 13260.0 13640.0 14420.0 14420.0 3900.0 13640.0 3120.0 14800.0 13260.0 5080.0 14040.0
0.0 12080.0 11300.0 3900.0 10920.0 12480.0 11700.0 12480.0 2740.0 12860.0 12080.0 11700.0 12480.0 2340.0 11300.0 2740.0 10920.0 12860.0 11300.0 12080.0 2340.0 12480.0 11300.0 11700.0 11300.0 11300.0 12860.0 2340.0 10920.0 12480.0 2740.0 11300.0 0.0 2340.0 13260.0 12860.0 12080.0 2740.0 12480.0 400.0 12480.0 11700.0 1960.0 1560.0 12480.0 11700.0 11700.0 11700.0 12080.0 12480.0 1560.0 2340.0 10520.0 10920.0 10920.0 11300.0 11300.0 12480.0 10920.0 12080.0 12860.0 12080.0 11700.0 12080.0 13260.0 12080.0 12480.0 11300.0 11700.0 11700.0 12480.0 11300.0 12480.0 12080.0 12480.0 1180.0 12480.0 13260.0 12860.0 12860.0 12480.0
0.0 12080.0 12860.0 5080.0 13260.0 13640.0 12080.0 12860.0 3120.0 13260.0 12860.0 13640.0 13260.0 3120.0 12480.0 2740.0 12860.0 13640.0 13640.0 12080.0 1960.0 13260.0 12480.0 12860.0 13260.0 12480.0 13640.0 2740.0 12080.0 10920.0 2340.0 13260.0 2740.0 0.0 14040.0 13640.0 14040.0 3120.0 12080.0 2340.0 13260.0 13640.0 2340.0 3120.0 12480.0 12480.0 13260.0 10920.0 13640.0 12860.0 2740.0 2340.0 12860.0 12860.0 13260.0 12860.0 12480.0 13260.0 12080.0 14040.0 12080.0 12480.0 13260.0 12860.0 13640.0 13640.0 12860.0 12860.0 12080.0 11700.0 13640.0 12860.0 14420.0 13640.0 13260.0 2740.0 12480.0 14420.0 12080.0 14040.0 12480.0
0.0 10520.0 11300.0 14040.0 2740.0 13260.0 12080.0 12080.0 11300.0 12860.0 11300.0 2740.0 13260.0 11700.0 1560.0 13260.0 11300.0 2740.0 10920.0 12480.0 12080.0 1560.0 11300.0 11700.0 12480.0 11300.0 13260.0 11300.0 12080.0 12480.0 12480.0 12480.0 12860.0 12080.0 0.0 12480.0 12080.0 12860.0 12480.0 11700.0 1180.0 12480.0 12080.0 11700.0 12480.0 780.0 1560.0 12480.0 11300.0 12080.0 11700.0 12080.0 12480.0 12080.0 11300.0 1180.0 1560.0 1960.0 10520.0 12860.0 2740.0 12080.0 11700.0 11300.0 13260.0 2340.0 12860.0 11300.0 1960.0 11700.0 12080.0 11300.0 13260.0 2340.0 12480.0 12080.0 13260.0 13640.0 11700.0 12860.0 12480.0
0.0 12860.0 10920.0 14800.0 12480.0 2740.0 2740.0 12080.0 12080.0 2740.0 12080.0 13260.0 13640.0 13260.0 13640.0 12480.0 11300.0 13640.0 12080.0 2340.0 12080.0 12480.0 12860.0 1560.0 12860.0 10920.0 14040.0 12480.0 2340.0 12480.0 12860.0 13640.0 12480.0 12480.0 14040.0 0.0 3120.0 12480.0 12480.0 12860.0 12080.0 12080.0 12860.0 13640.0 12480.0 12860.0 13260.0 12480.0 3120.0 2340.0 12480.0 12480.0 12080.0 3520.0 12860.0 13260.0 12860.0 13640.0 12860.0 13260.0 14040.0 13260.0 3120.0 3520.0 14040.0 12080.0 13640.0 12860.0 12860.0 11300.0 2740.0 13260.0 1560.0 12080.0 12080.0 11700.0 14040.0 13640.0 3120.0 13260.0 13260.0
0.0 12480.0 12860.0 13640.0 13260.0 3120.0 3900.0 13260.0 10920.0 4300.0 10920.0 13260.0 13640.0 12080.0 13260.0 13640.0 13260.0 12480.0 13260.0 2740.0 12480.0 11300.0 12860.0 3900.0 12480.0 12860.0 13640.0 12080.0 2740.0 12480.0 12480.0 12480.0 12480.0 13640.0 14800.0 3900.0 0.0 14040.0 13260.0 12480.0 10920.0 14040.0 12480.0 12860.0 12080.0 12480.0 12080.0 12480.0 2340.0 3520.0 11700.0 14040.0 12860.0 2740.0 12860.0 13260.0 12860.0 12480.0 12480.0 13260.0 13260.0 13640.0 3900.0 2740.0 14040.0 13640.0 14040.0 11700.0 13260.0 11300.0 1560.0 12860.0 4300.0 13640.0 14420.0 12480.0 13640.0 13640.0 2740.0 14040.0 12480.0
0.0 11700.0 12480.0 3900.0 13640.0 14800.0 13260.0 12860.0 3520.0 13640.0 12860.0 14040.0 13640.0 3520.0 12480.0 3120.0 12480.0 11300.0 12480.0 13260.0 3120.0 13260.0 11300.0 13260.0 13260.0 12480.0 13260.0 3520.0 13260.0 12860.0 3520.0 13640.0 3120.0 3120.0 14420.0 13640.0 13640.0 0.0 12480.0 2740.0 13260.0 11700.0 3120.0 2740.0 13260.0 12860.0 11300.0 12080.0 13260.0 13260.0 2340.0 3120.0 12860.0 13260.0 12080.0 12080.0 12480.0 12080.0 11700.0 12480.0 13640.0 12080.0 12080.0 13260.0 12860.0 12860.0 13640.0 10920.0 12480.0 12480.0 12860.0 12480.0 11300.0 13260.0 13640.0 2740.0 13260.0 14420.0 13640.0 13640.0 13260.0
0.0 10920.0 1560.0 14420.0 12480.0 13640.0 10920.0 1180.0 12080.0 12080.0 12080.0 12860.0 1960.0 12480.0 12080.0 10920.0 1960.0 13260.0 12480.0 11300.0 12860.0 12480.0 11300.0 12080.0 2340.0 1180.0 2740.0 12480.0 12480.0 12080.0 11700.0 13260.0 12860.0 11700.0 13260.0 13260.0 12480.0 12480.0 0.0 12080.0 12080.0 1960.0 12080.0 12080.0 12480.0 12860.0 12480.0 10920.0 12080.0 12480.0 11300.0 12480.0 12480.0 12480.0 12080.0 11700.0 11300.0 12480.0 1180.0 3120.0 12080.0 12080.0 12080.0 13260.0 2340.0 12480.0 11700.0 1560.0 10920.0 11700.0 12480.0 1180.0 13640.0 12080.0 12080.0 12080.0 12480.0 3520.0 12480.0 12860.0 2740.0
0.0 12080.0 11700.0 3900.0 13260.0 12480.0 12080.0 12480.0 2740.0 12860.0 11700.0 12860.0 13260.0 2340.0 11300.0 2740.0 10920.0 12480.0 12080.0 12080.0 1960.0 12480.0 11300.0 12480.0 12860.0 11300.0 13260.0 2340.0 10920.0 12480.0 2340.0 11300.0 2740.0 2340.0 12860.0 12480.0 12860.0 2340.0 12080.0 0.0 12480.0 12480.0 1960.0 1560.0 12080.0 11300.0 11700.0 11700.0 12080.0 12080.0 1560.0 1960.0 12860.0 10920.0 11700.0 10920.0 10920.0 12080.0 10520.0 12860.0 12860.0 12080.0 11700.0 12080.0 13260.0 12080.0 12480.0 11300.0 12080.0 11700.0 12480.0 11300.0 13640.0 12080.0 12860.0 2340.0 13260.0 12860.0 12860.0 12480.0 12480.0
0.0 12480.0 12480.0 13260.0 2740.0 12480.0 13260.0 12480.0 10520.0 13640.0 10140.0 3520.0 13640.0 11300.0 2740.0 12860.0 12480.0 3520.0 13260.0 12480.0 13260.0 780.0 12480.0 13260.0 12860.0 12480.0 14040.0 11300.0 12480.0 12860.0 12860.0 11700.0 13260.0 12860.0 4300.0 13260.0 11700.0 13260.0 12480.0 12860.0 0.0 13260.0 11700.0 12480.0 11300.0 1960.0 1560.0 12480.0 11700.0 12860.0 10920.0 13640.0 12480.0 13260.0 12860.0 3120.0 2340.0 1960.0 12480.0 12480.0 2340.0 13260.0 13640.0 12480.0 14040.0 2740.0 13640.0 10920.0 2740.0 12480.0 10920.0 12080.0 13640.0 2740.0 13640.0 12860.0 12860.0 12860.0 12080.0 13640.0 12080.0
0.0 12860.0 2740.0 15200.0 14040.0 14040.0 13260.0 3520.0 13640.0 14040.0 12860.0 13260.0 3900.0 13640.0 11700.0 14040.0 2740.0 12860.0 12480.0 13640.0 13640.0 12480.0 11700.0 13260.0 3900.0 2340.0 3520.0 12860.0 12480.0 13260.0 14040.0 12860.0 13640.0 12480.0 13640.0 13640.0 13260.0 13260.0 3520.0 12080.0 13260.0 0.0 12480.0 12480.0 12860.0 13260.0 12480.0 12860.0 12480.0 12480.0 12080.0 13640.0 13640.0 12480.0 12480.0 11300.0 11700.0 13260.0 1560.0 3520.0 13640.0 12860.0 12480.0 13640.0 3520.0 13640.0 13260.0 1960.0 12860.0 12860.0 13260.0 1960.0 14040.0 12860.0 13640.0 12860.0 14420.0 4300.0 13640.0 13260.0 3120.0
0.0 12480.0 12480.0 4680.0 12080.0 12480.0 12860.0 13260.0 3520.0 14040.0 11700.0 12860.0 13260.0 2740.0 13260.0 3120.0 12860.0 12480.0 12480.0 13260.0 2740.0 13260.0 11300.0 12860.0 12480.0 12480.0 12480.0 780.0 11700.0 12080.0 3900.0 14040.0 2740.0 1560.0 13640.0 14040.0 13260.0 3120.0 12860.0 2740.0 13260.0 12860.0 0.0 3120.0 10520.0 12480.0 11700.0 12080.0 12480.0 13260.0 1960.0 3900.0 11700.0 13640.0 12080.0 12860.0 11700.0 12080.0 12480.0 12860.0 13640.0 12080.0 13640.0 13260.0 13260.0 13260.0 13260.0 11300.0 12860.0 11300.0 12860.0 11700.0 13260.0 12480.0 13640.0 2740.0 13640.0 13260.0 11300.0 13260.0 12860.0
0.0 10920.0 10520.0 3900.0 12080.0 12860.0 12480.0 11700.0 1560.0 11700.0 11700.0 12860.0 11700.0 1960.0 11300.0 2740.0 10920.0 12860.0 12480.0 12080.0 1560.0 12080.0 11300.0 11700.0 12080.0 10520.0 12480.0 1180.0 11700.0 11700.0 2340.0 12480.0 1960.0 1180.0 13260.0 11300.0 12860.0 2740.0 12080.0 1560.0 11300.0 11300.0 780.0 0.0 11300.0 12480.0 11700.0 11700.0 12480.0 12080.0 1560.0 1960.0 11700.0 12480.0 12080.0 11300.0 11300.0 11700.0 10920.0 12860.0 12860.0 12080.0 11700.0 12480.0 12080.0 11700.0 12860.0 11300.0 10520.0 10920.0 12080.0 11700.0 12860.0 12480.0 11700.0 1180.0 12080.0 12080.0 11700.0 12480.0 10920.0
0.0 2340.0 12080.0 14420.0 12080.0 12080.0 12480.0 12860.0 13260.0 13640.0 1560.0 12480.0 13260.0 12480.0 12860.0 13640.0 12860.0 12860.0 2340.0 13260.0 12480.0 13640.0 1180.0 12480.0 12080.0 12080.0 12860.0 10520.0 11700.0 2340.0 13640.0 3520.0 12480.0 11700.0 13640.0 13640.0 12860.0 12860.0 12860.0 12480.0 12860.0 12480.0 10520.0 12860.0 0.0 12480.0 12080.0 2340.0 12080.0 12860.0 11700.0 13640.0 1560.0 13260.0 1960.0 12860.0 11300.0 12480.0 12480.0 12480.0 13640.0 2740.0 13260.0 12860.0 13640.0 12860.0 2740.0 11300.0 12480.0 1180.0 12480.0 11300.0 13260.0 12480.0 3120.0 12480.0 3120.0 12860.0 10920.0 2740.0 12480.0
0.0 12080.0 12860.0 14420.0 3120.0 13640.0 12480.0 12860.0 11700.0 12480.0 11700.0 2340.0 12860.0 10920.0 2340.0 12480.0 12860.0 3520.0 13640.0 12860.0 12860.0 2340.0 12860.0 13640.0 12080.0 12480.0 14420.0 12860.0 12860.0 13260.0 12480.0 13260.0 13640.0 13260.0 4680.0 14040.0 12860.0 14040.0 12080.0 12480.0 1560.0 13640.0 13260.0 13260.0 12860.0 0.0 1960.0 12480.0 13260.0 13260.0 12480.0 13640.0 13260.0 11700.0 13640.0 2740.0 2740.0 1960.0 12080.0 12860.0 1960.0 13260.0 13260.0 10920.0 14040.0 2740.0 13640.0 11700.0 2740.0 12860.0 12080.0 12860.0 14800.0 3900.0 13640.0 12860.0 12480.0 14420.0 12860.0 14420.0 13260.0
0.0 11300.0 12080.0 14800.0 2740.0 14040.0 13260.0 12860.0 12480.0 12480.0 12480.0 3520.0 12480.0 12860.0 2340.0 14040.0 11300.0 3520.0 12860.0 13260.0 12480.0 1960.0 12080.0 12480.0 12860.0 11700.0 13260.0 12480.0 12480.0 12480.0 13260.0 13260.0 12080.0 12080.0 3900.0 13640.0 12480.0 13640.0 13260.0 12080.0 2340.0 12860.0 12860.0 12480.0 13260.0 2740.0 0.0 12480.0 12860.0 12860.0 12480.0 12480.0 12480.0 12080.0 12480.0 1960.0 2340.0 3120.0 11300.0 13640.0 3900.0 12860.0 12480.0 13260.0 12480.0 2340.0 13640.0 12080.0 1560.0 12080.0 12860.0 12480.0 14420.0 3120.0 12480.0 12480.0 12480.0 13260.0 13260.0 13640.0 13260.0
0.0 1560.0 12480.0 15200.0 13260.0 14040.0 11300.0 13260.0 12480.0 12480.0 2340.0 13640.0 12860.0 12860.0 12480.0 13640.0 12480.0 13640.0 3120.0 12860.0 13260.0 13260.0 1960.0 12860.0 12860.0 12080.0 13260.0 12480.0 13260.0 2740.0 13260.0 3900.0 13640.0 12080.0 14420.0 13640.0 13640.0 13640.0 12860.0 12860.0 12480.0 12860.0 11700.0 12860.0 2340.0 12480.0 12860.0 0.0 12860.0 13260.0 12480.0 13260.0 3120.0 13260.0 2740.0 12480.0 12080.0 13260.0 11700.0 14040.0 14040.0 3120.0 12860.0 12860.0 12860.0 13260.0 2340.0 12480.0 11700.0 2340.0 13260.0 12480.0 14420.0 13260.0 2740.0 12860.0 2740.0 14040.0 11700.0 3520.0 13260.0
0.0 12080.0 10920.0 14420.0 12480.0 3120.0 1960.0 10920.0 11700.0 2740.0 11700.0 12860.0 12860.0 12860.0 12860.0 12080.0 11300.0 13260.0 12860.0 1180.0 11700.0 12080.0 12480.0 2740.0 12480.0 10920.0 13640.0 12860.0 1960.0 11700.0 11700.0 12860.0 12480.0 12480.0 14040.0 3520.0 780.0 12860.0 11700.0 12080.0 11700.0 12080.0 12480.0 12480.0 12860.0 12860.0 12860.0 12080.0 0.0 2740.0 10920.0 12480.0 12080.0 2740.0 12480.0 12480.0 12480.0 12480.0 12080.0 13640.0 13260.0 12860.0 3120.0 3120.0 12480.0 12080.0 12860.0 12480.0 12080.0 10920.0 2340.0 11700.0 3900.0 12480.0 12860.0 11700.0 13260.0 13260.0 3520.0 13260.0 12860.0
0.0 12480.0 12860.0 13640.0 13640.0 3900.0 1960.0 12860.0 13260.0 3120.0 12860.0 12860.0 13260.0 13260.0 12480.0 12860.0 12860.0 13640.0 13260.0 1960.0 12080.0 13260.0 12480.0 3120.0 12480.0 12480.0 14040.0 12860.0 2340.0 10920.0 12480.0 13260.0 12480.0 10140.0 12480.0 3900.0 3900.0 13260.0 12080.0 12080.0 13260.0 13640.0 12480.0 13260.0 12860.0 12480.0 13640.0 10920.0 3520.0 0.0 12860.0 12480.0 12860.0 2740.0 13260.0 12860.0 12480.0 13260.0 12480.0 13260.0 12480.0 12480.0 3520.0 2740.0 13640.0 13260.0 12860.0 12860.0 12080.0 11700.0 3120.0 12860.0 2740.0 13640.0 13260.0 12480.0 12860.0 14420.0 2340.0 13640.0 11300.0
0.0 11700.0 11300.0 5080.0 13260.0 13260.0 12480.0 11700.0 2340.0 12860.0 12480.0 13640.0 12860.0 3120.0 12480.0 2740.0 12080.0 13640.0 13640.0 12080.0 2340.0 12860.0 12480.0 12860.0 12860.0 11300.0 13640.0 2340.0 12480.0 12080.0 2340.0 13640.0 2740.0 1960.0 14040.0 12480.0 11700.0 3520.0 12080.0 2740.0 12080.0 12480.0 1960.0 1560.0 12480.0 13260.0 12860.0 12480.0 10920.0 12080.0 0.0 3120.0 12480.0 13260.0 13260.0 12480.0 12480.0 12480.0 12080.0 13640.0 14040.0 13260.0 12860.0 13260.0 13260.0 12480.0 13640.0 12480.0 11700.0 11700.0 12860.0 12480.0 14040.0 13260.0 12860.0 2340.0 12480.0 13260.0 12860.0 13640.0 12080.0
0.0 11700.0 12080.0 3900.0 12080.0 13640.0 12480.0 12860.0 1560.0 13640.0 11700.0 13260.0 13640.0 2740.0 12480.0 2740.0 12480.0 11300.0 12480.0 12480.0 2740.0 12080.0 12480.0 10920.0 12860.0 12080.0 13260.0 2740.0 12860.0 11300.0 2740.0 12860.0 3120.0 780.0 11700.0 13640.0 12860.0 3120.0 12480.0 2740.0 11700.0 12860.0 2740.0 2740.0 12860.0 12480.0 12860.0 11300.0 12860.0 10920.0 2340.0 0.0 13260.0 13260.0 12860.0 12080.0 12480.0 13260.0 11700.0 13640.0 12860.0 11300.0 12480.0 12860.0 12860.0 13260.0 13640.0 12080.0 12860.0 12080.0 12480.0 12480.0 12860.0 13260.0 11700.0 2740.0 13260.0 14420.0 12860.0 13640.0 12080.0
0.0 1560.0 10920.0 14800.0 10920.0 13640.0 11300.0 12080.0 12480.0 12480.0 2340.0 11300.0 12080.0 12480.0 12480.0 13260.0 11700.0 12480.0 3520.0 12480.0 11700.0 12480.0 2340.0 12480.0 10920.0 10920.0 12480.0 12080.0 12080.0 2340.0 13260.0 3120.0 12860.0 12080.0 14040.0 13640.0 12080.0 13640.0 12860.0 12480.0 12080.0 11300.0 12480.0 12480.0 2740.0 12860.0 12080.0 1560.0 13260.0 13260.0 12480.0 12860.0 0.0 13260.0 3120.0 12080.0 12480.0 12860.0 11700.0 11700.0 12480.0 3120.0 12480.0 12860.0 12860.0 11700.0 2340.0 12080.0 11700.0 1560.0 12480.0 12480.0 14800.0 13260.0 2740.0 11700.0 2340.0 13640.0 12480.0 3520.0 13260.0
0.0 12480.0 12860.0 14420.0 12480.0 3120.0 1960.0 12080.0 12080.0 3520.0 11300.0 13260.0 13260.0 12480.0 13260.0 12080.0 11300.0 13640.0 13260.0 1180.0 12480.0 12480.0 12480.0 3120.0 12480.0 10920.0 14040.0 12860.0 2340.0 12480.0 11700.0 13260.0 12480.0 12480.0 14040.0 4300.0 3120.0 13640.0 11300.0 12860.0 12080.0 12080.0 12480.0 13260.0 12860.0 12860.0 12860.0 10920.0 2740.0 3120.0 12080.0 12480.0 12080.0 0.0 12860.0 12860.0 12480.0 12480.0 12480.0 13640.0 13260.0 13260.0 3520.0 3120.0 13640.0 12080.0 13260.0 12860.0 12480.0 11300.0 2740.0 12480.0 4680.0 13640.0 13260.0 11700.0 13640.0 13260.0 2340.0 14040.0 13640.0
0.0 2740.0 11300.0 14800.0 11700.0 14040.0 12480.0 12480.0 12080.0 13260.0 1960.0 12480.0 12860.0 13260.0 13260.0 13640.0 12080.0 12480.0 780.0 13260.0 12480.0 12480.0 2740.0 11300.0 11700.0 11300.0 13640.0 12860.0 11700.0 3120.0 13640.0 3520.0 12860.0 12860.0 13640.0 13260.0 12860.0 12860.0 13260.0 12860.0 12080.0 12480.0 12860.0 12080.0 3120.0 12480.0 12860.0 2340.0 13640.0 13260.0 12860.0 13260.0 1180.0 13640.0 0.0 12860.0 12860.0 13260.0 12480.0 12860.0 13640.0 3120.0 13260.0 12860.0 13640.0 12480.0 3120.0 12860.0 12480.0 1960.0 12860.0 12860.0 12080.0 13640.0 1960.0 10920.0 3120.0 14040.0 13260.0 3900.0 12860.0
0.0 11700.0 12080.0 14040.0 2740.0 12860.0 12480.0 12080.0 12480.0 13640.0 12080.0 1960.0 13640.0 12860.0 400.0 12860.0 11300.0 1560.0 11700.0 12480.0 12480.0 1560.0 10520.0 12080.0 12480.0 11300.0 12480.0 11700.0 11300.0 12080.0 12860.0 11700.0 12860.0 11300.0 2340.0 13260.0 12080.0 12080.0 12080.0 10920.0 2340.0 12480.0 11300.0 12080.0 11700.0 1960.0 2340.0 11700.0 11300.0 11300.0 10920.0 12480.0 12480.0 11300.0 11300.0 0.0 780.0 2740.0 10920.0 13260.0 3120.0 12480.0 12080.0 12480.0 12480.0 2340.0 12080.0 11700.0 2340.0 11700.0 12080.0 10920.0 12860.0 1560.0 12860.0 11700.0 13260.0 13260.0 12480.0 12080.0 12480.0
0.0 11300.0 11700.0 14800.0 2340.0 12860.0 12080.0 11700.0 12480.0 13260.0 12480.0 2740.0 13260.0 13640.0 1960.0 12480.0 12080.0 2740.0 11300.0 12080.0 12480.0 2740.0 10140.0 12080.0 12080.0 11700.0 13260.0 11300.0 12080.0 12080.0 12480.0 12480.0 13260.0 12480.0 2340.0 12860.0 11700.0 11700.0 11700.0 11700.0 2340.0 12860.0 10920.0 11700.0 11300.0 2740.0 2340.0 12480.0 10920.0 12480.0 10520.0 12860.0 11700.0 12080.0 10920.0 1560.0 0.0 2740.0 11300.0 13260.0 3520.0 12480.0 12480.0 13260.0 13260.0 2740.0 11700.0 12080.0 1960.0 11700.0 11700.0 10520.0 12480.0 1180.0 12480.0 11300.0 12860.0 13260.0 12080.0 11700.0 12480.0
0.0 11700.0 12480.0 15200.0 3120.0 14040.0 11300.0 11700.0 12480.0 12860.0 12860.0 3520.0 12860.0 13260.0 2340.0 11300.0 11700.0 3520.0 12860.0 12080.0 12860.0 2340.0 11700.0 12860.0 12860.0 12080.0 13260.0 12860.0 12860.0 12080.0 12480.0 13640.0 12480.0 12080.0 3900.0 13640.0 13260.0 13260.0 10920.0 12480.0 2740.0 12480.0 12480.0 12860.0 12860.0 3120.0 780.0 11300.0 12480.0 12860.0 12080.0 12860.0 12860.0 12860.0 12480.0 2340.0 1960.0 0.0 11700.0 14040.0 2740.0 11700.0 12860.0 13640.0 12860.0 2740.0 12480.0 12480.0 1560.0 12080.0 13260.0 12080.0 14040.0 2740.0 12860.0 12480.0 11700.0 14040.0 12860.0 13260.0 11300.0
0.0 11700.0 1560.0 14420.0 13260.0 13260.0 12080.0 2340.0 12080.0 12480.0 11300.0 12480.0 2740.0 12480.0 10920.0 12860.0 1960.0 12480.0 12080.0 12480.0 12480.0 12080.0 10920.0 12480.0 3120.0 1560.0 2740.0 12080.0 11700.0 12480.0 12480.0 12080.0 12860.0 11700.0 12860.0 12480.0 12480.0 12480.0 2340.0 11300.0 12080.0 2340.0 11700.0 11300.0 12080.0 12480.0 11300.0 12080.0 11700.0 11700.0 11300.0 12860.0 12480.0 11700.0 11700.0 10920.0 10920.0 11700.0 0.0 2340.0 12480.0 11700.0 11300.0 12860.0 2740.0 12480.0 12480.0 780.0 11700.0 11700.0 12480.0 1180.0 13260.0 12080.0 12480.0 12080.0 12860.0 3120.0 12860.0 12480.0 1960.0
0.0 12480.0 3120.0 15200.0 13260.0 12480.0 13640.0 2740.0 12480.0 14420.0 12480.0 13640.0 3900.0 13640.0 13260.0 13640.0 1960.0 14040.0 13640.0 12860.0 12860.0 12860.0 13260.0 13640.0 3120.0 1560.0 4680.0 13640.0 12860.0 13260.0 13260.0 14040.0 13260.0 13260.0 14800.0 14420.0 13640.0 14420.0 3120.0 13260.0 12480.0 2340.0 14040.0 13640.0 13640.0 12860.0 13640.0 13260.0 13640.0 13260.0 13260.0 13260.0 12480.0 13640.0 13260.0 12860.0 13260.0 14040.0 2340.0 0.0 14800.0 13640.0 13640.0 13260.0 5080.0 12480.0 14800.0 3120.0 14040.0 11700.0 13260.0 3520.0 15200.0 14040.0 12860.0 12080.0 14420.0 3120.0 14420.0 14800.0 3900.0
0.0 12860.0 12080.0 15200.0 2340.0 14040.0 12860.0 12080.0 13640.0 13640.0 12860.0 1560.0 12480.0 12480.0 3520.0 13260.0 12860.0 3520.0 14040.0 12480.0 12080.0 3520.0 13260.0 14040.0 11300.0 12080.0 14040.0 12480.0 12480.0 12860.0 12860.0 14420.0 13260.0 13640.0 4300.0 14040.0 13640.0 14800.0 12860.0 13640.0 3120.0 13260.0 13640.0 13260.0 14040.0 3120.0 3520.0 12860.0 13260.0 14420.0 12860.0 14040.0 13640.0 14040.0 13640.0 3520.0 3520.0 3120.0 12860.0 12480.0 0.0 14420.0 13640.0 13640.0 14040.0 1960.0 13640.0 13260.0 2740.0 12480.0 12480.0 13640.0 15200.0 4300.0 14040.0 12860.0 10520.0 14420.0 12860.0 14420.0 13260.0
0.0 3900.0 14040.0 15200.0 13640.0 13640.0 14040.0 12860.0 13260.0 14800.0 3120.0 13640.0 14420.0 14040.0 14420.0 14040.0 13640.0 14040.0 3520.0 13260.0 12860.0 11700.0 3520.0 13640.0 13260.0 14040.0 15200.0 14420.0 13260.0 780.0 13640.0 4300.0 12860.0 14420.0 15200.0 13640.0 12480.0 15200.0 13260.0 13260.0 12860.0 13640.0 14420.0 14420.0 4300.0 14040.0 12860.0 3120.0 14420.0 14420.0 14040.0 14800.0 3120.0 13640.0 3120.0 14040.0 14040.0 14420.0 13640.0 14040.0 13640.0 0.0 14420.0 14420.0 15200.0 12860.0 3120.0 13640.0 14040.0 1560.0 12860.0 14040.0 15200.0 14800.0 4300.0 13640.0 3520.0 14420.0 13640.0 4680.0 13640.0
0.0 12080.0 12860.0 13640.0 12860.0 4300.0 3520.0 13260.0 12860.0 3120.0 12860.0 12860.0 13260.0 13640.0 12860.0 14040.0 11700.0 14040.0 12860.0 3900.0 12860.0 12480.0 12080.0 3120.0 12480.0 12480.0 13640.0 13260.0 2740.0 13260.0 14040.0 13260.0 12080.0 12480.0 14040.0 4300.0 1960.0 13260.0 13640.0 12080.0 12860.0 13260.0 12480.0 13260.0 12860.0 13260.0 10920.0 13260.0 2740.0 3520.0 12080.0 12860.0 12480.0 2740.0 12480.0 12480.0 12080.0 13260.0 12080.0 13640.0 11300.0 13640.0 0.0 3900.0 13260.0 12860.0 13260.0 12080.0 12080.0 12860.0 3520.0 12080.0 4300.0 12860.0 13260.0 13260.0 12080.0 14040.0 3520.0 13260.0 13640.0
0.0 12860.0 13260.0 14800.0 13260.0 4300.0 3120.0 13260.0 13260.0 3900.0 12480.0 13640.0 13640.0 13640.0 13640.0 13260.0 12480.0 14800.0 13260.0 2340.0 12480.0 13260.0 12480.0 3900.0 13260.0 12080.0 14420.0 13260.0 2740.0 13640.0 12080.0 14420.0 13260.0 13260.0 14420.0 3520.0 3900.0 13640.0 12480.0 13640.0 12860.0 12860.0 13260.0 13640.0 12860.0 12860.0 11700.0 12080.0 3120.0 3900.0 12480.0 13640.0 12480.0 1560.0 12860.0 13260.0 12480.0 12080.0 12860.0 12480.0 13640.0 13260.0 2740.0 0.0 14040.0 12480.0 13640.0 10920.0 12860.0 12480.0 3120.0 12480.0 4680.0 13260.0 13640.0 12080.0 13260.0 14420.0 3520.0 13640.0 13260.0
0.0 11700.0 2340.0 13640.0 14040.0 14040.0 13260.0 3520.0 10920.0 14040.0 12080.0 14040.0 3900.0 13260.0 12480.0 13640.0 2740.0 11300.0 13640.0 12860.0 13260.0 12480.0 12480.0 13640.0 3520.0 2340.0 3120.0 12860.0 12480.0 13260.0 13260.0 13640.0 13640.0 12480.0 14040.0 13640.0 13260.0 13640.0 3120.0 12480.0 12080.0 3120.0 13260.0 12480.0 13260.0 13260.0 12080.0 12860.0 13260.0 12480.0 12480.0 13260.0 13640.0 13260.0 13260.0 12080.0 12480.0 12480.0 1560.0 3120.0 14040.0 12860.0 12860.0 13640.0 0.0 13640.0 14040.0 1560.0 13260.0 12080.0 12860.0 2740.0 14040.0 13260.0 14040.0 12860.0 13640.0 4300.0 13640.0 14040.0 1180.0
0.0 12480.0 12480.0 14800.0 3900.0 12480.0 12480.0 12480.0 12860.0 13640.0 12860.0 3520.0 12480.0 12080.0 2340.0 12080.0 12860.0 3520.0 13640.0 12860.0 10520.0 3120.0 12480.0 13260.0 13260.0 12480.0 14040.0 12480.0 10520.0 12480.0 13260.0 13260.0 13260.0 12860.0 2740.0 13640.0 12480.0 14040.0 12860.0 12480.0 2740.0 13260.0 12860.0 12480.0 13260.0 1560.0 2340.0 12480.0 13640.0 12860.0 12860.0 14040.0 13640.0 12860.0 13260.0 3120.0 2740.0 3120.0 12480.0 12860.0 3120.0 14040.0 11700.0 12080.0 13640.0 0.0 12860.0 12480.0 2340.0 11700.0 10920.0 12860.0 13640.0 3520.0 13640.0 13260.0 12480.0 12860.0 12860.0 13260.0 11700.0
0.0 2740.0 12080.0 14040.0 12080.0 13640.0 12480.0 12860.0 11700.0 13640.0 1560.0 11300.0 11700.0 12080.0 13640.0 13260.0 12480.0 12860.0 3120.0 13640.0 11700.0 11700.0 2740.0 10920.0 10920.0 12080.0 13640.0 12080.0 12080.0 2340.0 14040.0 3120.0 13640.0 12080.0 14040.0 11700.0 12480.0 12860.0 13260.0 13640.0 11700.0 12860.0 12860.0 13640.0 2740.0 12480.0 12860.0 2340.0 12860.0 12860.0 12480.0 13640.0 3120.0 14040.0 3520.0 13260.0 12860.0 12480.0 12860.0 11700.0 12480.0 2740.0 12480.0 13260.0 14040.0 11700.0 0.0 12480.0 12860.0 2340.0 12080.0 13260.0 13260.0 13260.0 1560.0 12480.0 1960.0 12080.0 12480.0 4300.0 12860.0
0.0 12080.0 2740.0 15200.0 13260.0 14040.0 12480.0 2340.0 13260.0 12860.0 12860.0 14040.0 3120.0 12860.0 12860.0 12480.0 1960.0 14040.0 12480.0 12860.0 12480.0 12480.0 11700.0 12860.0 3520.0 1960.0 3520.0 12860.0 12480.0 13260.0 13260.0 13640.0 12480.0 12480.0 13640.0 14040.0 13260.0 12860.0 1560.0 12480.0 12860.0 3120.0 12480.0 12860.0 12480.0 12080.0 10920.0 11300.0 12480.0 13640.0 11700.0 12860.0 12860.0 12860.0 12080.0 12480.0 11700.0 11300.0 1960.0 1960.0 13640.0 12480.0 12860.0 12480.0 3120.0 12080.0 12860.0 0.0 12080.0 12480.0 12860.0 1560.0 14040.0 12480.0 12860.0 12480.0 12480.0 3900.0 12860.0 13260.0 2340.0
0.0 10140.0 10920.0 13640.0 1560.0 12860.0 12080.0 11700.0 11300.0 11300.0 11300.0 2740.0 11300.0 11700.0 1180.0 12860.0 10920.0 2340.0 12080.0 12080.0 12080.0 1560.0 10920.0 11300.0 12480.0 10520.0 12080.0 11300.0 11700.0 11300.0 12080.0 12480.0 12080.0 10920.0 2740.0 12480.0 12480.0 12480.0 12080.0 11300.0 1180.0 11700.0 11700.0 11300.0 12080.0 1960.0 1560.0 11300.0 11700.0 11700.0 11300.0 11700.0 11700.0 11700.0 11700.0 780.0 1180.0 1960.0 10140.0 12480.0 2740.0 11700.0 11300.0 12480.0 11300.0 1560.0 12480.0 10920.0 0.0 10920.0 12080.0 11300.0 13640.0 1960.0 11300.0 11300.0 11700.0 12860.0 12080.0 12480.0 12080.0
0.0 2740.0 12860.0 14800.0 12080.0 12480.0 12860.0 13260.0 13640.0 14040.0 3120.0 12480.0 12860.0 13260.0 12860.0 13260.0 12480.0 12480.0 2340.0 13260.0 11300.0 13640.0 2740.0 12860.0 11700.0 12860.0 14040.0 12860.0 11700.0 1560.0 13640.0 2740.0 11700.0 12860.0 14040.0 14040.0 13640.0 14040.0 13640.0 11700.0 13640.0 13260.0 13260.0 13260.0 3520.0 12480.0 13260.0 1560.0 12860.0 12860.0 12860.0 13640.0 1960.0 12480.0 1960.0 12480.0 12480.0 13640.0 12080.0 12860.0 13640.0 3120.0 13260.0 12860.0 14040.0 12480.0 3900.0 12480.0 12860.0 0.0 13260.0 12860.0 13640.0 13640.0 3520.0 12480.0 3120.0 12860.0 13260.0 3900.0 12860.0
0.0 13640.0 13260.0 14420.0 14040.0 4300.0 3520.0 13640.0 14420.0 3120.0 14420.0 14420.0 13640.0 14040.0 13640.0 13260.0 13640.0 14420.0 13640.0 3900.0 13640.0 14420.0 13640.0 4300.0 13640.0 13260.0 15200.0 14040.0 2340.0 13260.0 14420.0 12860.0 13640.0 12480.0 14420.0 3900.0 5080.0 15200.0 14040.0 13640.0 14040.0 14040.0 13640.0 12860.0 14040.0 13260.0 14420.0 12860.0 4300.0 2340.0 13640.0 14800.0 13640.0 4300.0 13640.0 14040.0 13640.0 14420.0 13640.0 14800.0 14040.0 14800.0 4300.0 3900.0 14800.0 14420.0 14420.0 14040.0 13260.0 12080.0 0.0 14040.0 4680.0 14800.0 14420.0 13260.0 14040.0 14420.0 3900.0 14800.0 10920.0
0.0 12480.0 1560.0 14800.0 12480.0 12860.0 12480.0 1560.0 12480.0 13260.0 12480.0 12480.0 3120.0 13640.0 11700.0 12080.0 1960.0 12480.0 12860.0 12080.0 12480.0 12860.0 12080.0 12080.0 1960.0 1560.0 3900.0 11700.0 12080.0 12080.0 12480.0 12480.0 12860.0 12480.0 13640.0 12860.0 11700.0 11300.0 1560.0 11300.0 12480.0 2740.0 11700.0 12860.0 11700.0 12480.0 12860.0 12480.0 10920.0 12480.0 11700.0 12860.0 11700.0 12080.0 12480.0 11300.0 12080.0 13260.0 1560.0 3120.0 13640.0 13260.0 12860.0 13260.0 3120.0 12860.0 11700.0 2340.0 12480.0 11700.0 13260.0 0.0 12480.0 10920.0 12860.0 12480.0 13640.0 3120.0 12080.0 11700.0 3520.0
0.0 12860.0 13260.0 15200.0 14040.0 5080.0 2340.0 12480.0 13640.0 3900.0 13640.0 14420.0 13640.0 14040.0 13640.0 12480.0 12860.0 14800.0 14040.0 3120.0 14040.0 13260.0 12860.0 3900.0 14040.0 12860.0 14420.0 13640.0 3900.0 13640.0 13640.0 14800.0 13640.0 13260.0 14800.0 4680.0 3900.0 14040.0 11700.0 13640.0 13640.0 13640.0 13260.0 13640.0 13260.0 13640.0 11700.0 11300.0 3520.0 4300.0 13260.0 14040.0 13640.0 3520.0 13640.0 13260.0 12860.0 14040.0 12860.0 14800.0 13640.0 13640.0 3900.0 3520.0 14040.0 13640.0 13640.0 13260.0 12860.0 13260.0 4300.0 12860.0 0.0 13640.0 13640.0 13640.0 14040.0 13260.0 2740.0 14420.0 14420.0
0.0 11700.0 11700.0 14040.0 1560.0 12860.0 11300.0 11700.0 12480.0 12480.0 12080.0 1960.0 12480.0 12860.0 2340.0 11300.0 12080.0 1960.0 12860.0 12080.0 12480.0 3120.0 11700.0 12860.0 11300.0 11700.0 13260.0 10920.0 12080.0 12860.0 12480.0 13640.0 12860.0 12080.0 3900.0 13640.0 12480.0 10520.0 10920.0 12860.0 2740.0 12080.0 10920.0 12860.0 10920.0 2740.0 1960.0 11300.0 12480.0 13260.0 12080.0 13260.0 10920.0 13260.0 12480.0 2340.0 1960.0 2340.0 11700.0 12480.0 2740.0 12480.0 12480.0 13260.0 12860.0 2340.0 12480.0 11300.0 1560.0 11700.0 12860.0 12080.0 11700.0 0.0 12480.0 12480.0 12860.0 13260.0 11300.0 13260.0 12860.0
0.0 1560.0 12080.0 13260.0 10520.0 12480.0 11300.0 12480.0 10520.0 12480.0 400.0 12860.0 12480.0 11300.0 12080.0 13260.0 12080.0 13640.0 3120.0 12480.0 12860.0 10920.0 2340.0 12480.0 12080.0 11700.0 12480.0 11700.0 12480.0 1560.0 12860.0 1560.0 13260.0 12080.0 14040.0 13260.0 11700.0 12480.0 12480.0 12480.0 10140.0 12860.0 11700.0 12480.0 1560.0 11700.0 11700.0 1180.0 11700.0 12860.0 10920.0 12860.0 2340.0 12860.0 2740.0 12080.0 12080.0 12080.0 11300.0 12480.0 12480.0 1560.0 12480.0 12480.0 12480.0 12860.0 1960.0 10920.0 11300.0 1960.0 10920.0 12080.0 12860.0 12860.0 0.0 12480.0 2740.0 12860.0 12080.0 3520.0 12080.0
0.0 12080.0 11300.0 5080.0 11300.0 14040.0 11700.0 12480.0 2740.0 12860.0 12080.0 11700.0 12480.0 2740.0 12860.0 3900.0 12080.0 12860.0 13640.0 13260.0 2340.0 13260.0 12480.0 12860.0 11300.0 11300.0 12860.0 2340.0 12480.0 12860.0 3520.0 13640.0 3120.0 2340.0 14420.0 14040.0 12480.0 3900.0 13260.0 3120.0 12480.0 12080.0 2740.0 3120.0 13260.0 13260.0 12480.0 11700.0 13260.0 13640.0 2740.0 3120.0 10520.0 13640.0 13260.0 12480.0 12480.0 13260.0 12080.0 12480.0 13260.0 13260.0 12860.0 13260.0 13260.0 12080.0 12860.0 12480.0 12080.0 12080.0 12860.0 12480.0 14800.0 13260.0 12860.0 0.0 12480.0 14040.0 12860.0 13640.0 13640.0
0.0 3120.0 11700.0 15200.0 13640.0 13640.0 12860.0 11700.0 12860.0 13640.0 2340.0 13260.0 13640.0 13260.0 13260.0 12860.0 12480.0 14420.0 3520.0 12080.0 11700.0 13260.0 3120.0 14040.0 12480.0 11700.0 14800.0 13640.0 11700.0 3520.0 12480.0 3900.0 12860.0 13640.0 14040.0 14800.0 13260.0 14420.0 12480.0 12860.0 12860.0 12480.0 14040.0 13640.0 3900.0 12480.0 13640.0 2740.0 13640.0 14040.0 13260.0 13640.0 3120.0 13640.0 3120.0 13640.0 13260.0 13260.0 13260.0 13640.0 14040.0 3900.0 12860.0 13260.0 14420.0 11300.0 3900.0 13640.0 13260.0 2340.0 11700.0 13260.0 14800.0 14040.0 3900.0 12480.0 0.0 14040.0 14040.0 3900.0 12860.0
0.0 12080.0 780.0 14800.0 12480.0 13260.0 13260.0 1960.0 12080.0 12860.0 12080.0 12480.0 3120.0 12480.0 12860.0 13260.0 1560.0 13640.0 13260.0 12480.0 11700.0 12480.0 12860.0 13260.0 1960.0 780.0 2740.0 12860.0 12080.0 12480.0 12860.0 13260.0 12480.0 12480.0 14040.0 12860.0 13260.0 14040.0 2740.0 12860.0 12080.0 1960.0 12480.0 11700.0 12480.0 11700.0 13260.0 12860.0 13640.0 12860.0 12860.0 12480.0 12080.0 13260.0 12860.0 12480.0 12860.0 12860.0 1960.0 3120.0 13640.0 13260.0 13260.0 12080.0 3120.0 12080.0 14040.0 2740.0 12080.0 11300.0 12480.0 3120.0 13640.0 13640.0 13260.0 11700.0 13260.0 0.0 13260.0 13260.0 2340.0
0.0 11700.0 12080.0 13640.0 12860.0 3120.0 2340.0 12480.0 12480.0 3520.0 10920.0 13260.0 13640.0 12080.0 12480.0 12860.0 12080.0 13260.0 11700.0 2740.0 13260.0 12860.0 10520.0 2340.0 12480.0 12080.0 13640.0 12080.0 2340.0 12480.0 12860.0 12860.0 13640.0 12860.0 12860.0 3120.0 2340.0 12080.0 12080.0 12080.0 12480.0 13260.0 11300.0 12080.0 11700.0 12480.0 12860.0 12480.0 1560.0 2740.0 10920.0 13260.0 12080.0 2740.0 11300.0 12080.0 10920.0 13260.0 11700.0 13640.0 12860.0 12860.0 2740.0 2740.0 12860.0 13260.0 12080.0 12480.0 12480.0 12480.0 1960.0 10920.0 3120.0 11700.0 12860.0 11700.0 13260.0 13640.0 0.0 12080.0 11700.0
0.0 2740.0 12860.0 14800.0 13260.0 13260.0 13640.0 14040.0 12860.0 14800.0 2740.0 13260.0 14040.0 13640.0 13640.0 13640.0 13260.0 12480.0 2340.0 13640.0 12480.0 13260.0 3520.0 12080.0 12860.0 12860.0 14040.0 13640.0 12860.0 400.0 13640.0 3900.0 12480.0 12080.0 12860.0 13260.0 14040.0 14040.0 13640.0 12860.0 12860.0 14040.0 14040.0 13640.0 3900.0 13640.0 14040.0 2340.0 13640.0 11700.0 13640.0 11300.0 2740.0 13260.0 2740.0 13260.0 13640.0 14420.0 12860.0 13640.0 14040.0 2340.0 13640.0 14040.0 14040.0 13640.0 2740.0 13260.0 13640.0 1180.0 13640.0 13640.0 14040.0 14420.0 2740.0 13260.0 3120.0 14040.0 13640.0 0.0 12860.0
0.0 12480.0 2340.0 15200.0 13260.0 13260.0 13260.0 3520.0 13640.0 13640.0 13260.0 13260.0 3520.0 13260.0 12480.0 14040.0 2740.0 13640.0 13260.0 13260.0 12480.0 13640.0 13260.0 13640.0 2740.0 2340.0 4300.0 13260.0 11300.0 12080.0 13640.0 13640.0 12480.0 11700.0 13640.0 13260.0 14040.0 14420.0 3520.0 12860.0 13260.0 3120.0 12860.0 12080.0 12860.0 12480.0 13640.0 12080.0 13260.0 11700.0 12860.0 13640.0 12860.0 13260.0 12860.0 12860.0 13260.0 13260.0 2740.0 3900.0 13640.0 14040.0 13640.0 12860.0 3900.0 13640.0 13640.0 3120.0 12480.0 11300.0 14040.0 3520.0 13640.0 14420.0 13640.0 12480.0 12860.0 3520.0 13640.0 14420.0 0.0
