80 4
492 798 8 6
492 3456 10 9
210 606 1 8
588 0 4 6
72 2760 2 2
354 1980 5 3
162 366 1 8
504 2994 9 9
24 276 5 2
126 0 3 9
78 0 7 4
24 2916 8 8
474 0 7 1
444 2256 6 1
468 0 9 6
402 1410 3 3
108 0 3 5
504 0 5 6
456 3678 2 3
426 2442 10 10
6 3510 6 5
312 102 1 6
54 1770 10 8
126 0 10 1
204 3480 8 5
312 1968 6 10
60 0 2 1
294 1470 10 3
390 1668 1 5
402 1980 3 8
102 2934 8 3
516 846 1 7
114 1962 8 6
576 660 8 9
354 0 2 7
576 0 5 1
576 0 7 9
336 1470 8 7
228 1008 2 4
348 2766 7 10
486 2142 2 6
282 2676 8 1
444 378 9 5
414 1026 4 10
348 3366 4 9
468 1560 9 2
552 1074 5 5
552 3450 9 6
294 648 9 6
324 0 4 4
180 3474 7 9
108 1356 6 9
528 798 10 2
330 0 3 7
150 2556 8 6
552 3612 1 7
354 0 5 5
456 1704 10 4
564 438 10 4
462 2538 3 1
408 2784 3 9
354 900 8 2
276 0 2 8
24 2700 5 4
456 510 7 1
276 1962 8 1
114 3750 3 2
576 3624 3 5
48 2508 7 2
18 648 3 4
48 0 2 3
534 2922 9 4
66 1518 4 5
276 0 5 2
306 3666 2 8
6 2070 7 8
312 1104 1 3
180 1248 4 2
390 1074 9 4
390 102 3 6
SETUP
0 36 24 54 42 36 48 42 42 36 48 36 54 6 24 36 12 30 42 30 42 36 48 36 36 42 36 48 48 48 36 36 42 54 60 42 24 42 42 42 18 30 42 12 24 48 30 48 36 48 12 36 24 54 42 24 42 48 60 36 42 30 60 42 54 30 48 30 36 42 42 48 42 42 48 42 36 24 36 42 48
0 0 168 192 42 180 174 30 186 186 192 186 198 174 24 180 186 30 186 174 192 174 186 180 42 186 162 180 186 180 162 186 162 186 210 174 192 198 168 186 30 24 36 180 192 186 174 174 174 162 24 186 168 42 174 180 192 180 180 186 186 180 30 36 54 192 192 174 48 6 156 180 204 174 168 156 198 186 186 180 174
0 168 0 42 180 174 186 180 174 192 192 186 192 168 186 180 186 192 204 156 186 168 186 162 198 42 180 186 186 48 180 180 30 48 204 186 186 36 174 168 156 156 186 168 186 186 174 186 192 36 168 192 180 204 42 186 54 186 192 36 186 192 192 174 192 186 192 30 186 168 174 30 192 186 36 30 192 186 168 180 42
0 162 30 0 180 174 180 156 186 192 180 180 198 186 180 168 186 186 198 186 186 186 180 168 186 42 180 180 186 42 174 174 24 48 186 186 174 36 174 174 156 180 162 186 204 186 162 180 174 30 180 168 174 204 42 156 48 180 162 36 168 186 156 186 192 198 186 24 180 162 168 36 186 180 30 24 204 180 174 180 18
0 42 192 198 0 192 180 42 174 198 198 180 186 186 48 162 198 48 186 186 192 174 192 180 36 186 186 168 198 186 192 162 162 204 168 204 198 198 186 180 48 36 48 186 168 186 180 186 192 186 36 180 198 60 186 168 198 186 198 186 192 204 60 42 54 204 186 180 36 48 198 186 204 186 192 186 210 186 192 180 174
0 180 168 186 162 0 168 174 180 48 42 174 180 24 192 150 156 168 48 24 186 168 180 168 168 192 36 12 186 192 180 150 168 186 180 30 174 186 174 30 174 162 180 174 186 42 168 174 186 174 174 168 186 192 174 162 174 186 186 156 24 30 192 186 198 48 180 162 186 180 186 174 186 174 192 186 42 12 180 186 186
0 186 168 180 168 156 0 186 42 186 180 174 42 162 186 156 168 162 174 150 174 150 174 12 174 186 174 168 30 180 168 12 174 186 186 180 180 192 162 162 174 174 180 18 180 180 12 36 48 168 168 30 186 192 156 168 180 192 24 162 174 180 186 168 198 180 180 162 186 186 24 162 42 30 186 174 186 162 18 174 174
0 42 192 186 30 198 198 0 186 186 174 186 192 180 54 162 186 36 192 174 186 174 180 180 36 192 180 174 186 198 168 162 186 192 192 174 180 174 186 168 42 30 6 186 198 186 180 174 198 180 42 162 204 48 204 174 186 198 198 198 186 180 48 30 36 198 180 174 48 48 192 174 174 180 186 186 204 168 168 186 156
0 180 168 192 156 186 30 192 0 198 180 180 48 186 186 168 192 180 198 174 198 180 180 36 186 162 192 174 48 192 192 24 168 192 174 186 192 180 192 180 180 174 192 42 180 174 30 24 48 192 186 36 192 204 180 174 180 192 42 162 180 180 204 186 198 192 186 168 156 186 42 192 60 36 192 162 198 168 42 168 180
0 174 186 192 192 42 180 180 186 0 42 186 210 42 192 192 198 186 60 36 198 186 186 174 186 168 30 54 192 192 186 186 186 192 210 42 198 180 186 42 186 174 186 192 192 30 174 174 174 186 198 186 168 210 186 168 186 192 198 168 42 42 204 180 204 54 192 174 162 180 180 192 204 180 192 180 60 24 192 174 186
0 186 186 174 174 54 192 180 168 54 0 192 210 42 186 180 186 186 42 30 192 180 174 186 192 180 42 42 192 198 174 180 180 186 186 36 198 174 186 42 180 192 168 186 174 42 186 180 198 174 192 156 186 198 192 180 168 204 186 180 48 36 180 162 180 60 198 180 174 174 180 186 168 174 186 180 60 36 186 186 174
0 192 174 192 186 174 174 192 192 192 192 0 186 186 198 30 24 186 198 180 42 36 48 186 186 192 186 180 180 204 48 174 180 192 54 192 42 198 42 186 180 168 186 186 60 192 180 192 186 198 186 186 48 198 180 36 180 60 192 174 174 186 198 180 216 180 12 168 204 186 186 174 198 186 198 168 186 162 186 42 192
0 174 174 168 168 156 24 180 30 174 186 180 0 180 174 162 168 180 192 174 198 174 192 30 174 186 168 168 48 198 180 12 174 186 186 186 180 186 162 186 174 174 168 36 192 198 30 36 42 180 180 30 174 192 174 168 180 198 36 162 180 180 174 156 192 162 186 168 186 180 42 186 42 36 186 186 168 168 36 192 168
0 186 192 204 180 30 186 186 186 30 48 186 210 0 180 180 186 174 54 48 192 192 186 174 180 186 30 42 192 198 186 180 192 204 204 48 168 186 198 42 162 180 186 150 204 48 174 192 192 198 156 180 186 198 192 168 192 192 204 180 42 42 210 192 198 24 192 174 180 186 192 204 204 192 192 192 30 30 186 192 192
0 18 180 180 48 186 180 36 198 174 198 186 180 174 0 186 186 12 168 180 186 186 198 174 54 180 174 192 198 180 174 186 174 186 204 180 192 198 174 168 42 30 36 174 180 174 186 186 162 174 36 180 150 54 186 186 186 180 192 186 186 156 42 24 54 198 192 174 30 24 168 192 198 186 180 168 204 168 168 168 180
0 186 180 186 162 186 180 174 180 192 186 30 174 168 198 0 48 192 198 186 42 18 36 168 168 186 180 156 186 198 36 150 168 192 36 186 42 186 30 174 180 174 180 174 36 186 168 168 180 174 168 168 42 192 186 12 204 48 198 186 180 192 192 186 192 192 42 168 180 186 192 174 198 186 198 186 198 186 192 36 180
0 174 156 192 180 180 192 192 186 186 198 48 204 174 186 36 0 198 204 168 48 30 48 174 174 198 186 186 192 198 24 180 186 192 48 180 18 186 42 174 168 162 186 174 48 192 180 198 192 186 180 192 42 192 198 42 204 48 198 186 192 198 198 186 198 192 54 180 192 180 180 186 174 180 186 180 174 186 174 42 186
0 42 192 180 54 198 192 42 204 198 192 192 192 192 30 186 204 0 192 186 180 192 192 192 60 204 168 198 186 168 186 186 192 198 192 192 198 186 192 162 42 36 30 198 204 186 192 198 186 186 36 174 174 60 198 186 198 204 180 180 192 180 42 24 60 210 198 186 54 42 192 192 192 192 204 180 204 180 156 180 180
0 186 180 192 180 24 162 186 186 30 42 174 198 24 180 168 180 168 0 18 186 162 180 168 186 192 36 36 180 186 180 174 168 180 204 18 192 198 156 30 180 186 180 174 192 30 174 180 186 180 180 186 174 198 168 180 192 186 180 174 30 36 186 180 204 30 186 168 186 168 168 174 192 180 174 168 36 30 174 186 180
0 186 174 180 180 36 174 186 192 42 36 180 192 12 186 186 192 186 54 0 174 156 180 156 186 186 24 36 180 204 174 180 168 186 192 36 174 186 168 18 168 180 174 162 180 30 168 180 198 174 162 186 192 198 180 174 204 192 192 186 30 48 186 168 204 36 186 168 186 186 168 168 186 180 198 180 42 42 156 168 180
0 174 156 180 186 174 174 174 180 186 180 30 204 174 174 30 24 180 192 168 0 30 30 168 192 180 180 186 186 180 36 174 168 174 60 180 42 186 24 174 168 156 168 180 48 174 162 174 180 186 150 174 24 198 180 18 198 36 180 186 180 180 180 180 192 192 36 168 174 156 162 174 162 162 168 150 174 186 174 24 168
0 180 162 186 186 174 168 186 186 180 174 24 192 180 186 30 36 180 192 168 24 0 24 180 180 180 192 174 168 198 24 174 168 180 60 174 36 192 12 174 174 168 186 180 54 180 156 186 198 168 174 174 42 186 174 24 192 48 186 180 168 186 186 180 204 186 30 162 192 180 186 162 186 174 192 174 192 180 180 42 186
0 186 180 174 174 186 180 186 168 192 150 36 198 168 192 36 36 180 192 174 42 18 0 180 186 186 192 180 186 198 24 150 174 192 48 174 42 168 30 174 186 174 174 174 30 168 168 168 192 168 180 150 42 192 186 36 174 54 186 186 180 180 186 168 186 192 30 174 180 180 180 174 174 174 186 186 198 168 180 18 174
0 192 186 192 174 192 36 192 54 198 198 192 66 180 180 186 198 186 198 174 174 186 204 0 204 204 198 198 60 210 192 42 180 204 198 204 192 180 192 180 192 180 192 42 198 168 42 48 48 198 174 54 186 216 186 186 210 186 54 198 204 186 198 180 198 204 198 192 204 186 42 192 42 42 198 174 198 192 36 162 192
0 36 192 186 6 192 186 24 174 204 180 180 192 186 42 162 198 48 192 180 192 180 192 186 0 186 186 174 198 180 192 168 162 204 174 186 198 192 186 186 42 36 30 180 174 174 180 186 168 186 42 180 192 60 192 174 192 180 192 186 192 198 48 24 54 198 186 186 36 42 180 186 198 192 198 186 204 192 186 168 174
0 168 42 36 174 180 168 186 192 192 186 192 204 168 180 180 186 180 186 162 192 174 192 168 168 0 180 192 192 48 180 180 36 48 192 192 180 54 180 168 174 192 180 174 192 162 180 156 186 36 174 186 180 186 30 186 60 198 186 42 168 180 186 168 186 180 198 36 198 174 174 36 198 192 36 30 186 186 174 150 36
0 210 210 216 192 60 198 210 192 42 66 210 210 60 210 186 210 204 66 54 210 198 210 204 198 204 0 48 198 210 216 186 174 216 198 78 222 216 198 48 180 192 198 210 216 54 198 204 210 174 204 198 198 222 198 192 192 198 210 204 42 78 222 210 204 78 204 204 198 204 204 210 222 204 216 204 60 60 210 204 180
0 186 192 186 162 30 186 168 186 48 30 168 168 48 186 174 186 186 54 36 186 186 168 162 156 180 42 0 174 186 186 174 174 186 180 48 186 186 180 24 174 186 168 186 180 36 156 186 174 192 162 174 180 192 192 150 192 192 192 180 24 36 192 174 198 36 174 162 174 192 186 192 192 180 198 186 42 36 180 174 174
0 180 186 174 180 174 24 186 30 198 192 168 54 168 186 180 186 180 186 162 186 168 192 24 192 186 180 186 0 174 186 36 186 168 192 198 180 186 180 174 174 186 186 24 186 156 30 48 54 186 174 48 186 168 174 186 186 198 42 186 168 180 180 180 186 186 174 162 186 186 36 180 54 6 198 174 192 180 24 180 186
0 168 42 24 186 180 186 174 204 186 186 192 186 180 156 174 186 168 174 186 192 186 186 180 192 42 168 186 186 0 186 174 36 48 198 174 180 54 180 180 174 186 180 186 186 180 180 192 168 36 186 186 162 198 48 174 48 186 162 42 186 168 174 180 192 192 192 36 186 174 174 54 204 192 42 30 192 180 174 174 24
0 186 198 180 198 192 180 192 192 192 180 48 216 180 204 48 54 192 198 174 54 36 30 180 204 198 186 198 168 198 0 174 180 186 54 156 48 192 48 186 186 198 192 186 54 168 186 192 204 198 186 180 60 174 186 36 198 36 192 198 192 192 186 192 198 180 54 180 198 192 180 186 198 174 204 186 186 192 186 42 192
0 180 174 186 186 186 36 192 54 192 186 180 54 168 198 192 192 192 204 186 186 162 186 42 186 192 198 186 36 210 180 0 180 192 210 186 186 204 174 180 186 180 192 24 210 192 24 24 54 180 174 42 198 192 186 186 204 204 48 192 186 198 192 186 192 192 186 174 192 186 42 174 54 42 198 186 198 192 48 186 198
0 204 42 60 192 180 168 198 186 186 198 192 210 180 204 180 186 180 198 174 198 174 198 180 198 54 192 186 192 54 192 180 0 60 210 198 198 66 186 186 186 168 204 186 204 198 180 204 198 48 186 198 204 216 30 186 60 174 186 42 186 204 210 192 210 204 186 36 192 204 192 42 210 198 60 54 210 186 180 198 48
0 192 54 30 162 186 186 186 174 204 180 174 204 186 204 174 192 192 198 180 204 186 174 186 192 42 198 186 168 48 186 174 30 0 186 180 186 42 198 186 174 192 168 186 186 174 162 186 204 48 192 180 198 186 48 186 54 198 168 42 174 192 186 168 198 198 180 18 186 192 192 48 192 168 54 42 204 186 186 186 24
0 186 186 186 192 186 174 192 210 192 192 30 204 174 174 42 48 180 168 168 48 30 54 174 186 168 186 192 198 168 48 174 180 204 0 186 42 186 30 168 180 192 186 180 48 162 186 174 186 192 180 192 30 204 180 42 204 60 180 192 180 180 192 174 192 198 42 168 198 186 186 186 204 198 198 174 204 186 174 12 186
0 180 186 186 192 36 174 186 186 36 24 186 204 30 198 186 192 186 42 18 192 174 168 174 192 192 30 48 162 192 186 168 186 180 192 0 186 186 186 30 186 192 180 174 192 18 180 186 198 186 180 168 198 180 180 174 186 168 192 186 42 36 198 186 186 24 192 174 192 186 186 186 192 168 198 180 30 42 174 180 186
0 180 198 186 162 204 198 186 186 174 192 42 204 198 174 30 54 180 186 192 60 42 60 186 162 192 192 186 192 180 48 180 174 186 36 198 0 210 48 192 192 186 186 186 42 186 192 198 174 192 198 192 30 174 204 42 192 48 192 192 192 180 192 186 180 210 54 180 186 186 186 198 210 186 186 186 210 174 192 36 186
0 174 42 42 180 186 192 192 192 174 192 192 180 174 180 186 198 156 186 186 186 192 186 186 174 36 180 198 186 30 162 174 36 54 198 168 192 0 186 168 174 186 180 162 198 186 186 162 192 42 180 180 186 186 48 180 54 192 186 36 192 156 192 174 174 180 204 42 174 180 180 54 198 186 18 36 186 186 168 180 36
0 186 174 186 174 162 156 192 186 168 186 24 192 168 192 24 30 168 180 162 36 12 36 168 186 186 180 174 180 186 30 168 180 192 54 186 42 198 0 168 174 180 186 168 42 186 168 186 192 180 174 186 42 198 162 30 186 54 174 168 168 174 198 180 210 174 36 162 180 192 180 168 186 186 192 186 180 174 168 36 180
0 210 204 204 198 48 186 210 192 54 60 180 216 48 210 198 204 192 60 42 204 192 210 186 210 198 60 60 174 198 204 192 198 192 180 66 204 204 180 0 186 198 192 198 216 36 198 204 216 210 204 198 210 192 192 204 210 198 204 192 36 60 210 204 210 60 186 168 204 216 192 204 210 180 222 198 48 48 198 192 192
0 60 186 210 54 186 210 60 210 216 198 192 216 192 60 192 198 66 222 198 180 204 192 204 60 210 210 198 192 210 210 192 198 210 222 210 210 216 198 204 0 42 54 198 222 198 180 210 204 216 36 198 198 60 210 192 210 174 210 192 192 210 66 66 78 204 198 180 60 42 192 198 192 192 204 180 204 198 204 198 198
0 60 186 204 36 168 186 30 198 210 192 192 198 192 72 174 180 48 216 192 210 186 204 186 42 198 198 180 180 210 192 174 186 198 204 198 192 198 198 192 36 0 36 192 204 192 186 192 204 198 48 186 198 54 192 180 192 210 186 180 180 192 66 48 66 192 198 186 48 60 204 198 204 186 216 204 198 180 192 198 186
0 36 186 192 24 192 192 36 180 180 168 186 186 180 54 156 180 30 186 168 198 174 174 174 30 192 186 168 186 192 162 162 180 186 186 168 198 168 186 180 42 36 0 180 192 186 174 168 192 174 36 156 198 42 198 168 180 192 192 192 186 174 42 36 30 192 180 174 42 42 186 186 168 174 186 192 198 186 180 186 150
0 180 186 198 186 192 42 180 36 174 186 186 66 192 198 192 192 192 204 186 192 186 186 30 204 186 174 204 42 204 186 42 192 204 210 192 198 192 198 198 162 180 186 0 198 192 24 42 42 198 192 36 180 198 192 162 192 186 60 174 186 192 204 186 210 168 192 174 186 186 42 198 54 42 192 192 174 174 48 186 186
0 186 180 198 180 198 192 174 174 198 180 24 210 192 174 42 48 174 192 186 24 48 54 192 192 192 168 198 192 186 48 192 180 198 54 180 54 198 36 186 186 174 180 192 0 180 186 192 186 180 174 186 30 210 168 36 198 54 180 192 198 186 204 192 204 198 36 186 186 180 180 192 180 186 174 168 192 180 186 30 180
0 192 174 186 180 24 162 192 198 42 42 180 192 18 192 168 180 168 30 6 180 162 186 162 180 186 30 36 180 192 180 174 174 192 198 42 168 192 174 18 174 180 180 162 180 0 168 186 198 180 168 186 192 198 168 180 192 192 180 174 36 24 192 174 174 36 186 174 186 192 168 174 192 186 198 168 42 30 162 174 186
0 198 186 192 186 174 42 198 42 192 168 162 54 186 198 174 180 180 210 186 198 180 162 48 186 198 198 186 36 198 186 18 186 186 204 192 174 186 186 192 168 180 186 42 192 186 0 42 54 186 186 24 198 198 192 186 186 192 42 180 162 180 198 180 198 192 168 150 192 186 48 186 42 30 198 180 198 174 42 180 192
0 162 180 174 168 192 42 186 42 198 186 198 48 186 180 180 204 186 198 180 204 186 192 42 168 204 174 186 54 192 174 36 174 192 186 186 198 192 180 180 174 186 174 42 186 174 42 0 36 174 186 36 180 180 186 186 198 192 42 192 192 192 180 162 204 192 198 186 198 168 24 186 48 42 180 168 198 192 42 168 174
0 186 186 168 186 180 30 168 48 198 186 192 54 174 174 174 192 180 186 168 192 174 192 24 192 198 186 186 42 168 174 30 168 186 198 174 186 186 186 168 174 186 168 30 192 162 36 30 0 192 180 30 174 198 180 174 192 168 30 186 186 180 174 156 186 192 192 186 198 180 18 186 42 30 192 180 198 186 30 156 168
0 204 48 60 180 180 174 198 174 186 198 198 210 186 186 180 186 186 198 174 198 174 198 180 198 42 186 192 198 60 192 186 6 60 198 198 198 54 180 186 186 174 180 186 198 180 186 192 204 0 192 186 192 210 30 192 54 174 192 42 186 198 210 192 204 204 192 42 180 204 192 42 198 198 60 42 186 180 186 186 36
0 42 204 198 54 198 192 60 192 198 198 198 204 186 30 192 210 36 192 192 204 198 192 198 48 180 180 198 204 204 192 192 198 210 204 204 186 180 198 180 54 42 54 186 204 192 204 186 186 198 0 198 174 66 198 198 198 204 210 180 198 186 60 42 60 204 204 186 30 48 192 210 210 198 192 192 210 180 180 186 204
0 186 186 192 192 198 48 204 42 192 168 192 54 186 198 198 204 174 198 186 198 174 168 48 192 198 198 192 42 192 168 24 168 192 210 174 204 168 186 186 192 192 192 36 192 186 36 30 48 168 192 0 204 192 198 192 192 192 54 198 192 174 204 186 192 192 192 186 192 192 48 186 48 36 180 198 198 186 42 180 192
0 156 174 180 192 186 180 174 192 192 192 48 204 186 180 36 54 186 198 174 48 36 48 168 192 192 174 186 198 174 30 186 168 198 60 180 48 192 30 174 186 180 174 186 36 168 180 180 162 174 180 186 0 198 180 42 192 30 186 192 192 186 186 168 198 198 54 186 204 162 168 186 198 180 174 168 204 180 186 18 180
0 18 180 156 30 180 186 18 174 198 186 174 204 186 36 180 192 42 192 174 186 186 186 174 48 186 180 186 186 192 180 180 174 168 174 186 186 186 180 180 18 42 24 180 198 174 168 186 186 180 42 180 180 0 186 162 198 186 168 186 174 192 18 36 54 192 180 162 36 24 168 186 192 156 180 174 198 186 180 168 174
0 192 48 42 186 174 186 192 204 204 198 186 198 186 180 174 186 156 198 180 186 186 198 186 192 60 174 186 192 30 192 174 36 54 198 198 180 48 198 168 192 186 180 186 204 174 192 198 192 48 186 174 180 204 0 186 48 204 162 36 198 186 192 174 192 210 192 42 204 192 198 48 198 186 60 42 204 186 162 186 24
0 192 192 198 186 180 192 168 192 198 174 24 204 192 192 36 42 186 204 186 36 42 24 162 198 180 192 186 174 204 36 174 192 186 60 192 36 186 48 186 174 186 168 192 54 180 156 186 204 192 186 174 48 192 198 0 192 48 192 180 168 186 198 186 198 198 30 162 174 192 198 192 192 180 198 186 204 180 180 30 174
0 174 24 42 180 180 174 180 168 186 168 180 204 180 168 186 192 180 186 174 186 180 186 186 186 42 192 186 186 36 192 186 18 42 168 186 198 42 168 186 180 174 186 180 186 186 174 174 174 42 168 174 168 204 36 180 0 186 186 24 180 180 180 180 198 192 186 24 180 156 162 30 186 174 24 12 198 168 186 180 42
0 180 198 192 186 186 180 192 198 204 180 36 210 192 192 42 48 186 204 186 60 36 60 186 204 204 186 198 198 192 48 192 186 198 60 186 54 198 48 186 186 174 192 192 60 186 192 192 174 192 198 186 48 210 186 42 186 0 198 168 186 186 204 186 210 210 42 174 204 186 186 192 204 186 192 186 216 168 192 36 192
0 198 180 198 174 162 36 186 48 192 198 186 42 186 186 162 174 186 192 186 198 174 192 36 180 204 174 168 48 198 192 18 168 198 192 192 168 192 186 168 186 180 192 42 192 198 30 36 48 186 186 30 192 192 186 168 186 186 0 168 186 186 204 198 180 204 180 174 198 192 48 186 54 42 192 180 198 174 48 192 156
0 192 36 48 180 168 162 186 186 186 186 168 186 174 186 168 174 168 186 162 186 162 186 168 186 42 186 180 180 42 180 168 36 30 186 168 192 42 174 168 168 156 186 174 192 186 168 192 180 36 180 186 186 198 24 180 24 192 180 0 168 168 198 180 204 192 174 12 186 174 180 30 198 168 42 30 198 150 174 174 42
0 192 186 204 192 42 180 186 198 42 36 180 204 48 204 186 186 192 60 42 186 186 180 192 198 198 54 42 186 210 198 180 198 198 210 60 192 198 174 42 150 192 192 198 198 36 168 204 204 204 186 180 204 210 186 192 204 180 186 192 0 48 186 192 210 48 174 168 198 192 198 180 192 192 204 186 54 42 192 174 192
0 186 192 180 192 36 186 186 204 24 42 186 174 18 174 180 186 150 48 42 180 186 186 186 192 174 24 48 186 168 186 186 192 198 192 48 186 186 186 18 180 180 180 168 204 36 186 180 186 186 168 174 174 204 192 180 192 204 180 174 42 0 186 168 204 42 198 180 168 192 192 192 192 186 204 180 48 30 156 174 180
0 12 174 186 30 168 180 6 186 186 174 186 186 180 30 162 174 36 192 174 186 180 180 180 36 192 168 174 186 186 168 168 168 192 192 174 168 174 174 168 12 30 12 186 198 180 180 174 168 168 36 162 174 48 180 174 186 186 150 174 186 180 0 30 36 198 180 174 48 18 162 174 174 180 174 168 204 168 168 174 156
0 30 186 162 30 186 192 24 186 192 174 186 192 174 42 168 192 42 198 168 192 174 186 174 42 198 186 174 192 198 174 168 180 180 198 180 186 174 186 180 24 42 12 174 192 192 174 180 186 186 36 168 186 48 198 168 186 192 168 180 180 186 24 0 42 192 186 174 48 30 180 186 180 180 186 180 198 180 174 186 162
0 42 186 186 42 180 168 48 186 180 192 180 210 180 30 180 186 36 156 168 198 174 192 180 54 198 192 186 162 186 192 180 162 174 204 174 186 192 162 180 36 36 42 180 192 168 180 192 186 192 42 192 180 30 174 186 192 186 186 186 174 186 48 42 0 186 186 168 48 30 174 186 204 162 186 180 192 186 180 192 192
0 162 180 180 168 36 186 186 162 18 42 174 198 42 180 180 174 186 54 42 204 186 180 186 192 174 6 42 198 192 180 180 174 198 192 42 192 180 180 36 186 180 192 192 180 36 186 180 186 174 186 162 180 180 180 180 186 192 186 180 48 42 186 186 204 0 180 186 174 168 168 192 204 186 180 168 6 36 180 180 174
0 186 168 186 180 168 168 186 186 186 198 42 180 180 186 24 18 180 192 168 30 24 48 180 180 186 174 174 174 198 42 168 174 186 54 192 30 198 36 180 180 174 180 180 54 180 180 186 198 186 180 186 48 192 174 24 186 54 186 168 186 186 192 174 210 168 0 174 192 186 174 168 186 180 198 180 174 168 180 42 186
0 204 42 54 198 186 186 198 204 186 192 162 198 198 204 186 180 192 210 186 192 186 192 192 198 54 192 186 180 54 198 180 42 48 210 204 198 36 186 198 162 180 198 198 210 186 174 192 198 60 186 192 204 198 42 186 42 192 180 42 162 192 198 186 204 186 168 0 198 192 192 36 204 180 54 30 192 168 198 186 42
0 24 174 186 30 174 168 48 192 192 174 174 198 174 30 180 186 30 192 168 192 168 168 174 30 156 186 186 186 192 180 174 186 186 192 180 186 168 180 174 30 18 42 180 198 168 180 162 186 186 36 174 180 48 174 186 174 198 186 156 174 174 48 30 48 186 180 162 0 30 180 180 198 174 186 180 192 156 180 162 186
0 24 162 186 42 174 168 24 186 180 186 180 198 168 18 174 186 24 180 168 186 168 180 174 36 186 180 186 186 174 186 180 156 180 204 180 186 192 162 180 24 24 30 174 186 180 168 168 168 186 24 186 162 54 174 186 186 180 174 180 180 174 24 30 60 186 186 168 42 0 150 174 198 168 162 150 192 180 180 174 180
0 174 192 192 180 174 30 168 42 192 192 180 60 168 198 180 186 186 198 180 198 180 198 42 180 204 192 186 48 204 186 36 150 180 204 198 186 192 186 186 168 174 174 24 204 186 42 18 42 192 174 36 192 198 180 186 204 174 24 186 186 198 168 180 204 186 186 174 198 180 0 186 48 18 192 186 192 186 42 186 180
0 180 24 42 174 186 180 174 186 198 186 180 180 180 174 186 186 180 192 168 162 180 186 174 168 24 192 162 162 42 192 186 30 24 192 192 186 48 180 174 180 168 180 180 192 168 168 174 186 48 162 186 174 180 42 162 48 192 180 48 180 180 174 186 192 192 186 24 186 174 174 0 174 162 36 18 186 192 180 174 36
0 186 168 192 180 186 42 198 48 198 174 168 60 186 198 192 162 192 204 174 192 186 192 36 186 204 180 198 36 210 180 42 186 168 198 192 174 192 192 174 174 174 186 30 204 174 30 54 48 198 192 42 198 204 192 192 198 198 36 198 168 192 198 180 204 186 174 156 198 186 42 192 0 6 204 186 186 180 24 192 186
0 204 192 186 174 192 48 198 42 192 192 168 60 198 198 186 186 198 216 192 204 198 186 54 204 198 198 198 36 210 198 42 186 162 198 192 204 192 192 198 168 186 186 30 198 186 30 54 60 210 192 48 198 198 198 186 192 198 42 192 168 198 198 180 210 192 174 156 192 204 54 186 60 0 204 186 192 174 54 192 186
0 180 54 30 192 186 186 186 204 192 192 180 198 180 168 186 198 180 186 192 192 192 198 192 186 42 180 192 192 12 192 186 24 48 210 186 180 54 192 186 180 186 186 186 198 186 192 180 180 48 186 198 168 204 48 186 60 174 174 42 180 180 186 186 204 204 186 24 180 186 162 36 204 180 0 42 204 186 186 186 36
0 174 12 42 192 186 192 192 186 204 180 174 204 174 192 186 192 192 210 168 192 174 180 174 204 36 186 198 192 54 186 180 42 60 210 174 192 42 186 180 168 162 192 174 192 186 162 186 198 42 180 180 186 210 54 192 54 192 198 48 174 192 192 186 204 198 180 18 192 180 180 42 204 186 42 0 204 186 174 186 48
0 180 180 174 168 30 186 186 156 54 42 168 204 42 198 180 168 180 60 36 198 186 186 186 186 168 42 42 198 192 192 180 174 192 186 48 186 186 192 30 180 174 186 192 186 30 186 174 204 192 198 192 192 174 174 186 192 198 180 174 42 42 180 186 204 42 174 180 168 186 180 186 198 180 186 174 0 30 174 174 186
0 192 186 198 186 30 186 186 186 48 36 162 198 42 186 180 186 174 60 42 198 192 192 192 186 198 48 42 180 192 204 180 180 192 186 60 198 186 186 42 168 156 186 186 210 36 180 192 180 204 186 192 186 198 192 186 168 198 186 186 18 30 198 186 210 48 168 156 192 174 174 186 204 180 186 180 54 0 186 174 192
0 186 180 168 186 192 42 180 54 192 186 186 36 186 192 180 192 192 204 174 168 186 192 36 192 204 162 186 36 204 180 30 180 186 186 192 198 186 180 150 174 168 168 42 204 174 42 42 54 180 174 30 192 198 192 180 192 198 36 192 186 198 180 162 198 198 192 174 198 180 36 192 36 36 192 174 192 192 0 168 168
0 192 180 180 186 174 168 186 198 192 186 42 198 168 198 30 36 174 180 162 42 24 42 168 186 192 180 186 186 198 42 180 180 192 48 192 30 192 30 162 180 186 174 168 42 156 174 192 204 186 174 186 54 204 174 42 198 54 186 180 186 174 186 168 180 186 48 180 192 192 180 180 198 192 204 174 192 180 168 0 180
0 192 42 48 168 192 186 180 186 198 192 186 186 180 198 156 186 198 186 192 192 168 186 174 174 48 186 168 186 54 186 156 30 54 186 198 198 42 180 180 186 180 186 180 186 192 174 180 186 36 180 174 192 198 48 168 30 204 204 48 186 198 198 192 174 198 174 30 186 186 186 36 204 186 42 42 204 186 198 192 0
