100 5
384 9432 1 7
594 1836 5 1
486 3282 10 9
91 9074 4 5
480 3864 7 1
840 3830 5 6
651 5229 9 6
672 5184 6 3
220 2890 6 4
338 4979 10 2
380 4430 3 8
840 11190 9 8
804 4512 5 9
451 7689 2 7
153 3699 2 8
884 4238 5 9
456 2848 6 3
1245 10515 8 8
1100 5599 4 4
336 11550 5 4
324 1884 4 8
1020 7188 5 6
300 3425 10 5
5 3390 4 10
679 4578 10 7
265 2145 7 2
820 3720 8 9
99 3223 7 3
286 7777 5 10
477 4257 2 10
790 4250 8 6
324 3546 2 10
72 4392 4 3
816 9264 5 6
102 4440 7 4
605 4928 1 5
49 5439 9 1
256 2288 2 5
180 4290 5 5
560 3857 4 1
988 5538 8 8
143 6175 5 5
891 5896 8 3
20 3135 10 5
340 7700 8 2
345 3595 7 9
522 4680 2 7
744 3660 9 4
1275 11700 10 7
715 4511 6 3
603 6210 9 10
1148 11396 2 7
1288 6846 10 5
75 3835 10 2
544 3232 9 3
814 4576 2 9
840 8428 5 9
456 5784 8 5
868 8540 10 9
873 4572 3 4
380 2935 2 9
760 4736 6 4
1155 9000 8 6
880 3880 7 9
187 6281 6 1
540 2208 5 9
190 2535 6 9
1092 4676 9 10
756 9768 8 4
175 5383 7 9
632 5112 9 5
377 7007 9 2
270 5790 9 5
273 2478 3 4
420 2912 8 6
370 7090 8 1
162 2802 9 1
1245 10935 3 4
490 7210 9 9
700 2436 8 7
498 4212 8 9
1350 4455 4 10
776 3952 8 2
1287 9477 1 3
680 2288 9 3
288 4545 2 3
570 11160 4 2
468 3816 4 9
308 2814 1 4
378 8386 2 8
280 9212 5 3
297 3510 9 1
8 5184 6 1
804 6624 2 6
312 8723 6 9
200 4870 3 9
230 2940 5 9
946 7007 3 6
630 4293 8 2
910 6100 8 10
SETUP
0 300 330 290 320 100 40 220 240 290 370 250 290 180 370 220 190 340 410 430 180 420 190 120 220 270 270 310 150 230 240 210 210 390 270 250 280 190 360 250 270 270 390 430 250 210 190 220 180 150 250 330 230 250 250 230 340 290 300 300 290 200 220 330 240 310 230 340 480 340 310 330 300 370 150 90 170 250 400 290 230 380 170 290 250 210 290 140 270 150 160 270 310 330 290 390 270 350 260 200 280
0 0 230 320 350 140 70 310 270 330 460 330 320 310 400 380 350 380 340 400 220 460 290 150 250 300 340 340 190 150 280 240 240 380 320 190 160 220 280 280 200 230 440 420 280 240 220 220 220 180 280 350 440 180 290 240 250 320 380 270 320 280 220 380 340 230 350 400 520 470 220 300 160 340 180 320 200 270 430 360 240 350 310 330 290 290 350 180 350 180 300 300 340 360 290 280 300 380 290 120 350
0 370 0 290 320 230 430 220 290 270 370 310 470 170 410 340 310 370 340 240 270 350 120 270 280 360 390 350 270 340 220 330 280 390 350 210 390 310 300 380 310 340 260 470 280 310 320 190 280 270 350 270 340 320 310 230 350 280 250 300 410 260 220 320 170 250 280 330 550 250 240 320 260 360 340 200 240 230 380 290 230 390 170 200 170 210 360 270 260 250 150 280 320 330 250 400 250 400 310 310 300
0 430 180 0 220 170 390 200 270 200 350 280 300 220 390 310 200 360 270 330 200 380 240 100 220 260 310 190 180 90 250 270 200 180 270 130 140 200 130 280 140 160 330 360 300 190 300 250 190 170 230 250 340 110 250 170 240 390 330 200 350 230 160 350 280 80 240 340 460 420 70 150 270 190 180 280 150 270 390 290 170 280 280 220 190 180 310 160 340 140 290 260 250 300 310 360 260 340 250 60 200
0 450 400 340 0 160 380 230 370 220 400 220 280 290 380 400 330 240 320 280 230 320 280 290 280 250 290 340 290 120 290 270 250 370 110 290 320 200 310 280 130 110 430 310 120 290 360 260 230 160 330 220 310 370 70 160 320 310 200 200 340 320 150 250 120 240 280 410 330 480 350 310 240 350 340 270 310 310 420 370 260 260 290 330 300 330 340 150 360 290 300 320 310 330 330 400 150 330 280 380 360
0 330 330 190 220 0 310 240 270 300 350 300 360 190 270 320 240 250 390 360 280 330 200 210 120 170 350 240 280 200 340 110 300 300 190 250 220 90 280 410 250 190 400 330 200 140 260 270 280 50 180 300 310 230 150 170 240 310 290 200 190 300 160 250 210 210 280 350 410 400 230 280 320 320 310 190 260 270 420 300 240 310 180 320 320 220 210 50 350 250 260 190 210 340 330 330 230 250 160 240 330
0 400 300 260 290 70 0 300 210 260 420 260 260 250 340 390 300 320 400 430 180 400 230 90 190 240 280 280 120 270 220 180 180 360 260 220 290 160 330 220 290 260 380 400 220 180 160 190 180 120 220 340 370 260 220 240 310 260 320 270 260 220 220 320 270 280 330 410 480 430 280 340 270 380 120 260 140 240 370 370 300 350 240 280 250 290 280 110 340 120 230 240 280 340 260 360 240 320 230 310 360
0 500 170 450 360 330 320 0 340 400 530 420 440 340 460 180 310 470 440 400 360 290 290 400 270 430 330 390 250 260 200 250 360 390 330 300 300 320 420 350 300 310 420 460 350 410 360 320 360 330 450 430 430 280 300 340 360 440 420 340 330 400 320 400 340 380 340 450 510 410 370 260 390 300 250 290 370 360 420 450 220 330 330 350 330 370 170 320 430 350 320 330 440 110 380 530 230 270 280 230 400
0 540 430 390 260 300 420 270 0 240 510 380 540 210 130 430 300 300 510 470 270 380 220 320 320 330 370 360 210 380 300 410 310 220 370 300 470 250 390 310 270 370 430 480 380 340 390 280 380 210 380 360 360 410 330 200 130 370 350 340 490 390 290 300 270 290 330 410 550 300 340 250 350 290 210 300 320 320 470 370 390 350 330 320 340 370 320 200 260 310 320 370 370 370 340 400 330 370 350 410 260
0 430 290 460 280 280 240 220 450 0 490 360 430 320 390 370 340 430 450 360 330 460 330 330 190 390 400 300 320 260 70 390 230 410 250 310 310 310 390 460 310 190 480 340 270 400 280 280 320 270 370 320 360 390 220 350 390 430 340 260 460 310 330 430 260 260 340 480 470 410 330 330 350 370 360 240 360 320 460 440 380 400 310 310 280 330 280 270 410 360 300 300 430 320 340 190 100 190 220 340 380
0 420 390 400 280 270 450 270 150 270 0 190 510 220 270 370 240 400 290 250 160 300 230 170 280 350 260 380 90 360 170 340 190 350 90 190 360 340 120 320 320 90 240 300 220 260 290 160 350 220 300 330 250 290 310 280 270 390 320 270 400 270 260 300 240 210 270 380 300 430 290 280 240 230 300 310 210 200 410 340 270 340 210 140 230 250 250 310 150 190 200 250 90 370 220 440 200 450 310 420 320
0 470 410 390 300 330 480 250 180 240 490 0 550 330 270 420 390 260 450 450 220 340 250 400 410 320 350 350 200 410 290 440 270 400 400 290 470 230 420 300 310 340 450 470 420 230 280 270 220 200 270 240 450 290 370 350 120 320 220 360 460 260 330 260 140 290 340 470 360 450 370 360 260 400 190 330 310 310 430 420 350 380 320 310 300 360 310 190 410 300 310 340 350 360 330 410 320 420 430 430 410
0 440 350 380 340 200 450 180 350 270 330 340 0 210 370 250 280 370 340 400 350 350 220 340 240 320 410 360 260 290 320 230 210 260 310 70 340 270 340 360 200 230 350 400 320 340 360 290 380 150 300 370 440 180 270 240 370 380 350 270 300 290 220 330 270 160 240 380 500 420 310 230 360 270 260 300 170 330 470 360 240 350 280 300 270 170 300 220 400 160 370 280 390 290 350 360 340 410 240 260 180
0 330 240 180 210 200 320 220 260 160 370 260 350 0 350 230 200 340 380 350 180 420 20 170 110 190 280 230 100 190 230 260 200 290 180 110 280 240 190 340 240 180 360 380 190 250 210 80 170 130 290 160 240 210 140 240 250 170 150 180 340 210 220 220 70 150 230 340 390 220 130 210 160 250 240 100 210 130 280 300 240 330 170 280 250 210 200 190 220 200 160 260 310 330 150 350 220 270 140 200 260
0 440 300 300 140 220 300 140 170 280 380 250 410 210 0 310 280 180 420 340 300 260 140 280 300 200 240 240 80 250 180 330 240 370 240 180 360 120 310 180 260 250 340 360 260 210 280 150 290 80 250 280 340 290 210 270 10 240 270 330 410 320 260 180 190 240 260 290 460 340 250 300 230 340 80 220 200 200 350 250 270 300 200 200 290 250 190 80 290 180 190 300 240 250 220 330 210 240 320 320 360
0 490 400 350 360 170 390 240 190 340 440 320 260 280 310 0 240 360 420 380 200 440 290 300 290 260 390 390 360 90 330 270 290 400 210 290 330 200 320 460 140 210 450 410 250 300 320 310 350 170 340 340 420 380 200 170 310 410 330 210 350 360 160 230 250 300 280 330 430 480 380 340 360 230 360 280 310 310 390 290 270 290 270 310 270 280 370 160 330 300 320 350 320 300 370 390 270 340 320 390 330
0 450 320 300 170 140 360 160 210 280 310 190 380 180 340 270 0 170 290 250 180 250 200 190 260 120 260 280 120 270 220 250 220 300 80 170 230 170 290 220 110 80 320 290 100 220 100 190 220 130 260 270 270 270 240 140 190 230 260 180 320 250 130 170 180 160 40 380 290 400 290 230 270 270 120 140 180 70 340 340 160 230 210 280 250 140 270 120 170 190 200 280 260 260 260 330 130 310 270 250 90
0 400 310 140 310 200 370 270 260 250 380 250 340 190 340 270 190 0 250 330 230 90 200 230 300 120 320 320 170 220 240 300 270 300 270 220 270 260 250 270 220 170 230 250 290 320 290 240 230 180 360 170 280 240 330 260 190 70 240 290 380 200 240 10 160 160 90 380 370 380 200 230 190 270 170 140 230 250 180 340 280 130 210 210 270 260 240 220 310 210 200 330 370 380 310 160 270 430 180 190 210
0 310 280 350 170 170 330 300 280 220 410 180 310 280 380 380 190 310 0 90 230 400 230 210 70 280 250 190 240 150 290 60 250 260 140 320 270 200 230 340 200 140 390 340 150 250 290 290 260 160 280 250 330 330 100 230 290 270 230 150 140 130 220 250 150 140 230 400 220 430 170 210 270 250 230 300 260 260 250 390 330 250 270 280 250 290 160 150 230 240 330 140 270 360 310 300 180 400 100 400 260
0 430 280 300 320 140 370 270 240 210 440 90 380 230 360 380 170 340 340 0 310 350 240 190 260 280 310 310 150 340 220 250 200 200 240 250 340 180 240 250 160 250 300 360 270 280 270 220 310 190 320 330 440 350 290 150 210 400 150 210 330 50 130 170 230 50 210 320 450 430 300 120 300 160 150 300 240 240 170 400 290 330 270 190 160 310 280 180 340 230 260 260 300 370 280 220 250 320 220 350 170
0 320 290 370 270 230 380 270 380 170 420 220 410 300 300 340 210 370 250 340 0 270 310 220 250 320 290 300 220 330 140 310 90 270 280 160 330 270 240 290 200 250 440 320 300 230 260 130 330 230 260 370 370 270 280 240 300 290 270 270 390 170 220 290 330 200 240 400 470 510 190 270 210 310 290 300 270 180 400 350 330 310 340 110 80 260 340 220 280 250 330 150 360 370 200 360 170 360 280 410 270
0 470 400 380 330 300 490 330 450 270 330 350 260 290 490 330 300 470 450 410 230 0 210 270 390 290 270 440 280 340 340 400 240 430 240 300 340 310 380 420 270 240 280 170 400 360 400 280 220 270 400 270 230 360 400 300 360 330 260 340 480 320 290 340 180 320 340 450 460 410 330 330 290 370 390 200 290 320 440 400 340 50 280 330 300 320 150 290 380 300 270 310 420 440 340 460 280 450 100 310 250
0 320 230 170 210 220 380 210 250 150 360 250 350 170 370 220 190 330 360 400 160 410 0 150 260 300 270 240 220 220 220 250 190 280 230 100 270 260 180 330 230 240 370 460 280 240 200 70 160 150 280 150 220 200 270 230 240 160 140 270 330 200 210 320 60 130 220 330 450 210 120 200 150 240 230 90 200 110 260 290 230 400 160 270 240 190 310 220 210 190 150 250 290 310 130 340 250 330 300 190 250
0 330 300 310 220 220 380 310 250 180 430 180 360 270 370 350 210 370 340 360 280 450 140 0 120 210 300 240 300 200 250 320 100 280 190 200 320 250 250 400 210 190 460 390 200 90 300 210 270 210 130 290 360 180 150 230 270 290 230 200 400 130 220 250 190 210 250 330 400 340 200 270 280 310 300 220 60 250 400 290 220 340 300 340 310 300 210 200 330 40 290 160 370 260 270 280 230 360 160 330 280
0 250 250 280 100 100 260 230 300 180 360 180 240 230 310 320 280 250 280 240 190 330 160 290 0 210 250 120 240 80 250 210 190 330 70 250 200 130 310 340 130 70 370 270 80 220 300 220 190 90 260 180 270 310 40 170 280 310 170 80 280 260 150 250 90 200 160 380 290 360 260 270 200 310 240 230 290 270 380 330 260 220 220 300 270 260 100 80 340 290 260 250 250 290 290 370 110 330 40 340 320
0 430 260 290 240 160 370 150 230 200 300 180 400 110 220 150 80 240 330 320 110 310 120 260 210 0 200 300 140 160 170 270 200 190 150 200 210 170 290 240 180 150 290 220 170 260 170 180 110 150 300 260 160 180 240 160 70 270 240 230 340 140 150 240 170 40 110 270 370 320 240 110 260 150 140 20 170 150 380 220 160 310 100 180 150 140 260 140 200 190 90 260 250 260 250 330 200 330 210 130 160
0 430 400 370 260 250 220 270 300 250 380 290 470 270 310 340 110 280 360 350 110 360 290 300 260 230 0 340 140 330 250 310 200 350 190 160 330 130 350 330 220 190 250 380 210 220 210 130 110 230 260 310 350 260 290 250 160 340 300 290 390 280 240 280 220 250 150 260 400 490 300 60 70 100 230 250 260 180 370 350 270 340 260 220 190 250 340 230 250 240 250 260 240 370 200 400 230 420 290 310 200
0 300 310 380 40 200 360 150 200 260 410 260 320 210 300 320 340 280 360 320 220 360 220 220 280 290 330 0 170 160 280 300 220 370 150 190 320 230 300 320 170 150 410 350 160 310 280 160 220 80 350 70 350 290 110 200 170 350 170 190 380 300 190 260 160 230 280 370 360 420 320 300 90 340 250 310 270 200 450 330 270 290 200 250 290 250 140 190 290 260 230 280 140 250 220 410 190 370 80 370 350
0 360 340 310 210 190 390 180 340 250 330 290 430 130 390 280 280 370 370 410 220 450 150 290 240 320 360 360 0 320 200 260 160 290 240 100 280 270 310 390 230 240 260 460 320 290 200 80 270 240 320 290 310 210 270 190 240 300 240 260 330 240 180 330 200 190 240 300 460 350 260 260 150 300 290 230 120 120 410 250 190 370 130 320 290 170 310 230 220 100 120 220 280 290 140 360 230 360 270 330 310
0 410 320 270 270 80 300 160 300 280 380 330 320 220 300 330 250 280 370 350 120 360 210 210 200 180 380 300 290 0 250 190 200 360 270 200 250 120 240 390 50 270 390 330 280 210 290 250 280 80 250 320 330 300 230 90 240 330 310 120 270 280 70 270 230 220 200 380 380 410 300 260 320 300 280 200 230 290 300 330 180 200 210 220 190 250 280 70 280 220 240 260 240 220 310 400 280 260 230 300 330
0 370 360 400 220 210 380 300 380 250 450 290 360 250 430 300 270 360 400 290 260 440 270 300 120 330 350 240 290 200 0 320 170 340 190 330 250 240 320 390 240 120 410 340 200 340 370 310 260 210 380 260 310 330 150 280 370 360 280 190 400 240 260 360 200 200 270 420 400 470 260 270 280 300 290 170 320 340 400 370 310 330 250 330 300 290 210 200 340 330 240 230 360 410 330 340 30 370 150 280 310
0 250 230 290 120 110 270 240 320 190 360 190 260 230 320 320 140 260 290 250 200 340 170 150 20 220 260 140 230 90 260 0 200 200 80 260 210 140 170 330 140 90 350 280 100 190 230 240 200 100 230 190 280 280 50 180 290 220 180 90 80 270 160 260 100 130 170 370 300 370 120 170 210 210 220 240 200 210 330 340 270 200 220 270 240 230 110 100 310 190 270 80 260 310 260 370 120 350 50 350 220
0 230 210 330 260 180 300 230 300 90 340 130 330 260 330 350 120 290 400 360 290 370 270 130 250 240 370 220 210 260 150 290 0 190 190 290 350 230 160 310 160 200 360 400 220 220 220 280 340 190 260 280 370 310 280 180 240 200 180 230 360 80 170 200 270 110 160 380 410 450 100 180 310 220 210 260 180 190 310 420 280 320 320 250 220 210 310 190 290 170 320 70 280 330 340 280 180 270 280 350 190
0 320 300 270 290 90 260 160 270 20 380 220 330 220 310 330 210 280 370 320 280 360 160 220 200 180 360 300 290 280 80 190 90 0 270 230 250 120 240 390 50 150 370 260 280 120 290 230 280 90 160 300 320 210 230 90 250 290 270 120 270 170 70 280 210 200 210 360 380 360 190 260 300 300 290 200 230 270 370 310 190 140 210 310 290 250 250 80 280 220 240 160 240 260 200 180 110 200 190 300 40
0 400 350 380 380 200 400 180 290 230 300 110 490 270 360 360 220 360 210 170 290 430 280 300 280 340 180 380 190 360 300 270 170 260 0 280 410 270 320 330 270 10 390 500 310 300 320 260 290 140 340 340 410 380 310 310 230 370 270 340 320 220 290 340 250 140 250 310 220 480 270 210 240 250 230 350 300 290 340 260 330 400 260 270 240 300 350 240 310 290 300 230 380 290 320 380 330 410 300 410 260
0 410 280 330 270 170 390 120 290 210 270 300 410 150 360 190 220 300 270 330 320 380 160 300 170 250 350 290 200 250 260 160 180 190 240 0 330 210 270 300 140 170 280 440 250 300 310 220 310 170 340 300 380 110 200 170 320 310 290 210 240 260 160 270 210 100 170 340 430 360 280 170 300 210 190 240 140 270 410 290 180 320 300 240 210 100 260 160 340 150 300 240 330 220 290 290 280 340 210 340 220
0 330 170 350 220 170 330 190 260 230 340 270 290 220 360 360 190 360 310 330 60 330 230 100 220 300 330 180 170 220 200 280 150 220 160 220 0 210 120 270 210 160 330 380 290 190 290 190 60 200 220 200 340 270 250 100 310 340 330 150 350 220 230 350 280 80 230 340 380 410 70 150 220 180 170 310 150 240 450 380 310 350 260 170 140 180 300 210 340 130 250 210 240 300 260 360 230 410 240 390 190
0 400 460 370 180 240 440 310 180 330 260 350 460 340 310 380 360 420 340 400 280 390 340 200 320 340 420 220 340 290 260 350 290 380 240 200 400 0 280 320 210 240 330 330 300 100 380 350 280 240 140 290 430 180 250 250 310 320 380 280 430 330 230 240 300 240 320 340 400 480 390 310 280 350 330 350 250 400 420 290 250 430 370 240 350 300 280 230 340 240 360 360 120 420 420 280 290 390 300 420 290
0 520 370 380 280 200 360 210 180 320 410 300 480 290 300 330 120 280 400 360 290 360 260 200 310 230 270 390 230 380 330 300 290 330 190 150 300 280 0 330 220 190 420 330 210 290 210 180 330 240 330 310 220 250 340 260 300 350 300 180 380 330 240 280 220 240 150 260 400 460 320 310 260 110 230 250 250 190 380 430 270 270 330 380 350 240 380 240 280 240 320 360 120 310 220 430 240 420 320 360 200
0 360 370 380 100 250 420 200 260 310 460 310 380 270 350 380 340 340 410 370 270 420 280 280 340 340 380 60 230 210 340 360 270 370 200 240 370 290 350 0 220 210 460 390 220 370 340 220 270 130 270 130 400 320 170 260 230 310 220 250 440 350 240 310 220 220 330 430 420 480 370 290 150 330 300 350 330 260 420 380 320 350 260 310 330 300 200 240 340 310 280 340 200 240 280 470 240 420 140 430 340
0 360 270 220 250 40 260 110 250 300 330 310 280 170 260 280 200 230 410 300 230 310 160 170 150 130 330 250 240 230 280 140 230 310 220 250 200 70 190 340 0 220 340 310 230 170 240 220 230 40 200 300 290 250 180 40 200 280 290 70 220 260 30 230 210 170 160 330 330 360 260 210 300 250 240 150 180 260 360 290 140 310 160 270 270 200 250 30 230 170 190 220 190 210 290 350 260 210 190 250 290
0 500 340 450 430 310 500 180 410 380 460 260 510 270 350 360 280 440 500 170 430 470 280 310 370 390 480 400 320 400 370 420 360 360 350 370 480 350 340 420 330 0 470 530 370 400 340 340 440 130 420 420 500 460 350 310 350 430 310 380 480 210 300 330 330 220 310 420 550 480 280 290 420 270 310 360 330 350 340 380 320 500 260 360 330 300 350 350 430 350 430 430 420 290 410 380 400 440 390 400 340
0 460 370 200 350 270 430 330 320 300 440 310 420 140 400 330 260 280 310 270 290 360 160 300 250 180 380 370 240 280 330 360 330 360 320 240 330 330 320 330 260 290 0 280 330 390 350 220 280 240 210 230 330 230 280 250 250 310 290 320 440 270 280 70 210 220 150 440 430 360 270 290 250 330 230 200 350 260 420 400 300 400 270 360 330 320 340 280 360 330 260 390 430 430 280 230 360 410 280 250 340
0 380 340 390 360 210 440 280 350 240 420 280 450 230 340 270 200 320 450 440 230 400 240 270 330 130 330 350 260 280 290 310 150 310 270 320 180 290 290 360 300 270 410 0 290 350 290 310 230 260 380 370 280 300 360 210 190 240 330 280 390 230 200 320 290 160 190 390 470 440 240 230 380 270 260 140 300 270 340 340 280 430 220 300 270 260 380 250 320 300 210 220 380 380 370 430 320 380 330 250 280
0 390 370 380 370 250 330 250 400 250 400 290 350 200 480 300 270 430 490 370 260 510 210 290 310 310 240 370 290 300 260 360 160 340 340 300 350 340 320 410 320 200 310 190 0 350 360 280 250 300 300 350 190 320 340 250 380 360 300 320 250 240 240 360 260 270 300 360 440 410 260 300 300 340 310 170 270 320 320 310 250 140 190 360 330 230 250 290 290 280 180 230 350 350 330 340 30 270 190 270 340
0 470 380 330 340 150 340 220 160 240 370 400 390 250 280 290 310 340 250 310 190 420 260 280 270 240 380 360 270 340 300 250 270 300 330 110 310 180 250 380 120 140 390 300 350 0 290 260 180 150 40 400 340 90 300 150 280 390 360 190 330 350 140 350 310 200 270 240 310 400 310 270 190 310 300 260 240 300 360 200 150 330 270 280 260 210 340 140 240 250 300 330 300 330 320 190 330 320 300 370 200
0 470 380 350 250 170 430 220 250 310 330 340 460 170 260 310 230 230 370 350 260 310 180 270 280 160 320 290 260 310 320 280 280 340 300 230 360 70 260 390 240 270 380 310 320 130 0 250 260 40 170 330 270 210 310 230 220 240 320 290 360 290 210 240 230 200 260 330 430 390 300 270 310 300 290 170 240 260 350 290 230 350 160 310 300 210 350 30 330 250 240 340 190 330 310 310 340 400 310 280 310
0 430 300 240 140 190 420 140 290 230 290 280 420 170 320 210 240 330 300 340 150 410 180 300 200 280 290 320 160 260 280 190 200 220 170 30 210 200 230 320 160 170 310 390 260 260 130 0 200 170 300 320 240 140 210 200 170 320 310 230 260 280 180 290 230 120 200 360 390 380 270 190 80 230 220 260 160 50 430 320 200 350 280 250 220 130 240 160 150 170 270 260 240 250 70 320 280 370 230 290 240
0 320 300 370 270 230 390 280 380 180 420 220 420 300 310 350 210 380 260 340 10 270 320 220 260 330 290 310 230 330 140 310 90 270 280 160 340 270 250 290 200 260 440 330 310 230 270 140 0 230 270 370 380 270 290 160 300 280 270 270 300 170 220 290 330 200 250 400 470 520 190 270 210 310 300 300 270 180 390 360 330 310 320 110 80 260 350 230 280 260 310 160 360 380 200 370 170 360 290 410 280
0 470 350 320 320 190 400 190 340 300 340 370 430 140 220 360 340 370 410 410 300 400 150 300 250 320 360 360 230 320 350 300 250 420 310 240 380 230 230 400 370 320 350 490 330 290 210 220 310 0 330 290 370 350 280 200 230 300 280 260 380 330 180 350 200 280 240 300 520 350 270 350 290 330 300 230 210 220 410 250 200 370 130 320 380 170 340 230 300 220 300 310 290 290 280 360 310 360 280 340 400
0 430 350 290 300 110 330 180 320 200 330 360 350 210 330 250 280 310 210 270 150 390 220 240 230 200 340 330 260 310 270 220 230 260 300 70 270 150 210 340 80 110 350 380 310 240 250 230 140 110 0 370 360 50 260 110 270 350 320 150 290 310 100 310 270 160 230 280 270 370 330 230 310 270 260 220 200 280 350 230 120 290 240 250 220 170 320 100 280 220 260 300 260 290 300 320 290 280 260 330 160
0 240 360 330 230 150 300 190 290 300 340 360 440 150 230 300 330 290 390 420 150 370 160 270 220 290 350 340 110 240 280 260 240 310 260 120 250 230 240 300 250 260 360 340 300 290 220 100 150 10 330 0 320 230 250 150 120 310 290 130 330 320 190 290 210 210 210 310 380 360 280 280 30 320 190 240 210 140 420 260 200 380 140 260 230 180 310 190 220 210 220 300 230 300 160 370 310 370 250 350 330
0 460 430 410 190 290 270 310 350 240 430 340 450 320 350 380 160 320 390 400 140 400 330 340 210 280 50 330 190 280 280 360 230 390 230 200 380 170 380 380 260 230 290 420 250 260 250 180 140 240 300 230 0 310 240 290 200 390 220 280 320 310 280 330 140 290 190 300 450 530 330 110 110 150 270 290 300 220 420 400 310 390 310 250 220 300 300 270 300 290 300 290 290 420 240 430 280 420 240 350 240
0 390 300 250 270 60 280 140 280 220 290 310 300 160 280 210 230 260 170 230 230 340 180 190 180 160 290 280 220 260 230 170 200 210 250 20 230 100 170 290 30 60 300 340 260 190 210 190 260 60 230 320 310 0 210 70 220 310 310 100 250 270 50 260 230 120 180 230 360 320 280 190 260 230 210 180 160 230 300 180 70 250 190 200 220 120 270 50 230 170 220 250 220 240 250 270 260 240 210 280 240
0 380 370 310 210 130 310 200 320 150 330 150 210 250 350 350 260 220 250 210 160 300 250 260 250 220 220 350 230 50 220 240 190 300 40 220 290 170 280 370 100 40 360 240 50 260 300 190 160 130 300 150 240 330 0 130 260 280 140 170 300 250 120 220 60 170 250 350 260 450 280 240 170 280 270 220 280 240 350 300 230 190 240 270 240 280 300 120 330 260 230 250 280 260 260 340 80 300 240 320 290
0 450 380 350 250 230 430 220 250 310 340 310 470 170 380 390 340 410 430 490 270 410 190 130 250 330 410 220 270 330 240 330 220 400 320 280 420 310 360 460 330 320 390 520 330 220 370 250 340 270 260 280 360 310 280 0 380 340 320 300 410 260 220 380 240 310 280 330 420 390 300 380 300 420 360 270 180 290 450 290 230 410 160 360 340 210 340 270 260 170 150 290 320 330 310 400 270 400 280 370 410
0 440 300 300 280 220 450 140 170 280 380 250 480 210 160 310 280 180 420 340 290 260 130 280 290 200 240 240 80 350 180 330 240 370 320 180 350 120 310 180 310 300 340 360 370 210 280 150 290 80 250 280 340 280 320 270 0 240 260 330 400 320 250 180 180 240 260 370 520 330 250 300 230 340 80 220 200 200 350 330 270 300 200 200 290 250 190 70 300 180 190 300 240 240 220 330 210 390 310 320 360
0 450 360 310 330 190 300 260 380 280 460 310 430 130 380 350 290 360 430 420 280 440 140 290 230 280 400 350 220 280 280 300 320 410 300 230 320 200 310 460 160 250 470 440 310 290 330 200 280 160 330 280 360 300 260 200 350 0 270 230 380 260 180 340 190 270 310 440 480 340 260 340 280 280 360 220 330 250 110 410 290 450 290 280 250 330 320 150 350 320 290 380 320 370 270 470 310 360 270 250 140
0 290 260 380 310 210 350 280 260 140 390 180 380 300 380 240 170 330 350 410 340 360 310 180 300 290 330 270 170 310 210 320 60 210 240 260 400 200 210 270 210 250 320 450 270 270 270 240 390 240 310 330 380 360 330 230 290 250 0 280 400 130 220 250 290 70 210 330 460 500 150 140 310 180 160 310 230 240 360 410 330 350 290 210 180 260 300 230 340 220 280 120 320 380 280 330 230 320 240 380 190
0 350 300 210 240 20 190 260 260 240 370 310 380 210 290 300 240 220 410 380 190 300 90 220 140 170 330 260 170 220 270 130 180 300 210 180 130 110 240 270 270 210 420 350 220 160 280 150 180 70 200 230 310 250 170 190 230 240 220 0 210 260 180 220 140 200 90 370 260 290 190 270 230 310 170 170 270 200 350 320 260 330 200 290 260 240 230 70 260 260 240 210 230 360 220 350 250 270 180 260 320
0 370 370 330 240 150 380 330 260 190 390 240 380 180 390 250 330 380 360 370 130 390 190 280 140 320 380 260 190 220 250 250 210 170 210 220 340 170 310 410 220 210 450 410 220 110 380 250 290 200 150 310 410 200 170 150 300 340 300 210 0 290 140 380 220 270 290 350 420 390 260 340 210 380 360 270 170 300 450 300 260 310 310 230 200 320 230 190 320 160 300 270 290 430 320 290 240 320 170 380 210
0 390 360 250 320 100 330 280 230 240 440 50 340 280 320 340 270 300 360 370 270 380 250 150 220 240 400 320 240 300 310 210 160 310 290 340 290 190 200 340 310 290 340 320 300 240 330 310 270 150 280 280 390 320 250 110 160 350 110 170 290 0 90 130 190 170 210 440 410 460 250 240 310 280 240 260 200 340 460 390 330 400 270 310 280 310 310 140 360 180 260 220 310 390 380 280 330 270 250 310 290
0 340 340 200 230 20 240 200 270 310 350 310 260 190 280 330 260 260 400 280 270 340 170 150 130 180 360 230 250 210 260 120 240 310 200 260 210 100 290 350 260 200 400 340 210 150 270 240 270 60 190 300 320 240 160 20 250 320 300 90 200 270 0 260 220 220 170 350 340 370 240 290 310 330 250 200 200 280 430 300 240 320 180 330 330 220 230 60 280 180 170 200 220 300 300 340 240 190 170 250 340
0 400 310 130 350 200 360 270 260 310 380 250 360 220 340 270 190 220 240 330 230 300 230 230 310 120 320 310 170 220 270 300 270 300 260 220 260 290 260 270 260 270 220 310 290 320 290 240 220 170 360 170 270 240 340 280 180 280 300 290 380 200 260 0 280 160 90 380 370 370 200 230 190 270 170 140 280 260 390 340 280 340 210 290 260 260 370 240 310 270 200 330 370 370 300 160 300 450 320 190 280
0 330 340 380 160 240 340 200 340 100 430 260 440 240 320 320 250 380 360 430 110 380 250 260 280 350 400 350 200 270 170 320 140 290 260 170 340 280 290 350 280 270 400 430 280 340 250 140 110 100 370 100 380 270 230 240 210 330 90 220 400 210 280 330 0 150 290 400 480 450 230 220 120 260 240 330 300 190 440 350 290 410 230 220 190 270 360 270 290 300 310 200 320 300 210 290 200 280 310 420 270
0 460 230 350 270 170 390 240 190 160 390 260 410 230 320 380 120 290 290 350 300 300 240 220 280 240 260 260 100 350 170 280 240 150 200 200 330 140 330 200 140 200 260 410 220 230 220 170 330 170 270 320 390 300 310 180 310 350 310 210 360 210 160 290 230 0 160 270 410 440 330 70 250 110 100 260 220 190 380 350 270 280 220 140 110 260 230 160 290 200 210 300 250 340 240 330 200 340 170 320 120
0 440 350 270 280 240 450 240 180 280 290 260 470 190 300 240 160 140 380 360 190 220 200 160 280 90 250 240 90 240 190 300 250 270 230 140 290 260 370 190 260 190 350 310 250 250 260 160 190 230 280 300 240 250 310 250 150 200 320 310 370 220 230 140 250 130 0 350 290 400 320 200 230 230 90 100 200 200 310 300 240 260 180 260 230 220 340 220 280 190 170 310 340 340 220 300 210 410 290 210 240
0 470 280 130 320 200 400 190 150 300 340 380 400 140 230 350 300 340 400 410 290 410 160 210 250 260 360 290 240 220 350 300 250 310 320 250 260 180 230 240 260 290 360 410 330 230 110 220 290 10 210 300 350 240 280 200 230 310 290 270 380 330 190 340 210 190 250 0 480 360 180 260 300 290 280 220 210 230 120 260 200 380 140 330 290 180 340 130 310 220 280 320 290 300 280 370 310 370 280 190 310
0 340 300 300 290 130 250 200 70 10 420 230 370 260 200 290 220 170 360 360 220 250 200 240 200 220 380 310 170 180 80 240 110 50 260 210 290 170 260 320 100 190 370 310 280 170 290 240 330 130 200 330 360 190 230 130 200 240 60 170 100 180 120 180 260 120 250 390 0 370 210 190 310 230 220 240 140 290 180 360 230 180 260 260 230 300 290 120 330 130 280 170 280 310 240 200 110 200 230 350 80
0 310 280 260 240 250 370 270 40 160 410 200 400 230 170 340 200 120 220 300 250 210 130 210 280 240 280 290 250 330 230 270 80 260 270 220 310 290 230 350 240 270 350 370 260 300 290 190 280 250 180 270 340 230 310 240 170 190 260 310 350 160 240 130 180 190 210 390 430 0 180 260 270 300 250 210 40 150 300 340 200 250 220 330 290 260 340 240 250 20 210 140 340 380 250 280 260 350 300 310 260
0 360 110 340 160 180 400 130 200 170 280 210 230 160 330 300 130 300 300 340 270 310 170 40 160 240 270 120 110 160 180 290 130 160 210 200 340 150 60 210 150 210 270 380 230 130 230 180 300 180 160 180 280 210 190 190 290 320 260 220 370 160 170 280 220 20 170 280 420 350 0 80 210 120 110 250 90 200 390 320 250 290 230 150 120 120 240 170 300 70 220 190 180 230 250 300 190 360 180 330 130
0 430 360 330 200 190 410 210 240 250 330 230 430 230 370 320 50 220 310 300 230 300 250 240 310 170 300 280 170 280 190 290 270 330 130 150 280 70 310 270 160 130 190 340 150 160 150 120 260 180 200 250 320 240 270 190 240 280 240 230 370 240 180 220 160 210 90 200 340 450 260 0 200 40 170 190 230 120 310 290 210 280 260 170 140 190 320 170 220 240 250 260 180 310 180 340 170 360 320 250 140
0 440 370 310 210 260 450 210 260 300 360 340 430 210 250 280 310 270 370 410 130 350 220 350 190 290 330 310 80 270 260 250 220 280 240 100 270 210 300 270 230 240 340 320 270 300 200 70 130 170 340 370 300 200 230 270 100 330 320 270 330 290 250 270 280 190 260 370 450 430 310 260 0 300 170 310 200 120 430 330 270 390 200 240 200 200 280 170 200 180 190 280 300 320 140 380 290 440 230 360 310
0 440 320 290 180 150 370 170 220 220 320 200 390 200 350 280 20 180 300 260 190 260 210 200 270 130 270 290 130 280 230 260 230 300 90 110 240 180 270 230 120 90 330 300 110 230 110 80 230 140 270 210 280 210 250 150 200 240 200 190 330 260 140 180 120 170 50 160 300 410 220 240 160 0 130 150 190 80 280 350 170 240 220 290 260 150 280 130 180 200 210 290 270 270 150 340 140 320 280 260 100
0 360 350 310 200 190 380 190 100 250 330 180 430 140 220 290 270 370 370 390 220 410 150 300 220 320 170 160 10 300 100 260 170 290 240 100 280 280 310 110 240 220 270 440 300 180 210 80 270 240 220 230 300 210 250 200 220 300 240 260 340 240 180 330 200 200 240 300 460 350 260 230 150 260 0 230 120 120 410 250 190 370 130 250 220 170 300 230 220 110 120 230 290 290 140 360 130 360 240 340 320
0 410 300 270 270 140 350 140 290 250 290 170 380 90 390 140 110 270 320 350 90 350 100 250 200 220 190 320 180 140 160 250 180 360 180 180 190 190 270 320 190 180 300 390 200 240 200 170 90 190 280 240 140 160 230 150 280 250 220 210 330 120 130 240 150 230 140 250 400 300 220 250 240 290 220 0 160 180 360 200 140 320 80 200 170 120 270 180 180 170 70 240 240 240 230 310 180 310 230 110 190
0 280 250 260 290 220 340 270 330 130 380 170 370 250 370 310 160 330 440 400 250 410 90 180 300 280 270 260 250 300 200 330 50 230 240 180 360 270 200 350 200 240 410 440 260 270 260 160 250 240 300 240 310 290 330 220 280 240 220 270 400 120 210 240 140 160 200 420 450 290 150 220 230 260 250 170 0 200 350 370 170 350 250 290 260 260 350 230 300 20 240 110 320 370 220 320 230 310 320 280 230
0 420 330 440 100 250 460 270 250 280 420 310 380 300 370 440 310 310 360 370 110 370 310 250 350 350 250 340 310 210 240 360 190 360 200 260 160 290 280 380 220 210 440 400 220 240 370 240 220 250 270 310 200 320 170 250 380 370 300 290 440 270 240 310 220 210 330 460 420 510 220 280 310 310 310 360 240 0 480 430 350 350 380 210 180 260 200 240 100 250 390 260 190 380 300 420 240 420 200 380 330
0 490 400 370 240 190 450 240 270 320 350 350 480 190 280 320 190 250 430 430 180 330 200 260 300 180 350 310 280 330 310 300 260 360 260 280 380 90 280 400 290 260 400 330 280 190 260 250 170 60 220 350 310 270 310 250 240 320 330 310 380 310 230 250 250 210 220 330 470 400 320 280 330 180 300 190 260 260 0 310 250 370 180 280 250 220 350 50 260 270 260 320 210 340 320 370 260 420 330 300 270
0 370 330 180 310 180 150 240 190 220 390 270 400 190 280 330 260 160 290 350 60 240 200 230 300 280 190 270 260 260 190 290 140 310 330 140 290 220 280 280 150 180 380 340 260 40 150 180 220 60 80 330 150 130 330 190 280 230 300 220 370 220 170 160 250 160 250 50 350 300 220 230 230 270 260 260 260 230 170 0 190 280 180 160 130 220 140 170 50 270 330 200 340 340 250 220 220 360 320 230 230
0 510 420 360 250 310 480 260 390 350 410 340 390 290 280 330 340 370 410 450 270 290 300 380 280 290 390 370 270 350 160 300 280 330 290 150 320 210 350 310 280 280 420 310 360 260 140 120 320 170 300 410 340 250 310 260 280 380 430 350 380 360 300 370 350 240 310 470 500 500 380 310 200 350 330 240 280 160 230 420 0 180 300 130 340 250 290 170 260 290 310 350 330 360 180 430 190 480 230 350 360
0 430 360 440 370 260 450 330 440 280 530 330 220 340 470 340 320 440 550 490 330 520 330 230 350 250 230 420 240 400 340 360 200 380 390 280 300 270 360 380 230 320 380 130 420 320 420 310 320 260 350 340 190 390 380 260 320 360 380 300 440 280 250 400 320 290 310 460 530 520 300 290 290 330 350 270 250 350 470 470 360 0 350 430 400 380 110 250 440 260 340 270 390 440 370 470 240 430 60 380 210
0 340 220 190 220 70 270 60 220 170 210 250 310 10 330 230 210 250 380 330 180 330 30 180 120 200 290 240 110 200 230 170 120 300 190 120 260 150 200 300 250 190 230 370 200 160 210 90 180 110 200 170 240 220 150 70 260 180 160 140 250 200 60 230 80 150 120 170 390 230 140 220 170 260 200 110 80 130 290 130 70 250 0 200 250 50 210 110 180 90 170 190 160 170 150 240 230 240 150 210 270
0 400 390 420 240 240 350 330 350 280 480 320 390 280 450 330 300 390 420 320 230 160 290 320 150 350 380 240 320 220 30 350 190 370 210 360 270 270 350 180 270 150 430 330 230 360 390 330 230 230 400 280 330 350 180 310 400 390 300 220 430 270 290 390 220 220 300 440 390 490 290 290 310 330 320 200 260 370 420 400 340 200 270 0 300 320 240 230 370 240 260 260 300 420 360 370 60 360 180 300 340
0 430 420 350 280 200 380 330 310 310 480 150 420 280 420 360 330 400 180 270 260 190 290 250 180 340 400 270 150 250 60 240 220 300 250 250 300 290 300 220 260 180 410 360 260 150 350 220 260 250 190 320 360 240 210 210 260 420 210 250 310 100 190 230 250 250 310 390 390 490 320 320 300 360 340 230 270 260 430 350 300 230 270 40 0 310 270 240 360 250 260 290 330 410 280 340 90 370 210 330 330
0 310 180 230 250 250 340 20 250 160 170 200 390 50 370 190 200 200 420 390 220 280 60 210 150 160 310 270 140 230 210 270 80 260 220 150 320 280 230 260 240 220 180 340 230 300 210 120 210 170 330 200 280 260 180 260 220 210 190 230 350 160 240 210 110 190 70 380 360 260 180 240 200 280 150 140 40 170 320 340 200 330 210 300 290 0 190 230 270 50 200 140 250 120 190 190 240 280 190 240 260
0 490 460 470 360 370 420 360 490 340 510 380 370 320 520 390 320 490 470 470 330 550 330 390 390 440 220 470 350 400 380 470 260 330 400 370 430 340 410 500 380 300 270 430 420 430 420 340 320 410 300 470 400 350 420 370 370 460 440 440 550 340 360 340 380 370 360 470 550 530 360 280 280 310 400 260 380 270 490 430 370 460 310 430 400 350 0 400 370 390 300 320 460 470 410 430 130 530 420 370 370
0 450 360 330 220 150 410 200 230 280 310 310 440 150 230 280 210 210 390 420 240 290 160 250 260 130 310 270 240 290 300 260 260 310 280 250 330 50 240 370 260 280 360 290 300 140 220 230 240 10 180 300 270 230 290 210 200 270 290 270 330 260 190 210 210 170 240 310 450 360 280 240 300 280 270 150 220 230 380 260 200 330 140 280 280 180 330 0 310 230 220 320 170 300 290 330 320 370 290 260 290
0 320 300 370 270 230 360 280 300 180 420 220 370 300 310 340 210 380 260 340 10 270 320 220 250 330 150 310 210 310 140 310 90 260 280 160 340 250 250 290 200 250 370 330 220 230 270 140 240 230 270 330 100 270 290 240 300 290 250 270 390 170 220 290 240 120 240 380 470 470 190 180 210 220 210 300 270 180 400 350 330 310 330 110 80 260 100 230 0 260 320 160 360 380 200 370 170 360 280 280 230
0 290 270 280 310 240 350 280 350 150 400 190 380 240 390 320 180 340 450 420 270 430 110 190 310 300 260 270 270 310 210 340 60 240 250 200 370 290 210 370 220 250 420 460 270 280 270 170 260 250 320 250 330 310 340 240 300 260 240 290 420 140 220 260 160 170 210 430 470 310 160 240 250 280 260 190 20 220 370 390 180 360 270 310 280 270 360 240 320 0 260 130 330 390 240 330 240 330 340 300 240
0 350 230 200 230 80 280 70 230 180 220 260 320 20 340 240 220 260 370 340 120 340 40 190 130 210 260 250 120 210 90 180 130 310 200 130 270 160 210 310 260 200 240 380 210 180 220 100 190 130 210 180 210 230 160 80 270 190 170 150 260 210 70 240 90 160 130 190 400 240 150 230 180 270 210 120 90 150 300 140 80 260 20 210 190 60 210 120 110 100 0 200 170 180 160 250 120 250 160 220 280
0 170 150 350 190 190 230 160 240 140 280 240 260 190 360 280 60 220 330 300 230 310 200 70 190 180 310 150 150 190 200 300 160 120 130 230 290 180 90 250 160 130 300 340 150 160 150 220 280 190 200 220 310 250 220 200 240 140 290 230 380 200 180 230 240 50 90 310 350 390 40 120 240 160 140 190 120 130 250 350 210 250 270 190 160 150 240 180 230 110 260 0 210 270 280 300 180 320 220 290 140
0 400 340 390 190 210 370 240 60 260 410 230 440 270 190 420 240 360 330 290 310 420 220 80 200 280 300 320 220 280 290 310 170 260 120 280 310 250 160 320 260 120 370 210 280 170 320 280 350 250 210 360 380 260 230 250 190 370 310 190 390 210 280 330 270 120 270 390 340 360 270 190 360 230 210 290 130 310 320 360 190 360 340 260 230 370 290 250 320 120 330 240 0 340 340 350 310 420 230 400 240
0 500 480 450 340 320 490 320 230 300 470 310 440 270 360 420 390 480 510 530 360 400 290 430 360 410 280 300 150 370 240 400 300 290 380 240 420 330 450 240 330 360 340 420 420 320 260 220 390 290 360 370 440 350 370 330 360 440 380 390 470 380 310 400 340 330 370 430 550 490 400 340 290 380 140 330 260 260 320 390 120 300 260 250 360 310 70 280 360 240 250 360 420 0 280 460 190 480 350 430 320
0 400 380 270 350 340 460 330 300 250 510 300 490 150 350 370 280 370 520 380 320 450 160 300 250 340 370 370 210 330 310 410 170 350 320 250 400 310 170 310 330 320 470 500 330 390 350 230 320 270 420 300 380 360 280 350 200 260 290 330 480 250 330 360 210 280 320 430 540 360 270 350 300 270 210 240 130 270 360 440 290 420 320 390 390 350 350 270 370 110 310 230 290 440 0 440 340 410 290 330 350
0 520 430 400 450 280 210 380 260 380 550 420 460 370 370 420 350 340 430 370 260 420 340 290 400 280 380 440 330 370 390 380 290 460 420 420 260 360 380 430 320 200 420 150 420 380 360 390 320 330 390 410 330 400 430 350 340 380 470 390 460 370 340 340 390 310 330 490 550 220 320 380 430 340 320 290 250 360 490 480 410 460 360 370 330 400 480 320 390 230 350 350 480 480 450 0 420 520 430 350 300
0 370 340 400 390 280 430 270 370 220 420 260 460 230 460 270 240 410 460 340 230 480 240 270 330 360 320 350 280 280 290 380 140 320 310 300 320 320 290 380 290 180 440 310 340 360 340 280 230 310 390 380 280 300 360 280 370 330 310 350 460 210 270 330 290 250 280 390 530 440 240 290 350 330 280 140 290 310 370 340 280 450 220 330 300 260 410 320 310 300 210 200 370 380 300 310 0 400 360 250 320
0 280 360 310 340 130 60 310 270 320 460 320 310 270 210 410 330 370 350 440 240 460 280 140 250 300 220 330 140 330 280 240 240 420 320 230 340 220 390 280 350 320 400 380 270 230 220 210 230 180 270 400 170 320 280 300 210 320 370 320 310 270 280 380 310 330 360 430 460 480 330 280 280 320 180 320 190 250 420 380 320 400 260 340 310 300 340 170 350 180 250 300 330 400 260 420 300 0 280 370 410
0 380 310 480 400 330 440 380 390 230 490 280 430 370 480 290 270 430 530 510 380 520 390 280 400 390 270 360 300 380 300 430 150 330 340 400 480 370 310 330 300 340 330 490 360 370 370 370 380 290 360 290 460 410 430 330 390 350 330 370 510 230 320 350 420 260 300 530 470 550 250 330 310 370 300 320 330 330 440 490 420 460 360 400 370 360 60 320 430 320 350 220 420 480 430 420 180 410 0 430 340
0 410 250 290 300 110 330 190 310 230 340 350 350 220 330 260 270 310 220 280 140 390 230 170 230 210 260 260 230 30 270 220 230 260 240 80 80 150 200 320 80 110 350 300 310 240 260 240 140 110 280 270 360 60 260 120 270 360 310 150 300 300 100 300 230 150 230 280 410 370 140 220 300 260 220 220 210 220 330 240 120 230 240 250 220 170 310 100 280 210 270 290 270 250 300 320 300 290 260 0 270
0 380 290 240 260 50 280 130 270 280 350 330 290 190 270 300 220 250 340 280 250 330 130 190 170 150 330 270 260 250 140 160 240 330 240 200 220 90 210 360 20 120 330 330 250 180 260 190 250 50 220 270 290 180 200 60 210 280 260 90 240 280 40 250 180 190 170 350 350 330 250 230 270 270 250 170 200 240 380 300 150 330 180 280 290 220 260 40 250 190 210 240 210 230 260 360 170 230 210 270 0
