80 5
80 403 9 9
36 453 8 6
20 523 1 3
59 417 2 7
97 360 1 8
29 415 2 1
69 480 2 4
1 445 8 5
1 466 2 5
74 453 8 5
46 450 6 5
65 472 2 8
88 488 1 6
78 485 10 9
16 437 1 5
33 356 5 3
62 349 6 10
41 366 2 6
35 497 10 1
27 518 8 2
97 453 8 7
24 441 2 10
60 400 5 10
10 497 3 2
68 413 9 9
80 444 7 4
79 359 10 6
98 442 8 10
45 502 3 9
44 447 7 4
41 397 3 6
78 407 2 2
7 512 4 5
28 492 1 5
96 519 9 3
2 452 6 6
65 457 4 3
12 336 2 7
92 346 8 9
40 345 10 2
65 359 4 5
44 409 7 6
19 424 1 2
100 323 3 5
36 388 5 9
50 325 2 1
46 376 4 4
76 338 4 9
84 506 7 8
8 352 3 10
69 372 6 4
86 446 9 5
3 471 1 9
15 377 10 9
86 384 1 6
92 375 6 5
30 464 3 6
90 403 3 10
31 515 4 8
52 378 10 7
71 357 7 3
65 488 5 5
87 348 2 8
73 409 8 7
95 364 10 8
59 467 2 5
61 471 2 9
31 454 10 4
6 355 10 2
31 499 2 4
43 514 5 9
90 342 8 3
39 508 10 3
100 489 7 4
67 513 8 7
55 316 10 8
47 481 7 9
68 343 5 10
10 410 1 9
8 384 7 2
SETUP
0 41 27 25 15 25 21 24 31 22 15 14 22 18 47 26 21 35 21 33 9 16 42 25 18 17 30 10 13 26 23 19 24 17 14 26 30 18 29 23 36 18 21 26 30 42 27 28 27 18 18 22 30 28 29 22 33 28 34 23 28 32 15 28 5 29 35 38 32 33 25 25 38 23 35 20 23 24 31 31 9
0 0 24 21 28 30 36 26 43 26 32 29 31 42 49 44 27 36 16 30 33 44 46 22 32 27 36 42 31 39 31 34 24 31 29 17 28 39 34 30 42 32 37 41 38 31 24 42 26 47 24 36 30 31 36 36 45 35 37 28 23 41 30 34 37 41 21 23 41 39 40 34 39 41 35 40 24 29 35 43 34
0 21 0 21 28 17 30 25 30 26 24 24 25 28 34 35 14 13 23 30 19 30 49 9 21 29 38 33 22 39 17 16 33 26 36 35 5 27 11 20 31 22 34 22 15 24 11 28 26 24 11 23 30 18 36 28 31 20 30 15 12 32 25 21 31 35 8 25 26 26 41 33 26 31 22 29 11 23 15 20 30
0 30 18 0 8 24 16 32 37 21 29 31 10 36 38 40 21 31 24 9 26 30 37 16 25 30 34 23 30 22 27 25 34 29 20 27 22 28 29 24 22 26 35 21 32 31 18 21 33 27 18 19 10 16 15 31 32 30 35 22 19 21 30 28 28 20 15 32 36 22 20 20 33 29 29 19 18 13 29 37 29
0 43 31 25 0 19 33 36 30 14 34 26 23 40 33 40 37 40 17 33 31 23 30 38 24 24 35 17 35 15 29 25 41 27 20 34 32 30 38 17 45 25 36 38 42 49 39 14 37 20 34 36 34 29 39 24 30 34 38 34 32 34 26 39 28 15 37 32 38 35 21 37 45 22 42 12 30 26 39 37 34
0 30 34 28 27 0 32 33 20 21 23 23 21 33 50 31 34 32 7 36 24 33 37 37 17 18 38 26 28 31 22 25 39 16 20 32 29 29 26 21 34 18 18 34 26 42 37 26 30 35 32 35 37 24 27 39 32 27 28 20 27 32 15 25 21 34 38 39 28 22 31 36 46 32 39 32 33 13 31 19 17
0 34 30 24 24 14 0 31 31 16 14 22 14 22 46 25 23 36 20 32 17 26 42 30 10 27 30 19 21 29 15 23 24 22 18 25 34 13 24 28 27 11 27 6 35 45 28 26 19 28 25 3 28 20 20 29 17 31 27 24 23 25 23 29 24 35 29 25 24 26 35 4 39 31 38 15 29 17 30 23 14
0 25 20 32 33 18 37 0 38 29 31 21 23 35 51 42 15 28 24 31 26 44 49 19 18 25 39 38 29 41 24 31 36 33 26 28 24 34 31 36 34 19 35 35 30 42 20 38 35 44 12 25 41 29 37 18 37 24 31 16 21 33 32 22 34 43 28 26 33 29 48 40 44 39 36 36 29 22 32 32 34
0 38 23 28 11 21 23 21 0 24 11 11 18 15 43 11 18 31 17 32 5 13 38 22 14 13 23 6 9 22 19 15 20 13 10 22 26 20 30 22 32 14 7 28 15 38 24 25 23 15 15 18 27 24 26 19 28 20 31 19 24 29 12 25 2 26 31 35 28 30 22 27 35 20 31 22 19 20 27 27 13
0 41 26 24 21 32 32 39 46 0 37 29 22 40 31 48 29 39 26 32 31 29 26 24 27 29 42 23 35 14 32 24 45 32 19 37 30 29 37 31 43 28 25 37 34 39 26 35 35 23 26 35 33 28 38 27 41 33 43 30 27 32 37 36 27 20 23 19 41 34 28 36 41 24 37 30 26 25 37 40 40
0 38 24 25 26 22 31 22 34 32 0 12 24 24 39 12 19 32 28 33 15 28 33 22 20 16 40 21 10 16 18 26 25 23 21 23 28 28 20 33 31 14 26 30 34 41 15 34 29 30 16 28 32 30 24 25 32 27 31 20 25 34 22 26 17 21 28 37 27 33 30 35 43 34 34 31 30 24 34 27 29
0 30 30 31 28 28 33 10 35 30 19 0 24 31 44 30 25 27 28 39 22 31 36 28 20 5 40 29 22 21 20 26 36 19 21 34 30 30 36 32 33 20 36 31 29 42 30 40 28 26 22 23 40 30 27 28 34 22 30 15 30 34 17 21 29 27 34 35 29 22 35 37 43 34 35 32 28 13 31 33 34
0 21 16 10 17 17 25 34 33 26 25 25 0 28 46 36 14 25 24 19 19 22 29 18 28 30 39 33 23 25 17 28 34 27 23 30 21 27 27 25 22 28 35 29 27 33 20 31 35 37 11 24 19 6 18 34 31 23 30 16 9 11 26 21 31 30 21 23 27 13 30 29 34 34 35 29 24 4 19 36 32
0 25 27 21 24 28 26 19 23 26 18 9 11 0 39 29 25 24 28 22 12 33 33 29 7 14 34 29 16 15 13 26 24 20 21 17 32 22 27 29 27 8 24 24 25 44 31 28 9 34 22 19 23 17 20 7 26 29 25 21 20 22 19 27 24 21 29 33 21 24 30 22 39 34 40 25 29 14 27 21 23
0 20 23 13 20 24 21 19 24 14 9 9 7 19 0 20 21 29 17 18 10 24 27 25 3 14 23 17 14 24 8 26 22 2 21 15 27 18 17 22 29 4 20 20 28 34 23 23 5 26 18 20 22 13 24 25 21 24 21 17 16 18 16 22 25 2 28 29 17 19 32 22 24 24 30 12 26 10 23 16 22
0 28 13 32 15 11 21 19 31 24 15 15 23 19 44 0 8 21 17 28 10 17 43 12 18 18 30 10 14 27 23 20 25 17 15 27 18 23 24 26 27 19 28 26 23 35 14 29 28 19 5 18 31 28 30 23 23 17 24 9 14 33 16 15 6 30 21 26 24 23 26 25 37 24 29 25 22 17 25 30 18
0 27 17 28 30 4 31 27 24 16 26 26 23 37 37 34 0 14 10 30 27 36 40 15 20 21 38 29 26 27 26 22 39 19 23 32 17 33 23 22 20 21 21 36 16 30 17 24 32 38 11 24 38 25 24 41 34 9 16 2 18 33 18 8 25 33 15 19 31 19 34 34 30 33 22 35 15 10 18 22 21
0 24 10 20 27 16 32 24 24 15 27 26 24 30 34 34 13 0 22 26 21 36 40 8 20 28 37 30 25 28 19 22 36 28 33 35 11 29 17 14 20 21 31 30 2 23 10 16 25 34 10 22 29 17 35 36 20 7 29 14 11 35 27 20 25 34 7 24 29 25 40 26 25 30 19 31 10 22 20 26 30
0 36 28 21 21 18 26 35 38 15 25 25 24 35 44 36 29 33 0 30 25 28 30 33 19 12 38 26 29 25 25 18 40 18 14 34 32 23 34 15 33 20 35 31 35 42 32 34 39 32 26 29 30 18 33 36 38 27 22 21 20 27 23 27 21 27 35 33 34 26 24 30 44 25 41 25 31 19 24 33 18
0 22 17 11 18 18 26 35 34 27 26 26 1 29 47 37 15 26 25 0 20 23 30 19 29 31 40 34 24 26 18 28 25 28 24 18 22 28 28 26 23 29 36 30 28 33 16 32 31 38 12 25 20 7 19 35 24 24 31 17 10 12 26 22 32 31 22 24 28 14 31 29 35 35 36 30 25 5 20 35 33
0 33 18 23 12 16 27 16 30 25 6 6 13 10 44 17 13 26 22 27 0 34 38 17 9 11 29 27 4 21 14 30 15 8 26 17 21 24 25 28 27 10 26 26 28 40 19 22 18 31 10 13 22 19 21 15 27 22 26 14 20 24 7 20 23 27 26 31 23 25 33 31 35 34 31 24 19 16 22 22 28
0 37 41 27 31 31 36 42 47 19 32 32 30 42 50 43 42 33 14 35 33 0 36 41 26 12 36 26 37 27 31 32 48 25 27 41 36 36 43 28 40 27 37 41 28 48 43 41 39 30 39 29 36 31 34 34 45 29 35 22 34 36 24 27 35 32 40 38 40 28 22 40 50 39 41 27 34 19 37 39 31
0 25 12 6 13 23 22 30 29 18 21 21 16 24 44 32 20 21 19 15 15 24 0 21 24 11 36 24 19 27 13 17 30 23 12 32 17 22 23 21 18 10 26 25 23 30 20 27 33 31 23 24 15 2 21 30 27 26 31 21 5 22 22 27 20 26 20 27 23 11 24 25 30 6 34 24 23 19 27 22 28
0 17 2 23 23 8 24 16 27 19 19 19 20 23 35 30 5 15 15 24 13 32 44 0 16 24 29 28 17 31 11 17 28 21 28 27 6 21 13 22 24 17 26 23 17 26 2 28 17 26 2 15 32 19 28 28 25 14 21 7 3 31 20 12 28 29 10 16 21 20 38 28 28 33 24 24 12 14 17 22 25
0 25 21 14 19 21 19 22 21 19 13 13 5 17 40 24 18 26 23 23 8 26 33 22 0 18 27 22 11 28 6 32 22 15 27 15 25 16 20 28 26 1 17 17 26 37 24 21 21 31 15 20 23 11 22 22 19 22 18 14 13 15 14 20 22 34 25 26 15 17 34 22 38 36 34 18 26 8 21 14 20
0 25 31 26 23 30 29 30 35 25 20 20 19 31 39 31 32 22 23 34 22 27 31 30 15 0 35 24 25 16 20 21 36 14 16 29 25 26 31 27 28 15 31 31 24 37 32 35 28 21 29 18 35 25 22 25 33 18 25 10 25 29 12 16 24 22 29 40 29 17 30 32 38 29 30 28 23 8 26 28 34
0 41 28 30 26 20 35 29 26 23 19 19 21 23 42 15 22 31 26 34 14 32 48 26 22 24 0 25 17 34 28 34 28 21 30 24 23 32 29 22 28 23 2 25 10 49 28 24 32 34 19 27 35 26 34 29 23 15 37 24 29 31 20 28 21 40 35 31 23 33 41 38 40 38 38 34 29 24 28 24 33
0 32 32 27 5 19 18 25 34 18 22 16 18 26 38 33 29 29 12 36 17 7 33 31 14 8 30 0 20 17 19 10 31 21 5 23 26 15 26 16 35 14 30 23 27 33 24 19 34 9 26 20 36 24 29 13 32 18 29 17 26 28 20 23 13 20 34 29 28 24 16 21 29 14 25 17 14 15 26 27 25
0 29 15 24 26 12 26 12 28 25 2 2 14 24 41 14 9 22 19 23 15 30 35 13 10 7 34 23 0 17 13 27 16 20 22 14 19 23 22 26 24 8 24 24 24 36 15 28 21 27 6 19 23 20 17 16 26 18 22 11 16 25 19 16 19 23 23 28 22 24 32 29 36 35 30 25 20 14 25 21 27
0 29 25 10 13 20 19 33 40 19 24 23 9 27 24 35 22 33 13 19 18 25 18 26 27 21 28 19 22 0 26 11 33 26 6 35 27 16 27 17 30 23 30 24 28 34 25 27 28 23 19 22 20 15 25 27 35 20 30 24 17 19 24 29 14 6 25 31 35 21 15 22 42 19 39 17 28 12 27 31 27
0 35 20 25 14 18 13 17 16 14 8 8 15 12 44 19 15 28 17 29 2 24 39 19 11 13 29 17 6 23 0 27 17 10 22 19 23 10 22 29 29 11 21 12 30 42 21 24 20 26 12 15 24 21 22 17 14 24 28 16 21 26 9 22 17 29 26 22 10 27 33 17 36 31 33 13 21 18 24 24 15
0 45 33 39 27 28 39 36 40 16 27 26 31 30 37 38 33 24 33 41 21 28 41 31 27 20 42 22 25 29 29 0 33 29 26 38 17 36 23 25 28 27 41 40 18 24 33 31 39 30 30 34 40 37 41 34 36 9 20 26 34 41 27 22 17 35 30 35 38 36 37 37 40 34 37 38 29 27 18 32 30
0 30 16 26 25 19 30 18 24 20 9 8 16 24 41 20 15 25 24 29 19 36 41 14 12 13 35 30 7 24 17 23 0 14 18 20 16 27 23 22 20 13 29 29 27 29 16 33 27 33 12 25 7 22 13 12 31 24 28 17 17 27 25 22 25 30 13 29 26 29 38 34 20 31 16 29 5 19 16 26 13
0 26 22 15 20 22 20 17 22 20 7 7 6 18 41 18 19 27 24 24 9 27 34 23 2 12 22 23 12 22 7 33 23 0 28 16 26 17 21 29 27 2 18 18 27 32 22 22 22 32 16 21 24 12 23 23 20 23 19 15 14 16 15 21 23 28 27 27 16 18 35 23 39 37 35 19 27 9 22 15 21
0 42 28 28 8 15 13 28 35 14 18 18 25 22 40 29 25 29 7 37 12 20 32 26 21 18 33 13 16 22 22 5 27 20 0 29 21 10 21 12 33 17 32 18 23 29 19 21 30 22 22 16 34 24 32 26 30 14 24 26 27 31 19 26 8 22 35 32 31 33 27 17 41 13 35 12 26 25 22 26 21
0 34 23 29 32 25 33 23 32 27 16 13 19 29 48 27 22 32 31 32 22 41 48 21 15 18 36 37 14 31 20 30 8 15 25 0 24 30 30 29 27 16 32 32 34 36 23 36 19 38 20 32 15 25 20 19 34 31 33 23 24 30 13 29 32 37 20 37 29 32 45 22 27 38 23 32 12 22 24 28 20
0 33 18 29 26 19 26 29 28 23 20 20 27 24 30 31 21 9 26 34 14 36 46 17 23 25 41 29 18 35 13 11 29 22 33 31 0 22 7 16 27 23 33 24 11 32 19 24 32 38 18 27 36 25 34 29 26 16 26 16 19 38 21 17 28 31 16 32 22 33 45 29 32 27 21 25 18 29 11 16 27
0 37 30 27 12 17 4 28 27 4 17 19 17 23 34 28 26 25 7 35 14 14 29 28 13 15 30 7 18 17 12 17 27 22 12 28 30 0 12 22 29 14 29 9 27 39 30 26 22 16 23 6 31 23 23 20 20 24 26 17 26 28 20 17 12 23 27 23 22 29 23 7 34 21 26 3 19 20 28 16 17
0 40 28 39 28 26 44 33 30 33 40 23 38 40 32 40 31 19 33 44 35 42 47 27 35 28 42 35 38 30 38 25 38 34 36 35 29 45 0 23 23 35 36 49 21 33 29 34 36 44 28 41 44 35 31 47 39 26 20 32 30 37 40 11 31 33 26 42 47 32 44 37 25 32 14 39 24 23 16 45 42
0 33 37 31 30 3 35 36 23 22 26 26 24 36 52 34 37 35 10 39 27 36 40 40 20 21 41 29 31 34 25 28 36 19 23 29 32 32 22 0 37 21 21 37 29 45 40 29 33 38 35 38 40 27 30 42 35 27 31 23 30 35 18 28 24 36 41 41 31 25 33 39 30 35 32 35 21 16 23 22 20
0 36 33 33 27 6 32 37 17 25 28 27 27 31 35 27 34 23 12 42 22 29 41 31 23 16 39 23 26 24 23 22 37 22 25 31 23 33 21 3 0 23 23 35 25 37 33 31 35 31 31 33 42 29 33 35 37 26 14 19 32 37 20 15 18 30 30 43 33 28 36 31 13 32 31 35 23 18 16 25 23
0 39 25 18 19 23 18 21 21 19 13 12 20 16 48 24 19 26 22 27 7 29 44 23 16 17 27 22 11 28 5 31 22 15 26 24 27 15 20 29 27 0 17 16 25 41 25 20 25 31 16 20 27 26 27 22 18 21 28 14 26 30 13 19 22 33 30 26 14 32 38 22 39 36 33 17 26 23 29 13 19
0 45 30 35 24 18 34 28 25 21 18 18 25 22 40 29 25 30 25 32 12 37 46 29 21 23 40 30 16 33 26 32 27 20 35 23 21 31 28 20 26 21 0 24 9 49 31 22 30 39 22 25 34 31 32 27 26 14 36 26 31 36 19 27 26 39 36 34 22 37 45 38 38 36 37 33 28 28 26 34 32
0 29 25 19 19 9 11 26 26 11 18 17 9 21 41 29 23 31 15 27 12 21 36 27 5 22 32 14 16 25 10 24 27 20 19 20 29 8 19 23 31 5 22 0 30 41 29 25 26 23 20 14 28 15 26 27 23 26 22 19 18 20 18 24 19 30 30 30 19 21 30 14 41 28 33 10 26 12 25 18 9
0 45 31 35 33 15 38 41 22 13 32 32 25 36 32 32 34 21 22 24 27 34 38 29 32 33 44 28 30 26 25 24 41 31 31 40 13 35 19 12 18 32 29 36 0 41 29 14 36 35 30 40 28 31 33 40 18 6 28 20 32 36 30 19 23 32 28 26 35 37 40 42 30 28 29 37 28 28 18 28 28
0 24 28 33 40 29 39 31 31 26 33 32 27 29 51 35 26 31 35 30 28 43 51 26 36 29 50 36 31 39 26 33 25 35 40 36 22 36 29 30 41 37 37 37 33 0 28 46 26 45 23 10 32 29 37 36 30 35 42 27 29 38 34 33 32 45 30 26 34 23 52 33 26 38 22 38 11 30 22 38 37
0 24 9 30 30 15 32 23 34 26 26 26 23 30 43 37 12 22 22 22 20 39 51 8 23 31 37 35 24 38 19 24 32 28 35 25 14 29 20 29 31 24 33 30 24 27 0 36 15 33 9 22 39 26 36 35 33 21 28 14 11 34 27 19 35 36 17 23 28 27 45 35 35 40 31 31 19 21 24 29 32
0 45 31 40 26 34 29 32 16 27 24 23 31 27 52 26 30 40 32 44 18 28 52 29 27 28 38 21 22 38 16 30 33 26 26 35 35 26 35 37 45 27 22 27 30 44 31 0 34 30 27 27 39 37 38 33 16 36 43 29 32 41 24 34 17 41 28 24 26 43 37 33 46 35 42 28 31 34 40 28 28
0 16 23 24 31 31 39 30 40 30 19 20 15 17 52 30 28 36 32 14 27 31 38 31 21 25 41 33 24 32 26 38 18 20 35 10 27 36 34 39 36 21 37 37 38 46 29 41 0 42 25 15 24 21 30 24 37 37 38 30 23 20 19 35 36 38 30 37 35 27 35 32 37 43 33 28 22 18 33 34 30
0 29 25 19 24 25 23 17 25 16 17 7 9 21 44 28 23 30 14 27 12 6 36 26 5 12 32 19 15 27 10 28 22 19 23 15 23 20 25 22 31 5 22 21 30 41 28 25 26 0 20 24 28 15 26 5 23 16 22 19 18 20 18 24 26 29 30 31 19 21 28 27 41 32 38 14 26 12 25 18 21
0 23 9 30 22 7 31 23 27 19 26 26 24 29 40 31 4 17 13 23 20 39 43 7 23 24 28 32 24 30 18 24 34 22 26 34 13 28 20 25 23 24 24 30 19 31 9 27 24 33 0 13 39 26 27 35 32 12 20 5 10 35 21 11 28 36 17 22 28 18 37 35 33 36 25 30 18 13 21 25 24
0 32 36 40 30 34 29 32 32 30 24 23 30 19 52 35 30 43 33 29 18 40 51 34 26 28 44 33 22 34 16 38 22 26 33 26 37 26 37 37 35 27 34 28 42 50 36 40 16 42 27 0 28 36 28 26 30 39 43 32 37 36 24 37 33 40 34 38 26 42 49 23 41 46 37 28 26 33 37 40 30
0 23 9 19 18 15 24 23 28 24 22 22 23 26 34 33 12 22 18 28 17 30 41 7 19 27 36 23 20 32 18 16 26 20 11 34 13 21 19 15 13 20 32 29 23 22 9 32 24 32 9 22 0 16 6 30 32 21 26 13 10 23 21 19 19 33 6 23 28 24 37 27 24 24 20 23 9 21 20 28 31
0 23 10 4 11 21 20 28 27 24 19 19 14 23 42 30 18 19 27 13 13 34 41 19 22 24 37 27 17 26 11 26 28 21 24 30 15 21 21 19 16 22 32 23 21 28 18 25 31 31 21 22 13 0 19 28 25 25 29 19 3 25 20 25 28 24 18 25 21 9 24 23 28 33 32 23 21 17 25 30 26
0 33 20 14 13 13 18 26 24 19 22 16 20 27 42 33 27 29 12 23 17 25 37 29 16 21 36 18 21 27 21 10 21 15 6 30 24 15 26 10 7 16 30 23 28 34 24 26 33 27 27 17 23 10 0 31 34 19 20 26 13 31 24 22 13 27 28 34 30 19 32 22 19 18 36 17 25 23 23 29 26
0 25 21 14 19 22 19 13 21 20 13 3 5 17 40 24 18 26 23 23 8 27 32 22 1 8 28 23 11 23 6 28 18 15 23 10 25 16 21 28 27 1 17 17 26 37 24 21 21 28 15 20 23 11 22 0 19 22 18 15 14 15 14 20 22 25 26 27 15 17 34 23 37 28 33 18 22 8 21 14 17
0 29 15 26 28 21 31 29 17 11 27 27 29 30 40 28 18 24 27 31 21 25 36 13 25 30 38 23 25 24 19 30 36 29 27 38 19 29 19 33 31 26 24 31 26 28 15 27 30 31 15 28 29 22 33 36 0 20 27 13 16 38 27 18 18 30 12 8 20 29 38 35 30 27 26 31 15 20 26 12 29
0 40 26 31 28 23 33 36 35 8 27 27 29 31 28 38 28 16 29 39 22 36 33 24 30 32 45 30 25 21 20 19 36 29 26 38 8 30 14 20 26 31 32 31 18 36 24 31 33 30 25 34 40 32 34 34 34 0 22 17 27 39 28 13 34 27 23 26 29 41 35 37 38 29 28 32 25 32 13 23 23
0 39 35 21 24 13 29 40 30 25 28 30 19 27 22 39 32 27 20 29 25 36 28 35 23 25 39 29 28 11 27 21 39 24 17 37 22 26 18 10 23 23 31 34 28 44 35 37 27 33 29 32 30 25 34 34 35 30 0 32 28 30 28 22 24 17 34 41 33 31 25 18 25 19 21 27 10 22 3 32 30
0 36 21 32 35 24 36 35 33 15 27 26 33 38 36 38 24 12 30 37 29 43 40 20 32 31 38 37 25 25 27 20 38 37 31 31 15 33 21 21 18 32 39 38 14 28 22 27 36 38 21 34 41 28 26 40 32 8 15 0 23 43 35 6 34 31 19 33 33 36 39 32 28 32 20 35 13 28 16 25 30
0 36 28 31 22 26 22 25 24 22 16 16 21 20 44 27 23 36 26 37 10 32 47 27 19 21 37 25 14 31 9 35 25 18 30 27 30 19 30 37 37 20 29 20 38 26 29 32 28 34 20 23 32 27 31 25 23 22 36 24 0 32 17 30 25 26 31 30 18 20 41 25 45 39 41 21 29 22 32 32 23
0 31 30 24 27 34 33 42 46 20 35 32 22 39 38 46 36 39 24 32 30 12 18 37 34 23 42 23 33 14 31 25 27 34 20 20 34 30 41 31 35 27 39 38 39 43 38 41 38 32 33 35 33 20 28 36 32 33 44 33 23 0 33 38 28 20 38 39 28 23 29 36 46 23 43 19 31 14 41 40 39
0 27 23 17 22 24 21 19 23 22 8 9 7 19 42 20 21 23 25 25 10 29 35 24 3 13 23 25 13 23 8 26 24 2 29 17 15 18 21 30 29 3 20 19 25 34 23 23 16 33 18 23 26 13 24 25 21 24 20 17 16 18 0 22 24 29 28 29 17 19 36 25 41 38 35 20 29 10 23 16 22
0 33 18 29 33 18 38 32 29 23 35 35 28 36 31 40 21 9 25 34 29 42 37 16 28 28 32 35 33 20 27 15 32 33 25 25 19 35 25 15 13 29 34 39 11 23 18 24 33 41 18 31 38 25 21 43 29 16 9 22 19 39 33 0 30 26 15 32 37 33 33 27 25 28 27 36 18 30 12 34 35
0 37 22 27 10 20 22 20 33 23 10 10 17 14 42 21 17 30 16 31 4 12 37 21 13 12 25 5 8 21 18 14 19 12 9 21 25 19 29 21 31 13 26 27 32 37 23 24 22 14 14 17 26 23 24 18 31 23 30 18 23 28 11 24 0 24 30 34 27 29 21 26 34 19 30 21 18 19 26 26 13
0 38 26 11 19 33 27 36 41 13 26 26 21 37 18 37 32 35 16 20 28 22 26 27 21 15 41 16 31 25 26 25 40 20 20 32 31 30 34 30 33 21 37 32 37 42 29 32 22 24 29 30 21 27 26 29 39 32 36 24 30 30 27 27 28 0 26 31 35 31 31 31 41 22 40 11 29 22 38 34 33
0 18 3 14 21 9 25 17 23 18 20 20 17 23 28 31 6 16 15 22 14 33 43 1 13 21 30 28 18 31 12 18 29 22 29 28 7 22 14 22 25 14 27 24 18 16 3 29 18 27 3 16 23 10 28 29 26 15 22 7 4 28 21 13 24 29 0 17 22 18 33 29 18 30 14 25 3 15 15 22 26
0 22 8 18 24 13 30 22 27 4 24 24 22 28 32 35 10 20 20 23 19 32 29 6 18 25 35 26 22 17 17 23 33 26 23 32 12 27 18 26 30 18 28 28 20 21 8 33 23 26 7 20 27 14 27 31 31 17 26 12 9 33 25 17 28 23 5 0 26 22 31 34 23 19 19 29 7 12 19 27 30
0 34 19 30 30 25 27 33 22 16 29 28 25 33 44 32 22 29 30 35 24 29 41 18 21 32 42 25 27 29 24 34 38 31 29 34 24 23 23 32 35 21 12 16 20 33 20 32 34 33 19 29 33 26 38 37 5 24 32 17 21 36 30 23 20 35 17 12 0 33 40 30 34 31 31 26 19 24 31 16 20
0 20 17 28 35 22 30 31 41 34 33 33 31 37 33 44 19 29 29 33 28 46 52 15 31 38 44 40 31 46 26 32 42 35 28 36 21 36 27 32 30 31 40 35 31 27 17 40 31 40 16 29 37 25 23 42 40 28 35 21 18 42 34 26 36 35 24 30 35 0 38 33 42 39 38 38 27 8 31 36 39
0 37 31 25 25 33 31 21 33 17 25 15 17 29 34 29 31 38 20 33 20 14 19 34 13 20 14 20 23 30 18 29 30 27 25 23 31 28 33 30 37 13 16 29 24 49 36 33 34 9 28 33 34 21 34 13 31 24 30 27 24 21 26 32 33 16 38 36 27 29 0 35 49 24 45 16 34 20 33 26 29
0 37 32 30 22 22 27 31 40 28 10 21 23 34 49 21 19 32 21 34 25 34 42 31 19 26 40 27 20 25 24 19 35 18 15 31 35 24 30 26 23 20 35 32 34 43 25 36 21 36 25 30 24 26 16 35 38 28 35 21 29 34 31 26 23 31 30 38 33 34 40 0 35 27 40 26 32 26 36 32 35
0 28 28 29 15 25 20 25 5 21 16 15 22 19 26 15 22 19 22 36 10 17 35 26 18 4 27 10 14 19 23 10 25 17 15 27 22 24 25 25 23 18 11 25 20 33 28 29 28 19 19 21 31 28 25 23 32 14 20 7 28 33 16 11 6 25 25 39 32 20 26 24 0 24 19 27 19 11 22 31 17
0 31 29 22 14 21 19 25 24 20 17 16 24 20 45 28 23 28 14 31 11 26 19 27 19 6 31 19 15 21 9 12 26 18 7 28 28 16 24 18 31 4 21 20 29 35 26 24 29 26 20 22 31 21 28 26 22 20 31 16 24 19 17 22 15 27 34 30 18 23 33 23 43 0 36 19 29 14 29 17 23
0 26 34 37 35 24 30 41 25 36 36 32 36 39 29 35 37 28 31 38 30 35 41 33 32 24 47 31 34 37 35 30 43 31 28 43 34 38 9 21 19 32 28 35 29 38 34 41 33 39 34 33 46 33 23 43 47 29 28 22 26 23 36 19 26 30 34 41 44 18 39 34 21 33 0 40 22 9 17 43 37
0 37 28 25 10 22 22 30 38 2 27 20 22 31 32 38 31 34 5 34 22 12 27 26 18 12 35 5 25 15 23 14 35 23 10 28 30 19 31 19 38 19 27 27 32 38 28 24 36 14 28 25 34 22 34 18 37 23 27 22 25 32 24 28 18 21 25 21 32 29 21 26 34 19 30 0 19 20 28 31 23
0 38 28 39 31 22 33 40 20 16 31 31 37 34 41 30 22 21 29 42 25 32 41 26 33 19 43 26 29 29 24 23 40 32 30 42 12 34 19 19 30 32 27 36 23 43 28 36 43 34 19 32 47 37 35 39 28 28 35 22 29 35 31 26 21 35 27 34 24 30 41 37 16 28 12 36 0 20 12 27 32
0 18 26 28 27 27 22 40 38 33 34 30 31 37 43 45 29 38 26 30 28 39 49 24 30 35 44 32 32 41 26 24 35 29 20 34 30 29 36 24 22 31 45 27 40 30 26 32 40 38 25 25 37 24 15 43 38 33 35 30 18 41 34 36 28 41 33 33 36 10 30 25 34 33 47 31 36 0 37 43 35
0 40 36 38 30 11 35 41 31 29 32 32 31 24 50 41 39 28 17 46 27 41 35 35 27 22 47 35 30 37 25 23 41 26 23 36 37 32 29 8 25 20 28 36 30 42 37 36 33 41 36 35 47 34 37 31 33 31 28 30 37 34 25 19 31 43 34 40 34 32 41 39 37 16 27 34 27 23 0 29 28
0 37 22 32 31 24 22 36 30 16 27 27 28 36 36 17 25 13 26 38 27 33 41 20 24 32 27 26 25 26 28 21 39 34 31 31 16 19 7 21 19 25 20 20 15 29 22 16 37 35 22 25 41 29 27 39 13 8 16 1 23 39 33 7 23 32 20 21 9 37 40 26 29 33 21 22 14 29 17 0 28
0 34 40 36 33 18 34 43 23 36 33 33 26 37 51 33 40 30 24 25 28 35 52 38 34 35 45 28 31 45 34 33 42 33 33 43 22 42 28 15 46 34 29 39 32 52 40 22 45 37 37 37 45 32 43 41 25 35 42 28 35 37 32 33 24 48 37 33 31 38 44 38 44 42 42 44 35 29 33 36 0
