100 4
1840 11546 9 9
828 12972 8 6
460 14973 1 3
1357 11937 2 7
2231 10304 1 8
667 11891 2 1
1587 13754 2 4
23 12742 8 5
23 13340 2 5
1702 12972 8 5
1058 12903 6 5
1495 13524 2 8
2024 13961 1 6
1794 13892 10 9
368 12512 1 5
759 10189 5 3
1426 9982 6 10
943 10488 2 6
805 14214 10 1
621 14812 8 2
2231 12972 8 7
552 12627 2 10
1380 11454 5 10
230 14237 3 2
1564 11845 9 9
1840 12719 7 4
1817 10281 10 6
2254 12650 8 10
1035 14375 3 9
1012 12811 7 4
943 11362 3 6
1794 11661 2 2
161 14674 4 5
644 14076 1 5
2208 14858 9 3
46 12949 6 6
1495 13087 4 3
276 9614 2 7
2116 9913 8 9
920 9867 10 2
1495 10281 4 5
1012 11707 7 6
437 12144 1 2
2300 9246 3 5
828 11109 5 9
1150 9315 2 1
1058 10764 4 4
1748 9683 4 9
1932 14490 7 8
184 10074 3 10
1587 10649 6 4
1978 12765 9 5
69 13478 1 9
345 10787 10 9
1978 10994 1 6
2116 10741 6 5
690 13271 3 6
2070 11523 3 10
713 14743 4 8
1196 10810 10 7
1633 10212 7 3
1495 13984 5 5
2001 9959 2 8
1679 11707 8 7
2185 10419 10 8
1357 13363 2 5
1403 13478 2 9
713 12995 10 4
138 10166 10 2
713 14283 2 4
989 14720 5 9
2070 9798 8 3
897 14536 10 3
2300 14007 7 4
1541 14697 8 7
1265 9062 10 8
1081 13754 7 9
1564 9821 5 10
230 11730 1 9
184 10994 7 2
391 12443 9 4
2070 11385 3 7
46 10166 7 3
506 14283 10 3
1472 10488 4 5
989 14191 8 5
1863 9315 1 10
1863 11178 2 3
828 9246 8 3
345 10534 10 8
828 13133 4 2
1748 14099 9 6
207 9982 10 7
23 11155 8 6
1886 9959 3 10
1794 10097 7 9
2139 10327 1 5
920 9936 7 9
2116 14651 2 3
1679 11086 8 4
SETUP
0 437 621 345 276 575 138 207 529 483 138 920 115 736 391 345 230 345 322 138 598 506 276 230 345 713 368 253 414 460 506 621 414 161 322 345 207 345 253 138 437 322 230 299 368 391 276 138 575 598 529 69 575 529 299 299 621 644 506 460 621 575 345 368 506 345 483 805 529 322 644 621 483 437 184 506 644 529 506 552 368 552 253 437 460 253 690 483 437 460 667 368 437 644 230 253 69 345 529 713 253
0 0 437 506 345 621 621 322 506 184 299 575 276 621 506 414 391 598 483 621 644 667 414 713 368 782 575 483 575 552 207 759 437 322 368 621 345 414 713 437 483 368 575 529 483 483 437 299 483 782 598 575 667 690 414 276 322 759 598 552 759 690 506 529 552 460 644 966 529 529 575 667 713 138 506 644 759 897 391 667 575 644 230 828 552 345 759 851 506 736 483 414 713 736 391 483 575 552 460 713 552
0 690 0 621 575 690 621 483 506 483 529 759 483 874 506 414 621 598 598 644 621 690 575 713 92 851 506 368 690 575 644 506 161 552 575 506 506 529 713 391 552 575 713 552 483 345 667 437 345 506 575 575 621 828 598 598 644 782 460 506 621 874 667 368 345 483 828 989 483 460 759 368 598 736 529 460 621 667 805 368 621 851 552 529 437 644 805 644 276 575 828 414 598 851 621 506 805 713 805 667 460
0 115 552 0 161 552 552 414 506 276 368 667 345 713 368 437 460 621 552 621 690 736 161 644 460 713 575 575 506 552 322 759 529 414 184 437 253 276 690 230 414 184 644 391 575 322 506 368 322 828 713 506 736 690 506 391 414 759 460 644 506 736 506 598 644 483 736 483 552 529 667 759 713 230 529 552 621 621 230 759 460 690 322 851 414 460 690 920 368 552 575 253 552 552 483 483 575 460 552 759 483
0 759 598 667 0 644 391 483 391 345 460 759 437 782 437 299 552 483 644 460 552 598 184 483 506 667 598 529 529 414 391 805 437 483 46 299 115 299 529 92 506 46 506 253 644 345 598 460 437 759 759 345 828 598 575 598 483 874 460 690 621 805 598 690 713 575 805 805 437 552 598 644 667 529 506 414 621 805 345 805 322 805 529 690 414 644 644 759 368 391 529 345 391 414 552 598 736 322 621 667 713
0 782 782 690 460 0 667 368 345 759 575 713 690 1081 460 460 667 644 506 391 690 828 437 759 598 552 713 506 736 322 253 805 690 759 483 621 391 552 552 529 529 483 621 690 621 644 644 483 621 851 644 621 713 575 460 322 897 805 759 575 713 184 759 644 598 506 782 1081 391 667 598 736 759 184 437 667 920 989 552 713 414 713 276 897 713 920 805 1012 644 828 529 598 736 322 644 805 759 598 483 759 598
0 736 920 690 483 598 0 483 598 805 690 966 667 1104 460 414 690 575 552 575 667 874 483 736 667 782 759 322 736 529 391 920 736 736 506 437 506 575 138 552 460 506 736 713 437 506 713 483 759 1012 782 598 805 437 598 276 943 920 621 713 782 782 897 437 391 644 828 1150 644 690 851 920 368 299 598 736 782 920 805 828 782 828 414 828 575 966 759 966 667 805 644 713 552 621 782 897 966 575 621 874 621
0 667 437 598 92 713 322 0 483 414 391 851 506 874 529 368 506 552 483 552 598 667 92 414 506 736 506 529 437 483 460 437 506 575 115 368 23 207 437 161 575 115 414 322 644 414 414 414 506 713 667 253 897 529 115 552 575 437 552 598 690 874 621 368 322 161 644 874 345 460 460 598 667 598 460 322 552 713 414 345 391 828 483 552 506 552 713 667 299 483 483 414 483 483 621 667 598 230 690 598 621
0 483 598 391 552 414 552 621 0 414 667 391 644 851 552 391 437 575 621 621 598 575 552 621 667 529 713 414 828 552 552 1035 759 506 575 529 621 575 230 506 276 575 644 644 529 713 805 207 690 529 690 483 621 805 713 368 575 1058 828 805 782 414 805 368 437 759 759 851 46 644 276 414 621 483 598 897 713 943 621 529 713 874 575 552 759 621 690 897 667 805 805 644 621 529 759 483 414 460 782 805 575
0 874 276 782 184 598 575 644 575 0 621 943 598 460 621 460 253 644 805 644 713 759 345 667 345 828 391 644 598 575 552 782 414 667 207 460 276 460 713 253 460 207 667 414 736 506 506 575 598 759 552 529 736 690 736 391 161 1035 621 483 782 667 529 552 598 736 713 966 598 345 782 644 828 713 598 575 644 713 506 644 483 897 713 805 483 598 805 690 552 575 713 506 552 575 460 759 414 483 782 851 736
0 322 552 207 368 460 414 483 483 483 0 874 322 920 345 368 115 552 184 575 644 391 368 506 621 759 644 621 621 506 529 897 690 391 391 644 460 414 552 437 322 391 506 598 736 460 506 23 460 874 667 368 644 391 575 253 621 736 598 621 621 644 230 414 805 598 460 690 529 667 690 759 690 437 552 690 552 805 368 782 414 782 529 713 552 644 736 759 506 759 782 230 736 759 460 552 759 345 759 690 690
0 598 552 506 368 575 598 299 460 690 483 0 529 1012 437 368 598 552 437 552 598 736 368 690 529 736 644 299 713 506 184 713 598 598 391 437 299 483 322 460 437 391 529 621 414 575 621 460 575 552 575 529 644 621 391 253 851 713 713 506 851 506 437 368 460 437 713 966 506 598 276 414 644 92 230 598 851 897 713 621 667 575 207 575 667 621 713 943 575 690 437 460 529 644 575 368 437 506 414 667 506
0 345 575 253 391 483 437 506 529 483 46 897 0 874 368 299 138 483 230 598 506 414 391 529 529 713 667 391 322 529 552 690 621 69 414 529 483 437 575 460 345 414 529 621 506 368 184 46 483 828 690 391 667 437 621 207 644 690 506 644 644 667 253 276 736 414 391 713 552 690 575 713 644 460 322 713 575 782 391 805 437 805 552 736 460 690 667 759 529 736 805 276 598 782 138 230 713 368 437 713 690
0 483 736 391 552 621 598 667 667 552 184 1058 207 0 529 506 299 690 368 506 460 575 552 690 736 667 828 598 529 437 690 759 805 276 575 437 644 552 736 621 483 575 414 782 713 575 391 207 644 897 851 552 828 575 529 391 713 897 690 805 667 805 414 460 943 621 598 713 713 805 759 920 828 621 529 874 736 414 552 759 598 851 598 736 667 828 644 943 644 299 736 414 529 943 345 437 805 506 644 874 851
0 345 575 230 391 552 690 621 161 506 506 529 483 943 0 529 276 713 575 621 736 414 391 782 644 621 667 368 276 575 552 782 713 552 414 483 483 483 368 460 437 414 552 621 483 552 644 46 552 667 828 644 759 874 736 414 644 989 690 759 644 552 713 506 598 690 736 713 207 759 414 552 782 460 299 782 575 828 460 667 575 460 552 713 598 667 828 1035 575 782 805 483 598 690 598 621 575 598 782 966 690
0 851 943 805 552 529 805 713 483 690 736 759 713 1127 575 0 851 184 667 690 1058 989 552 897 552 943 874 437 851 644 782 1127 621 782 598 575 667 552 690 644 667 598 897 805 552 828 874 598 874 621 736 736 598 782 805 759 828 1127 943 966 782 713 621 828 805 851 943 1196 437 828 736 828 713 713 736 920 667 1058 828 966 874 759 690 437 460 736 966 1150 644 943 690 621 667 851 828 943 874 805 1012 1127 920
0 920 759 828 483 345 552 621 667 805 713 989 851 1012 713 276 0 460 713 460 552 897 483 644 805 644 805 575 828 414 598 1058 874 805 506 713 575 598 690 552 207 506 667 713 690 644 874 713 644 782 943 506 552 920 644 138 966 1058 736 897 920 529 828 322 920 782 782 1081 690 759 943 667 575 506 506 782 644 943 805 690 322 1012 575 713 713 989 621 920 690 667 851 759 805 644 851 805 1081 805 690 1058 736
0 667 851 621 598 391 690 529 299 713 621 667 598 1081 391 667 667 0 483 506 874 805 598 782 805 759 851 253 667 460 621 943 874 667 621 391 529 529 506 690 483 621 805 851 368 644 759 414 690 437 552 644 828 943 621 644 851 943 759 943 920 575 828 644 736 667 759 1081 345 805 552 690 529 552 552 828 920 874 805 782 782 575 621 253 736 552 966 1058 621 943 713 759 483 690 736 759 713 621 874 966 851
0 874 736 782 391 828 230 299 644 713 598 1012 690 897 690 621 713 805 0 506 552 644 391 322 575 897 529 552 736 736 621 736 644 759 414 644 322 391 368 460 690 414 322 621 667 414 713 575 759 690 483 184 943 667 414 506 874 552 460 621 690 943 805 621 621 460 299 1173 644 667 529 667 575 529 552 621 690 621 667 644 690 713 506 529 483 828 874 598 483 782 782 621 736 736 828 920 690 161 851 506 828
0 460 805 368 460 506 575 391 414 621 414 782 391 943 253 299 529 483 345 0 644 667 460 667 667 690 575 138 529 322 575 598 598 460 483 253 391 575 621 253 368 506 667 414 253 506 575 276 575 805 713 506 575 736 483 184 782 828 621 667 782 437 575 644 690 529 621 828 437 506 552 690 621 483 46 690 782 759 598 736 483 552 115 736 575 805 667 920 667 552 575 299 345 552 529 529 713 483 736 598 437
0 943 851 828 506 437 736 437 598 851 644 989 759 1127 621 529 736 713 575 828 0 1012 506 828 667 460 759 598 874 759 322 851 736 805 529 713 437 621 828 598 299 552 690 759 713 736 759 644 713 874 713 690 644 943 529 391 989 874 851 644 1012 621 759 690 667 575 690 1196 644 736 851 759 828 253 621 736 736 1035 851 782 828 529 345 920 805 989 874 1081 713 897 575 667 805 759 713 874 1012 644 552 828 667
0 575 713 460 598 460 552 552 345 713 276 506 230 621 253 529 368 713 460 805 736 0 621 644 276 437 253 552 529 759 690 897 345 161 598 552 552 299 552 667 322 621 644 828 667 391 414 276 644 598 414 506 644 598 437 414 575 897 529 345 230 644 414 506 529 621 322 943 391 552 575 483 598 598 483 644 161 782 575 644 667 690 552 621 184 644 414 920 391 690 874 161 644 529 368 460 713 483 529 828 644
0 621 621 529 23 621 414 483 391 345 322 782 414 782 437 299 414 483 506 460 552 598 0 506 506 667 437 437 368 414 391 736 437 483 46 299 115 115 529 92 483 46 506 253 552 345 598 322 437 782 598 345 828 621 575 552 483 874 460 529 621 805 529 690 713 575 759 805 437 391 598 644 667 529 368 414 483 805 345 805 322 805 529 713 414 644 644 759 207 391 529 345 391 414 552 598 736 322 621 690 713
0 828 736 736 138 759 529 598 506 460 575 897 552 897 552 414 667 552 736 575 667 713 299 0 621 713 713 644 644 529 506 943 552 621 161 414 230 414 644 207 621 161 621 368 621 460 713 575 552 391 552 460 943 736 690 713 598 989 575 805 736 920 713 805 828 690 943 920 552 667 713 621 483 644 621 529 736 920 460 759 437 529 644 207 529 506 759 874 506 506 644 460 506 529 667 713 851 437 736 805 828
0 828 805 736 598 782 552 621 759 782 690 828 759 874 667 345 759 529 552 713 529 897 598 644 0 943 529 552 713 644 851 920 92 828 506 667 575 713 644 690 644 506 644 851 667 598 874 529 782 437 506 506 529 805 713 529 943 966 713 437 874 966 667 299 276 690 759 1058 414 460 966 299 529 782 460 391 805 782 805 736 920 759 460 460 598 575 1012 897 782 989 989 690 759 782 828 920 713 713 736 598 391
0 713 920 943 598 851 805 506 598 897 736 966 805 1058 736 621 851 805 920 782 598 1127 598 897 529 0 713 897 897 736 897 943 598 874 621 805 529 552 805 667 713 621 920 828 943 368 897 759 897 759 851 759 897 1012 598 506 1035 920 483 805 644 989 966 575 667 667 253 1196 644 805 483 621 851 828 828 690 644 1150 828 851 644 874 460 782 437 828 828 1173 644 828 989 713 713 989 851 1012 644 736 1012 782 782
0 575 460 483 483 874 529 391 483 713 552 851 575 368 621 621 667 805 644 782 713 943 483 621 414 736 0 759 828 736 667 644 483 644 414 690 414 437 644 552 736 414 759 575 851 253 759 552 782 828 161 598 943 460 483 667 874 667 368 115 529 897 782 713 667 368 759 943 529 621 736 713 874 690 667 506 529 529 690 391 644 1035 621 782 322 736 713 966 437 667 874 575 667 874 713 805 828 575 920 667 805
0 414 690 368 345 690 460 276 299 598 368 667 345 828 138 552 414 736 230 276 759 552 345 552 621 759 759 0 414 207 460 690 690 414 368 138 276 460 506 437 575 391 552 598 138 460 506 161 460 805 713 391 805 759 368 437 736 713 575 782 736 690 575 598 575 414 506 828 322 713 552 690 805 368 299 575 690 644 598 621 667 575 368 759 529 759 920 805 552 736 460 552 230 506 483 575 667 368 644 736 690
0 437 782 322 437 276 414 345 368 598 391 759 368 920 230 391 483 575 299 345 598 621 437 506 690 713 690 92 0 299 529 552 759 414 460 207 368 552 552 483 437 460 506 644 207 529 529 253 529 529 690 368 759 598 460 506 736 782 667 782 805 460 529 368 437 506 598 805 414 644 253 414 598 460 23 667 782 713 552 690 690 667 460 552 621 598 690 782 621 805 529 276 322 598 483 506 414 322 713 690 575
0 529 874 414 529 575 621 437 460 690 483 851 460 989 322 368 575 552 391 69 690 713 529 713 713 736 621 184 598 0 621 644 644 506 552 299 460 644 690 299 437 552 713 460 299 552 621 345 621 874 782 575 621 667 552 230 828 874 690 713 782 483 621 713 759 598 690 759 506 575 598 759 667 552 115 759 828 713 644 782 529 598 184 782 644 851 713 690 713 621 621 368 414 621 575 598 759 552 782 644 506
0 713 690 621 483 644 483 391 552 805 460 920 437 920 460 414 575 598 276 621 437 851 483 575 621 828 552 368 736 575 0 828 690 506 506 506 414 575 621 552 506 506 598 713 483 483 437 460 805 943 391 437 713 690 483 322 943 805 598 345 759 828 598 391 345 529 552 1081 598 667 782 920 759 667 299 713 736 874 805 621 782 690 276 782 552 943 805 851 667 851 276 345 598 874 414 667 943 414 253 759 598
0 391 644 299 460 529 506 575 575 575 92 598 414 1012 437 414 207 598 276 598 667 483 460 598 621 782 736 713 713 529 598 0 552 483 460 414 552 506 644 207 391 460 598 368 828 460 598 115 552 897 667 460 736 483 667 345 713 828 575 713 713 713 322 506 874 690 529 759 621 759 736 782 782 529 644 782 644 897 460 874 437 874 598 805 552 736 759 851 598 529 598 322 506 713 552 644 851 414 851 782 759
0 897 828 805 575 989 690 736 736 713 897 851 874 989 575 851 851 713 483 759 575 989 575 598 759 874 874 621 851 690 874 989 0 943 437 759 506 690 828 667 851 437 805 828 621 598 805 598 828 345 506 644 460 1012 667 920 851 1012 713 966 874 966 1012 897 1012 713 759 1196 782 828 989 230 460 805 805 805 874 1081 736 736 874 690 851 391 690 506 1058 1058 782 966 1081 782 851 713 759 989 1058 621 1081 529 828
0 874 943 759 598 782 621 529 736 943 552 1104 529 1196 575 828 667 1012 391 897 943 943 598 713 966 1196 920 828 851 1012 966 943 1012 0 621 897 529 713 759 690 644 644 713 851 943 805 713 575 1012 1081 874 575 966 920 621 713 1081 943 851 1012 1081 966 736 805 828 667 667 1196 782 966 920 1058 966 920 851 828 1058 1012 920 874 897 1035 897 920 874 1058 1196 966 805 874 989 483 989 989 667 759 1081 529 368 897 1127
0 759 575 667 161 667 368 460 368 322 460 736 460 759 483 437 552 621 644 621 690 575 161 460 575 805 575 598 506 552 529 828 575 529 0 437 92 276 506 230 529 23 483 391 713 414 598 483 414 851 736 322 851 575 552 644 460 851 529 667 690 782 621 690 759 552 828 943 414 529 621 759 736 667 506 391 621 782 322 782 460 782 690 667 483 621 782 736 345 552 690 368 529 552 598 575 713 299 759 644 690
0 552 782 460 529 690 644 437 575 713 253 736 230 1035 575 506 345 690 437 690 690 644 529 713 506 690 667 598 529 759 345 759 575 299 552 0 460 506 782 598 552 552 667 667 713 345 391 253 322 805 713 598 667 644 529 391 828 759 460 667 621 667 460 483 667 483 621 920 598 736 782 782 828 253 529 759 621 966 621 782 644 759 345 644 414 897 805 920 598 897 322 483 115 805 345 460 920 575 529 759 644
0 690 690 598 92 690 299 368 460 414 391 851 483 851 506 368 483 552 575 529 621 667 69 391 575 736 506 506 437 483 460 805 506 552 115 368 0 184 437 161 552 115 391 322 621 414 667 391 506 759 667 253 897 506 483 575 552 805 529 598 690 874 598 713 690 529 782 874 322 460 667 713 644 598 437 299 552 690 414 713 391 828 598 598 483 552 713 667 276 460 598 414 460 483 621 667 644 230 690 575 598
0 506 759 414 575 529 621 529 483 690 207 782 322 690 322 575 322 759 391 598 552 598 575 713 483 874 322 598 506 529 598 805 552 391 598 253 529 0 690 644 391 598 713 552 506 391 483 230 368 897 483 552 713 598 621 437 828 805 506 414 667 713 437 575 736 529 667 805 529 276 736 782 874 506 529 805 598 851 299 713 621 736 598 897 414 851 851 966 92 414 575 230 368 828 437 529 897 529 736 644 874
0 598 874 552 529 483 644 460 483 690 552 851 529 1012 322 276 575 460 414 460 759 736 529 736 805 644 897 184 598 391 483 874 874 598 391 322 460 644 0 598 345 391 736 759 322 644 690 345 621 874 828 575 667 851 552 138 828 897 759 805 920 667 759 782 759 598 690 1012 506 851 736 805 575 414 483 759 759 782 690 805 828 759 506 713 713 943 621 989 667 667 644 736 414 690 667 759 851 552 690 920 828
0 667 828 575 414 552 621 414 483 575 368 851 345 966 368 207 483 391 552 391 483 759 414 713 414 598 598 506 644 322 552 736 345 414 253 207 345 437 713 0 414 276 736 161 621 253 529 391 529 690 759 575 759 690 506 529 713 828 391 690 529 736 529 598 667 552 736 713 529 690 529 575 782 460 437 644 529 1012 575 736 230 805 506 644 345 828 575 989 529 322 529 253 322 805 483 575 667 552 736 690 805
0 920 920 828 598 138 805 506 483 713 713 782 782 828 598 598 598 782 644 529 828 966 575 897 736 690 851 644 874 460 391 920 759 621 621 759 506 690 690 667 0 621 759 828 759 690 690 621 759 598 759 759 345 713 598 460 851 943 805 713 851 322 897 621 736 644 897 1196 529 805 736 460 690 322 575 805 437 1127 690 851 552 828 414 621 759 920 943 1150 782 966 644 736 874 460 644 943 897 736 621 897 736
0 759 759 667 161 667 368 437 368 483 460 736 460 920 483 437 575 621 644 621 690 552 161 460 575 805 575 598 506 552 529 828 575 529 184 437 92 253 506 230 529 0 483 391 713 414 598 460 391 828 736 322 851 575 552 644 621 828 529 667 690 759 621 690 759 552 828 943 391 529 621 759 736 644 506 391 621 759 322 782 460 759 690 667 483 621 782 736 345 529 667 368 529 552 575 552 713 299 759 644 667
0 644 828 552 483 644 322 391 598 736 345 920 437 805 460 690 437 874 529 598 575 713 483 414 621 621 437 644 644 644 690 828 690 506 506 391 414 138 460 552 506 506 0 667 621 506 621 345 506 736 598 276 851 736 483 575 897 828 391 552 782 828 552 690 713 552 805 920 644 391 851 897 667 621 644 713 736 529 414 736 736 437 713 621 529 897 897 690 230 506 713 345 483 828 575 667 920 253 874 529 943
0 506 759 414 253 391 552 552 345 575 207 736 184 943 207 46 322 230 391 230 690 598 253 644 575 736 575 345 483 161 621 575 184 253 276 460 345 345 575 322 253 276 644 0 460 414 368 230 391 529 690 506 598 529 644 368 736 690 529 667 690 575 368 437 782 552 575 897 391 529 621 414 621 575 276 644 690 874 575 874 69 644 345 483 483 667 851 851 437 644 736 92 575 644 322 414 759 529 621 690 667
0 345 575 253 414 575 345 414 184 529 529 552 483 713 23 437 299 621 115 161 644 437 391 414 598 644 644 276 299 92 552 736 667 552 437 391 414 506 391 391 437 437 437 552 0 437 598 46 414 690 575 276 713 759 506 322 667 667 552 736 644 575 713 529 598 552 391 713 207 667 437 575 690 483 184 713 575 736 483 690 598 460 253 621 506 690 805 690 598 690 713 437 483 690 552 575 552 253 782 598 575
0 690 575 598 230 644 460 161 253 575 391 621 506 713 506 506 506 690 575 690 483 782 230 552 184 506 345 552 598 644 621 575 253 552 253 437 161 184 460 322 506 276 552 483 667 0 552 391 552 598 506 414 690 667 253 598 713 575 138 437 299 644 598 460 437 299 736 989 276 460 506 460 667 690 529 460 299 851 460 506 552 920 621 621 92 713 483 805 276 598 621 414 437 644 506 713 644 368 851 437 552
0 621 483 552 391 644 345 345 437 736 483 805 690 897 690 138 598 322 552 782 322 736 391 437 368 690 552 552 713 713 621 782 437 759 437 644 368 391 483 483 621 437 437 644 667 207 0 506 575 736 690 299 713 782 437 506 874 690 322 644 483 828 713 92 621 506 230 1012 483 598 460 621 690 552 736 667 483 621 667 690 621 851 437 575 276 805 667 575 483 782 805 598 437 805 690 736 621 575 529 621 529
0 299 552 207 368 575 759 621 713 483 483 874 460 920 552 506 253 690 667 713 782 391 368 851 621 828 644 621 713 644 506 943 690 506 391 644 460 460 874 437 437 391 851 598 736 529 621 0 529 989 805 690 782 874 713 391 621 966 644 736 598 759 690 552 851 667 713 667 736 736 874 851 828 437 552 759 552 805 437 897 552 897 529 943 575 644 805 1104 552 736 759 460 736 759 575 667 759 667 736 943 667
0 667 575 598 253 644 460 161 253 575 414 437 506 713 506 414 506 598 552 575 483 782 253 414 184 506 368 552 598 529 598 437 253 575 276 460 184 207 460 322 529 276 575 368 667 23 552 414 0 598 506 414 713 667 253 598 736 460 138 460 299 644 621 483 437 161 736 1012 299 460 506 483 667 529 552 483 299 851 483 506 437 920 621 621 92 713 483 828 299 598 644 414 437 644 506 184 644 391 828 437 552
0 713 483 782 483 782 529 414 391 805 644 506 667 943 621 621 736 805 713 736 713 874 483 805 414 759 598 782 828 667 598 644 483 736 506 690 414 437 598 552 667 506 782 575 851 253 644 575 644 0 161 644 943 851 322 575 713 667 391 690 529 621 667 713 667 368 851 851 437 621 644 713 115 598 736 713 529 943 598 391 575 943 506 782 345 897 736 966 437 759 874 575 667 368 759 805 713 621 759 690 667
0 552 322 644 322 713 368 253 322 644 483 713 506 805 460 460 575 644 575 644 552 805 322 644 253 598 437 621 667 575 529 483 322 575 345 529 253 276 506 391 575 345 644 414 690 92 621 437 644 667 0 483 782 759 345 506 805 506 230 529 368 736 667 552 506 207 828 989 368 460 575 552 713 598 621 552 368 828 552 230 483 874 460 621 184 782 575 805 299 598 713 414 529 713 598 736 736 460 759 529 644
0 782 552 690 230 667 69 138 598 552 483 943 598 736 506 460 598 644 598 644 713 460 230 161 621 759 368 368 575 575 437 575 644 621 253 506 161 299 207 299 529 253 161 460 506 552 552 506 644 529 529 0 851 506 230 322 690 575 529 460 690 851 713 483 460 276 759 1012 460 552 575 736 414 368 575 437 621 460 552 483 529 598 460 368 621 644 805 414 368 598 621 506 598 575 713 805 736 368 667 690 667
0 943 690 851 736 759 690 690 759 1058 828 1150 1035 1035 989 460 437 644 897 782 667 1035 736 759 713 805 874 897 1058 828 966 1104 437 1081 759 966 690 713 805 828 621 759 782 966 1012 529 345 667 897 782 920 621 0 1104 782 552 1196 1012 667 966 575 943 1035 437 782 828 575 1196 805 943 667 644 874 874 828 989 828 943 989 989 736 1104 782 805 621 920 782 920 805 1104 1081 943 713 874 299 1058 805 644 874 943 851
0 644 644 552 46 667 207 299 414 368 345 805 437 713 460 322 460 506 207 483 529 621 46 299 460 690 345 483 391 437 414 713 460 506 69 322 138 138 345 115 529 69 322 276 598 299 506 345 460 667 506 161 851 0 391 483 506 713 414 437 575 828 552 598 598 437 483 828 322 299 621 667 575 506 391 299 506 598 368 621 345 736 575 506 368 529 667 575 230 414 552 368 414 437 575 621 621 138 644 483 736
0 575 345 621 713 782 621 667 391 736 414 759 713 1127 736 437 506 621 391 506 644 782 713 690 414 897 759 621 1012 805 552 621 483 736 736 736 667 621 598 713 667 736 713 874 736 529 322 414 667 805 713 552 920 805 0 529 897 943 644 828 805 782 621 414 667 759 552 1081 437 782 644 713 920 621 529 782 598 920 759 253 805 897 483 644 598 920 989 897 598 897 805 644 736 920 851 828 805 529 782 874 782
0 966 851 874 690 345 805 713 598 805 782 874 759 1012 713 138 782 322 598 552 690 782 690 897 667 529 1012 575 920 506 598 1012 736 805 713 667 713 690 828 759 207 713 920 920 690 782 828 736 966 736 874 759 529 874 529 0 966 1127 897 920 920 529 690 828 920 851 644 943 575 943 851 667 460 506 598 828 644 1081 874 759 736 874 621 575 598 851 483 1035 782 552 828 667 759 644 828 989 1012 736 575 1081 920
0 782 483 690 23 667 414 506 414 368 483 782 460 759 460 322 575 506 667 483 575 621 207 506 529 690 391 552 552 437 414 828 460 506 69 322 138 322 552 115 529 69 529 276 667 368 345 483 460 782 552 368 851 621 598 621 0 897 483 483 644 506 621 437 736 598 552 828 460 575 621 667 690 552 529 437 644 575 368 782 345 828 552 713 437 667 644 529 391 414 552 368 414 437 299 621 759 345 644 690 736
0 552 782 460 483 414 322 414 529 713 253 828 345 736 368 322 368 506 115 598 529 644 483 414 529 920 368 644 552 575 621 805 598 414 506 299 414 46 460 575 437 506 437 598 552 414 529 253 414 805 529 276 759 644 506 483 874 0 552 460 713 483 460 299 713 552 391 851 552 322 621 713 690 552 552 713 414 713 322 736 644 782 598 621 460 874 897 690 138 437 621 276 391 621 483 575 782 253 736 598 713
0 828 966 736 621 713 782 598 667 966 529 667 506 1081 529 667 621 851 552 851 920 920 621 851 621 943 713 598 805 782 828 874 690 575 644 644 621 391 414 713 575 598 874 621 713 460 667 529 437 1035 667 713 897 851 690 552 1104 460 0 598 736 897 667 736 874 598 828 1196 713 667 920 920 966 759 805 759 736 1173 368 897 690 805 851 1058 529 989 920 1127 483 805 966 414 759 1012 644 621 1081 690 736 874 989
0 621 368 690 391 782 437 299 391 621 552 759 575 851 529 529 644 713 552 690 621 874 391 667 322 644 506 690 736 644 575 552 391 621 322 598 322 345 552 460 644 322 667 483 759 161 690 506 713 736 69 506 851 368 391 575 782 575 276 0 437 782 736 621 575 276 667 1058 437 529 644 621 782 667 690 414 437 897 621 299 552 943 529 690 230 644 621 874 345 667 782 483 575 782 644 782 736 483 805 575 690
0 667 552 575 483 805 345 414 598 828 621 989 598 1012 460 667 736 851 552 598 644 736 483 437 575 230 644 322 736 529 713 805 667 667 506 460 414 552 460 575 667 529 437 736 460 575 552 483 782 598 759 276 1012 782 230 598 966 851 690 736 0 897 782 621 713 552 460 1035 552 828 690 851 391 621 253 529 805 736 805 483 805 736 667 437 667 713 207 690 644 874 782 506 552 644 736 736 851 253 828 621 943
0 598 759 506 437 552 575 575 161 575 529 529 506 1012 276 506 529 690 529 207 736 644 437 690 621 667 713 322 552 138 713 782 690 575 460 437 529 391 368 437 437 460 690 598 437 460 460 299 437 690 690 552 759 391 690 368 713 874 575 805 736 0 667 506 598 598 690 897 207 667 414 552 782 621 253 506 736 851 368 667 345 713 322 713 529 736 851 828 483 759 690 414 552 138 644 621 575 529 920 782 644
0 437 667 345 207 322 207 276 276 552 138 644 115 874 138 391 230 575 322 667 598 529 207 299 621 759 506 483 414 621 575 690 621 184 230 506 276 322 322 299 184 253 299 460 598 460 276 138 598 667 483 138 506 184 368 299 690 713 598 414 736 506 0 368 575 414 506 805 322 483 529 644 552 483 414 483 621 598 506 621 506 575 575 506 552 713 759 552 414 598 736 23 598 621 253 345 690 299 552 667 805
0 713 759 621 322 575 253 322 506 644 414 782 644 920 598 46 506 230 460 736 253 667 322 345 575 690 552 483 667 667 552 759 644 690 345 598 345 414 391 391 529 345 345 552 598 483 736 414 483 644 713 207 644 690 437 529 805 759 621 644 759 759 621 0 644 483 736 1081 460 506 759 874 598 483 667 644 690 644 644 667 621 759 575 483 483 759 943 621 506 690 713 552 690 713 759 644 920 552 437 874 437
0 621 782 529 345 598 299 368 552 690 437 575 552 966 414 92 552 253 506 552 276 690 345 391 621 713 598 276 690 483 598 759 690 621 368 414 368 460 414 437 575 391 391 598 414 529 736 437 506 690 759 230 667 736 460 552 828 805 644 690 805 782 667 46 0 506 782 805 506 552 713 851 644 506 207 667 736 690 690 713 667 805 621 506 529 805 966 644 552 736 736 460 506 759 690 690 851 598 483 920 483
0 690 920 575 460 598 621 690 552 782 391 874 391 1012 414 253 483 437 391 437 828 759 460 713 759 943 644 552 690 368 828 299 391 460 483 598 552 345 759 506 460 483 713 207 667 598 575 391 598 736 805 575 805 736 782 575 920 299 736 736 897 782 575 575 874 0 667 1058 598 598 805 621 828 759 483 851 690 1012 621 1035 276 851 552 667 690 874 1058 966 437 736 874 299 690 851 529 621 966 529 828 897 851
0 805 690 713 368 621 575 276 368 690 506 736 575 828 506 391 621 575 690 552 575 897 368 667 299 621 460 667 713 506 736 713 368 644 391 575 299 322 575 437 483 391 690 598 713 138 667 529 667 529 621 529 667 782 368 276 828 690 253 552 414 759 736 345 437 414 0 1012 391 575 253 391 621 782 598 460 414 920 598 621 414 644 230 552 207 598 598 943 414 598 759 483 552 759 621 805 414 506 782 552 552
0 391 575 299 299 529 345 437 483 506 92 874 69 920 345 345 184 368 276 299 552 483 299 437 575 253 644 207 368 230 598 667 506 138 322 322 299 414 483 184 391 345 460 345 322 414 230 92 460 621 736 299 713 483 253 253 667 759 552 713 23 644 299 322 736 460 437 0 529 598 621 736 414 506 138 552 621 736 460 483 138 575 391 460 506 299 207 713 506 483 644 322 437 667 184 299 92 276 483 621 713
0 1035 989 989 667 391 506 575 713 943 920 805 966 1058 759 828 828 1012 828 759 828 897 644 598 828 621 805 621 1012 713 621 989 897 851 690 736 575 713 621 736 253 690 598 897 736 667 920 782 644 828 966 437 575 943 667 690 1104 1012 782 897 943 575 1127 851 874 713 851 1196 0 989 966 713 851 552 805 874 667 897 920 920 782 1035 644 736 736 1012 1127 851 805 805 897 943 851 690 874 828 1127 414 874 782 966
0 621 529 529 529 529 575 460 299 713 460 667 552 437 460 506 552 690 552 598 759 828 529 690 230 690 69 345 253 529 736 690 299 621 460 460 460 253 506 598 575 460 759 460 460 299 713 460 598 644 230 598 552 506 552 644 851 713 437 161 483 690 667 529 483 414 805 989 345 0 506 529 736 690 253 552 345 598 529 437 529 897 667 667 138 782 667 1012 345 644 782 460 552 713 690 736 644 575 943 736 598
0 805 736 690 414 667 345 437 598 575 506 759 506 805 506 138 598 322 552 621 345 759 414 437 575 460 460 460 644 552 667 851 575 575 437 437 368 529 483 230 644 437 460 391 483 483 621 506 575 276 437 299 736 782 460 621 713 851 621 552 713 713 713 115 184 575 690 828 575 391 0 161 368 575 391 667 736 713 736 667 460 621 667 299 529 345 437 713 598 552 759 483 552 621 598 598 161 437 529 805 322
0 690 598 575 552 920 483 529 506 667 759 644 759 759 368 736 621 920 667 713 851 759 529 575 529 644 713 713 644 667 736 782 621 828 529 736 460 552 598 621 782 529 575 690 575 368 759 391 736 138 299 414 1058 920 460 690 828 782 506 805 667 736 782 828 805 506 874 966 552 736 759 0 230 736 644 759 667 874 667 529 690 483 644 161 460 460 851 828 575 874 989 667 805 483 874 897 828 690 851 805 805
0 759 874 667 644 690 621 690 299 690 667 667 644 1150 644 598 713 782 690 621 874 782 644 713 759 805 851 690 920 575 828 575 828 690 667 782 690 529 506 736 575 667 713 759 805 598 805 483 575 805 966 552 851 920 782 460 851 1012 713 943 874 529 805 644 713 736 966 1104 322 782 552 690 0 759 667 621 874 851 506 805 483 828 414 851 667 874 943 966 621 920 1104 552 874 276 759 736 690 529 667 897 736
0 713 621 598 276 483 506 207 368 621 391 759 506 920 391 299 506 460 345 621 506 782 276 598 437 667 552 368 621 552 92 621 506 575 299 483 207 391 598 368 345 299 460 529 483 483 529 414 483 851 483 437 552 713 299 161 759 644 621 414 782 667 621 460 437 345 621 1081 414 506 621 736 598 0 391 506 759 805 621 529 575 529 115 713 575 736 644 851 483 667 345 437 575 667 483 644 782 414 322 575 414
0 414 759 322 437 552 529 345 368 598 368 736 345 920 230 644 483 805 299 345 828 621 437 621 690 828 828 92 483 276 529 552 759 414 460 207 368 529 575 506 414 460 621 667 207 529 529 253 529 782 782 483 759 690 437 506 736 782 644 851 805 736 529 598 667 483 575 782 414 805 506 644 575 460 0 667 782 713 552 690 736 667 460 805 598 759 943 874 621 805 529 276 299 575 483 483 667 437 713 805 759
0 713 667 621 345 391 529 598 529 460 644 828 667 851 391 529 644 621 460 506 782 782 345 506 736 644 759 621 667 460 644 552 667 736 368 529 276 437 644 322 276 368 621 483 368 575 805 414 667 851 920 460 598 759 690 667 621 598 690 851 828 575 828 759 736 299 759 805 23 713 782 713 874 575 552 0 690 920 667 598 552 529 621 713 644 253 874 874 529 621 851 575 621 713 782 529 345 437 552 805 851
0 736 667 644 483 368 690 391 391 690 644 782 736 943 575 736 736 920 598 713 713 874 483 667 414 736 598 782 828 644 621 828 483 805 506 690 414 437 621 552 667 506 805 713 575 253 667 575 690 437 598 644 943 897 345 690 851 828 368 690 529 552 851 713 667 552 874 1104 437 690 667 322 552 552 759 713 0 1081 598 598 575 782 644 483 322 483 713 1058 529 828 874 644 667 368 736 851 805 621 851 667 782
0 736 897 644 552 874 437 460 552 874 437 920 713 1012 713 621 552 805 207 713 759 828 552 529 483 690 667 759 736 736 805 345 552 759 575 621 483 506 575 414 736 575 529 575 874 322 851 460 874 897 690 391 1012 736 552 667 1035 759 437 759 598 943 667 782 736 575 483 1104 598 759 736 782 782 736 759 782 598 0 782 805 644 506 713 736 391 874 782 805 598 736 920 621 736 943 805 920 667 368 1035 713 851
0 483 667 391 322 368 506 253 322 644 184 506 161 736 161 322 276 506 368 483 575 552 322 483 276 598 368 529 437 437 621 529 345 207 345 299 253 46 529 414 230 368 621 276 552 115 322 184 92 690 506 460 552 506 345 345 759 529 230 460 391 552 322 414 529 253 529 851 368 299 575 552 621 529 460 552 391 897 0 598 345 460 598 690 184 805 575 874 138 437 621 69 391 667 276 253 713 460 575 529 644
0 322 92 529 644 552 667 552 138 506 575 529 575 874 529 414 575 598 552 713 690 713 644 759 161 667 529 460 759 644 299 598 230 621 667 575 575 368 368 483 414 667 782 644 575 414 736 322 414 575 644 621 667 920 667 276 644 805 552 598 713 552 736 460 414 529 828 989 184 529 391 460 667 368 575 529 713 759 644 0 690 644 230 391 506 667 759 713 345 667 552 483 667 667 690 575 552 598 529 713 552
0 621 782 529 184 667 575 483 552 506 483 759 552 874 414 460 598 644 506 161 713 759 184 667 506 667 506 276 529 115 552 759 575 621 207 414 276 299 713 253 529 207 667 414 391 345 713 437 322 690 667 529 713 759 575 322 667 759 460 598 621 598 713 805 759 483 782 851 598 460 713 805 759 644 207 575 621 805 506 828 0 690 276 529 414 805 805 782 391 575 713 460 506 575 690 506 851 483 782 759 598
0 782 1081 690 736 644 759 690 713 943 598 1104 713 1035 575 736 690 920 667 690 759 989 759 851 713 184 667 437 368 644 897 805 782 782 759 575 690 713 897 805 782 759 874 966 552 552 874 598 874 851 828 713 1081 943 782 690 1104 1104 667 759 828 828 805 713 782 828 414 1150 598 943 621 759 897 805 368 874 828 805 920 1012 805 0 644 920 621 966 1012 1127 805 1012 897 621 667 943 851 851 759 690 1081 966 920
0 621 851 529 437 391 690 759 437 759 736 828 713 828 299 184 575 368 644 598 529 713 460 782 575 575 460 598 575 552 644 1058 644 782 460 713 391 575 667 506 253 460 782 667 713 690 782 322 828 805 621 621 460 782 575 69 897 851 828 552 874 575 621 713 782 782 713 989 483 414 621 713 506 575 575 690 690 713 759 828 552 437 0 621 552 920 552 1035 667 598 874 621 805 690 759 920 759 598 621 483 322
0 759 644 667 391 828 598 575 552 506 644 690 621 966 437 667 713 851 529 552 897 851 391 690 575 506 759 667 667 506 759 828 667 667 368 667 322 483 736 460 690 368 690 621 414 414 782 460 759 184 345 552 1012 805 483 736 667 828 552 851 713 782 782 874 828 529 736 1012 598 759 805 621 276 782 598 621 713 989 690 552 690 322 667 0 506 299 897 966 575 782 897 529 759 529 736 828 874 529 920 851 851
0 621 759 529 667 575 621 598 161 575 322 529 414 782 437 414 414 598 506 690 621 690 667 713 92 552 414 552 621 644 690 828 161 483 575 368 598 115 368 644 437 598 736 644 598 437 575 322 483 506 575 575 621 713 552 506 713 920 575 506 345 575 529 391 345 621 782 920 207 368 414 391 598 598 552 460 207 851 391 667 713 851 552 552 0 644 529 989 207 506 690 322 460 575 552 621 575 575 805 667 483
0 483 506 368 92 690 322 391 299 230 414 667 506 667 161 391 414 575 230 276 644 552 92 414 575 483 529 391 437 207 483 828 506 575 115 391 23 207 460 184 575 138 414 345 138 437 690 184 506 644 667 276 828 529 483 437 368 782 552 621 713 690 621 644 713 552 506 851 345 460 552 529 667 598 322 322 575 713 437 736 414 299 391 621 506 0 713 667 299 483 621 414 483 506 644 690 644 230 713 598 621
0 598 368 644 621 736 644 529 414 759 437 805 759 1081 667 483 529 667 414 529 621 690 621 736 437 46 736 644 897 736 575 644 506 759 598 759 552 575 644 644 598 621 736 805 667 391 345 437 690 414 575 575 920 828 46 529 897 920 506 828 667 828 644 437 690 621 276 1104 368 805 506 644 506 644 575 345 621 966 805 276 667 552 483 253 460 529 0 920 621 851 621 667 736 759 759 851 667 552 644 805 805
0 575 920 483 414 437 483 506 529 690 483 897 506 1058 368 529 575 713 253 391 736 782 414 575 529 713 690 230 161 345 690 391 598 575 437 368 506 506 598 460 575 437 575 621 345 368 667 391 552 667 736 414 897 736 598 552 828 805 483 782 644 621 667 506 575 621 529 943 552 690 414 552 736 598 161 805 644 46 713 851 230 529 506 713 437 759 828 0 598 759 690 414 460 736 644 644 552 391 874 759 713
0 460 690 368 506 437 575 621 391 621 253 759 230 598 253 506 345 690 437 506 460 529 506 667 391 851 230 506 414 460 667 874 483 299 529 437 598 414 598 575 299 529 690 621 414 483 391 161 667 805 391 529 621 575 713 414 782 874 598 322 644 621 391 483 644 598 621 713 437 184 644 690 851 575 437 736 506 759 575 621 644 690 621 851 322 805 828 943 0 322 759 138 529 736 345 460 805 575 644 897 782
0 437 874 345 483 598 759 552 598 598 368 874 345 1035 460 483 460 667 529 207 161 759 483 851 621 598 759 322 644 138 460 782 690 414 506 138 575 598 805 437 460 506 782 598 437 460 506 368 437 920 851 713 759 759 644 368 759 874 575 782 437 552 575 598 782 598 736 414 644 713 736 874 805 368 253 874 736 851 552 897 552 667 322 759 529 690 621 805 690 0 460 506 230 667 483 575 506 667 644 782 621
0 621 644 529 437 414 506 529 460 759 667 828 713 828 299 207 575 391 644 368 483 713 460 598 529 575 460 483 575 552 644 943 621 782 460 598 391 552 644 506 276 460 621 667 598 368 184 322 736 805 621 460 460 805 575 69 920 851 506 552 667 598 621 276 782 667 391 989 483 414 621 713 506 575 414 690 667 713 759 828 552 437 23 644 460 805 552 690 644 598 0 644 598 713 138 897 759 598 621 483 345
0 437 667 322 483 299 460 529 253 575 115 644 92 966 115 391 230 575 299 690 598 506 483 552 621 736 759 483 391 621 552 782 690 161 506 598 552 529 483 552 161 506 552 690 598 460 276 138 575 759 736 414 506 437 621 276 736 782 575 667 736 483 276 345 690 506 483 805 299 736 529 621 713 483 391 736 598 851 483 782 529 552 575 759 552 759 759 805 621 805 805 0 690 621 230 322 667 437 529 805 782
0 805 759 713 644 828 667 575 575 989 644 966 621 1196 644 874 736 1058 437 782 575 1035 644 759 828 575 966 851 897 713 897 989 828 690 667 943 575 690 805 736 690 690 575 897 644 851 759 644 1012 1104 920 621 1012 966 437 805 1127 989 897 1058 1127 575 782 851 874 713 736 1173 621 966 828 989 943 828 805 874 1012 1058 920 690 897 828 874 966 920 1104 1196 1035 782 1035 1035 529 0 690 736 851 989 598 414 943 1150
0 506 621 414 391 437 575 483 23 437 414 414 368 874 391 414 460 598 460 368 621 506 391 644 483 552 598 437 667 322 575 759 575 437 414 529 483 276 253 460 299 414 667 506 552 322 552 230 322 552 713 506 644 736 575 391 598 759 460 690 621 437 552 391 460 483 736 851 69 529 299 437 644 506 414 368 621 943 230 552 207 690 437 575 414 598 713 920 368 667 828 299 621 0 506 483 437 483 805 759 598
0 667 529 598 437 690 391 391 483 782 529 851 736 736 736 161 644 345 598 805 368 782 437 483 414 736 575 598 759 759 667 805 483 782 460 667 391 414 506 529 667 460 483 690 713 253 46 529 598 759 736 322 759 805 483 529 920 713 368 667 529 874 736 138 667 529 276 1058 506 644 506 644 736 575 759 690 529 644 690 736 667 874 483 598 322 667 713 621 506 828 851 644 460 828 0 759 621 598 575 667 552
0 667 920 575 644 805 782 851 851 828 368 897 345 920 713 644 483 828 552 644 851 759 644 874 874 1035 552 736 644 575 874 1035 943 414 667 851 759 759 920 736 667 690 851 897 851 713 529 391 805 713 690 736 805 759 943 529 989 1035 828 644 966 989 598 598 1081 736 736 1035 897 920 897 1035 805 805 667 1035 920 851 736 920 483 1150 736 897 782 1012 1012 1081 851 1035 1150 598 943 1058 483 0 1058 690 782 1058 1035
0 667 690 575 299 644 368 460 483 414 460 874 437 874 345 299 552 276 437 460 552 759 299 460 506 667 667 529 621 414 552 805 437 483 322 299 230 391 506 92 506 322 483 253 322 345 483 368 598 690 828 322 828 713 552 621 575 874 460 759 552 575 598 575 759 598 690 805 529 667 598 644 736 529 506 529 621 759 621 782 322 506 575 529 414 207 644 736 483 391 621 345 391 690 437 644 0 299 782 644 805
0 736 575 644 253 690 92 161 621 575 529 966 621 759 529 483 621 667 621 368 414 506 253 184 667 805 391 414 598 598 460 598 667 644 276 529 184 322 230 322 552 276 184 483 529 575 575 437 667 552 552 46 897 529 253 368 736 598 575 483 713 782 736 506 483 322 782 1035 506 575 621 759 437 391 414 483 644 483 575 506 552 621 483 391 644 667 828 460 414 644 644 529 621 598 713 828 759 0 690 368 713
0 529 575 437 253 414 253 161 368 575 230 736 207 920 230 483 322 667 46 529 575 621 230 345 598 851 552 460 506 644 621 598 667 276 276 529 184 345 391 322 276 276 368 483 575 437 368 230 667 713 506 207 598 552 253 391 713 575 506 644 713 598 368 460 483 299 322 897 414 621 552 690 621 552 506 460 713 644 575 506 552 667 529 552 506 713 874 621 437 621 644 115 621 644 345 437 713 184 0 529 759
0 529 805 483 460 483 552 391 391 690 483 782 460 943 253 575 506 759 345 368 46 667 460 644 690 483 805 115 529 322 368 805 621 529 483 230 391 575 621 529 345 483 667 690 230 575 621 276 552 437 598 506 690 874 483 437 851 690 690 690 851 667 690 713 690 529 621 943 437 782 644 805 552 299 414 690 782 736 713 713 759 575 391 851 621 874 920 920 667 851 552 667 345 621 575 690 759 483 598 0 713
0 690 598 598 598 598 644 529 368 782 529 759 621 506 391 529 621 713 598 667 782 805 598 759 253 759 138 414 322 621 805 736 322 690 552 529 529 322 598 322 644 552 828 483 529 391 805 414 690 667 299 690 644 598 621 690 943 782 506 230 552 759 736 552 506 506 874 1035 414 92 575 552 253 782 345 621 414 391 598 529 552 828 644 713 230 805 736 1081 414 644 851 529 621 506 759 828 736 644 897 805 0
